#Fermion code
#Is hermitian: 1
1   1 100
2   2 100
3   3 100
4   4 100
5   5 100
6   6 100
7   7 100
8   8 100
9   9 100
10   10 100
11   11 100
12   12 100

13   1 110
14   2 110
15   3 110
16   4 110
17   5 110
18   6 110
19   7 110
20   8 110
21   9 110
22   10 110
23   11 110
24   12 110

25   1 210
26   2 210
27   3 210
28   4 210
29   5 210
30   6 210
31   7 210
32   8 210
33   9 210
34   10 210
35   11 210
36   12 210

37   1 120
38   2 120
39   3 120
40   4 120
41   5 120
42   6 120
43   7 120
44   8 120
45   9 120
46   10 120
47   11 120
48   12 120

49   1 101
50   2 101
51   3 101
52   4 101
53   5 101
54   6 101
55   7 101
56   8 101
57   9 101
58   10 101
59   11 101
60   12 101

61   1 201
62   2 201
63   3 201
64   4 201
65   5 201
66   6 201
67   7 201
68   8 201
69   9 201
70   10 201
71   11 201
72   12 201

73   1 111
74   2 111
75   3 111
76   4 111
77   5 111
78   6 111
79   7 111
80   8 111
81   9 111
82   10 111
83   11 111
84   12 111

85   1 211
86   2 211
87   3 211
88   4 211
89   5 211
90   6 211
91   7 211
92   8 211
93   9 211
94   10 211
95   11 211
96   12 211

97   1 311
98   2 311
99   3 311
100   4 311
101   5 311
102   6 311
103   7 311
104   8 311
105   9 311
106   10 311
107   11 311
108   12 311

109   1 121
110   2 121
111   3 121
112   4 121
113   5 121
114   6 121
115   7 121
116   8 121
117   9 121
118   10 121
119   11 121
120   12 121

121   1 221
122   2 221
123   3 221
124   4 221
125   5 221
126   6 221
127   7 221
128   8 221
129   9 221
130   10 221
131   11 221
132   12 221

133   1 131
134   2 131
135   3 131
136   4 131
137   5 131
138   6 131
139   7 131
140   8 131
141   9 131
142   10 131
143   11 131
144   12 131

145   1 331
146   2 331
147   3 331
148   4 331
149   5 331
150   6 331
151   7 331
152   8 331
153   9 331
154   10 331
155   11 331
156   12 331

157   1 102
158   2 102
159   3 102
160   4 102
161   5 102
162   6 102
163   7 102
164   8 102
165   9 102
166   10 102
167   11 102
168   12 102

169   1 112
170   2 112
171   3 112
172   4 112
173   5 112
174   6 112
175   7 112
176   8 112
177   9 112
178   10 112
179   11 112
180   12 112

181   1 212
182   2 212
183   3 212
184   4 212
185   5 212
186   6 212
187   7 212
188   8 212
189   9 212
190   10 212
191   11 212
192   12 212

193   1 122
194   2 122
195   3 122
196   4 122
197   5 122
198   6 122
199   7 122
200   8 122
201   9 122
202   10 122
203   11 122
204   12 122

#204 operators generated.
#17 operators generated excluding translational symmetry
1   1 100
2   1 110
3   1 210
4   1 120
5   1 101
6   1 201
7   1 111
8   1 211
9   1 311
10   1 121
11   1 221
12   1 131
13   1 331
14   1 102
15   1 112
16   1 212
17   1 122

#Correlation matrix eigenvalues: 
-8.3446913141536392e-17
-4.6032229495810821e-18
2.3883512022193818e-19
1.3192284393751354e-18
3.3581635134299861e-18
3.0048593842373273e-17
9.2069583047332785e-17
7.4650581454031514e-05
0.00059523413449605648
0.00080795398178210888
0.0012604293102774218
0.0014522443008336324
0.012233399427568386
0.022814313379013011
0.055062939782602731
0.077483201000193444
0.21429623735837389

#10 eigenvectors corresponding to largest eigenvalues: 
1    1.8827e-14    -8.378e-15    2.6905e-14    -1.063e-13    0.37838    6.5835e-16    1.0817e-15    -3.7055e-16    0.23697    -0.36607    
2    0.72373    2.3545e-17    -5.9293e-16    -0.69008    -1.8234e-13    1.6275e-14    -2.4205e-15    9.1946e-14    -6.4196e-14    7.4538e-15    
3    1.3188e-14    -9.9628e-15    1.4796e-14    -9.8523e-14    0.37838    -0.053475    -0.31167    3.6436e-17    0.23697    -0.36607    
4    2.4462e-14    -6.7933e-15    3.9028e-14    -1.14e-13    0.37838    0.053475    0.31167    -7.6365e-16    0.23697    -0.36607    
5    8.7035e-17    -2.0621e-15    0.57735    -6.9806e-16    -3.8096e-14    8.6235e-15    1.3189e-15    4.2944e-14    -1.0147e-16    6.3342e-15    
6    -1.5439e-15    -6.334e-15    4.4566e-15    -3.4492e-14    0.33269    0.44077    -0.075625    5.903e-16    -0.27639    0.16496    
7    -4.7801e-14    -2.6267e-15    -7.4367e-14    8.3107e-14    3.8044e-17    -6.6649e-17    1.3504e-15    1    1.5509e-15    4.3508e-17    
8    1.1238e-16    -0.70711    0.57735    -1.7748e-16    -5.2738e-14    7.0607e-15    1.9121e-15    4.1075e-14    -5.6807e-16    2.129e-15    
9    -6.7085e-15    1.0889e-15    6.5837e-15    3.7674e-14    -0.02322    -0.053475    -0.31167    1.2198e-15    -0.49006    -0.34124    
10    0.69008    -1.1417e-17    4.1827e-16    0.72373    1.3937e-13    -8.6448e-15    2.1301e-15    -2.716e-14    4.1759e-14    -3.4983e-15    
11    1.0298e-14    -6.9335e-15    2.9463e-14    -5.8761e-14    0.33269    0.3873    -0.3873    9.1448e-16    -0.27639    0.16496    
12    -2.9642e-15    2.8591e-16    -8.4264e-15    7.9021e-15    -3.2876e-17    0.54772    0.54772    -7.0425e-16    -3.0265e-15    1.3642e-15    
13    -1.1502e-14    2.5466e-16    -8.7772e-15    4.5127e-14    -0.02322    0.053475    0.31167    3.1652e-16    -0.49006    -0.34124    
14    1.0951e-14    -4.9245e-15    3.0264e-14    -5.8495e-14    0.33269    -0.44077    0.075625    2.8977e-16    -0.27639    0.16496    
15    2.6672e-16    0.70711    0.57735    -4.0758e-16    -2.3575e-14    6.4462e-15    1.279e-15    4.479e-14    5.0044e-16    3.9315e-16    
16    1.3796e-14    -6.1994e-15    1.8446e-14    -8.816e-14    0.35591    3.8858e-16    1.0408e-15    -3.837e-16    0.21368    0.5062    
17    7.7164e-15    -8.4511e-15    2.2683e-14    -6.6985e-14    0.33269    -0.3873    0.3873    -1.4288e-16    -0.27639    0.16496    
#Execution time: 1749.3 s
