#Fermion code
#Is hermitian: 1
1   1 100
2   2 100
3   3 100
4   4 100
5   5 100
6   6 100
7   7 100
8   8 100
9   9 100
10   10 100
11   11 100
12   12 100
13   13 100
14   14 100

15   1 110
16   2 110
17   3 110
18   4 110
19   5 110
20   6 110
21   7 110
22   8 110
23   9 110
24   10 110
25   11 110
26   12 110
27   13 110
28   14 110

29   1 210
30   2 210
31   3 210
32   4 210
33   5 210
34   6 210
35   7 210
36   8 210
37   9 210
38   10 210
39   11 210
40   12 210
41   13 210
42   14 210

43   1 120
44   2 120
45   3 120
46   4 120
47   5 120
48   6 120
49   7 120
50   8 120
51   9 120
52   10 120
53   11 120
54   12 120
55   13 120
56   14 120

57   1 101
58   2 101
59   3 101
60   4 101
61   5 101
62   6 101
63   7 101
64   8 101
65   9 101
66   10 101
67   11 101
68   12 101
69   13 101
70   14 101

71   1 201
72   2 201
73   3 201
74   4 201
75   5 201
76   6 201
77   7 201
78   8 201
79   9 201
80   10 201
81   11 201
82   12 201
83   13 201
84   14 201

85   1 111
86   2 111
87   3 111
88   4 111
89   5 111
90   6 111
91   7 111
92   8 111
93   9 111
94   10 111
95   11 111
96   12 111
97   13 111
98   14 111

99   1 211
100   2 211
101   3 211
102   4 211
103   5 211
104   6 211
105   7 211
106   8 211
107   9 211
108   10 211
109   11 211
110   12 211
111   13 211
112   14 211

113   1 311
114   2 311
115   3 311
116   4 311
117   5 311
118   6 311
119   7 311
120   8 311
121   9 311
122   10 311
123   11 311
124   12 311
125   13 311
126   14 311

127   1 121
128   2 121
129   3 121
130   4 121
131   5 121
132   6 121
133   7 121
134   8 121
135   9 121
136   10 121
137   11 121
138   12 121
139   13 121
140   14 121

141   1 221
142   2 221
143   3 221
144   4 221
145   5 221
146   6 221
147   7 221
148   8 221
149   9 221
150   10 221
151   11 221
152   12 221
153   13 221
154   14 221

155   1 131
156   2 131
157   3 131
158   4 131
159   5 131
160   6 131
161   7 131
162   8 131
163   9 131
164   10 131
165   11 131
166   12 131
167   13 131
168   14 131

169   1 331
170   2 331
171   3 331
172   4 331
173   5 331
174   6 331
175   7 331
176   8 331
177   9 331
178   10 331
179   11 331
180   12 331
181   13 331
182   14 331

183   1 102
184   2 102
185   3 102
186   4 102
187   5 102
188   6 102
189   7 102
190   8 102
191   9 102
192   10 102
193   11 102
194   12 102
195   13 102
196   14 102

197   1 112
198   2 112
199   3 112
200   4 112
201   5 112
202   6 112
203   7 112
204   8 112
205   9 112
206   10 112
207   11 112
208   12 112
209   13 112
210   14 112

211   1 212
212   2 212
213   3 212
214   4 212
215   5 212
216   6 212
217   7 212
218   8 212
219   9 212
220   10 212
221   11 212
222   12 212
223   13 212
224   14 212

225   1 122
226   2 122
227   3 122
228   4 122
229   5 122
230   6 122
231   7 122
232   8 122
233   9 122
234   10 122
235   11 122
236   12 122
237   13 122
238   14 122

#238 operators generated.
#17 operators generated excluding translational symmetry
1   1 100
2   1 110
3   1 210
4   1 120
5   1 101
6   1 201
7   1 111
8   1 211
9   1 311
10   1 121
11   1 221
12   1 131
13   1 331
14   1 102
15   1 112
16   1 212
17   1 122

#Correlation matrix eigenvalues: 
-7.0593191367822061e-18
-6.0415885927141324e-18
-1.5394800156379895e-18
-2.1527382521997103e-19
2.6861222383506183e-19
5.5967141278090369e-19
5.8195507172630852e-18
4.9247335862503356e-06
3.3751319756933668e-05
3.6470666548179906e-05
8.8148604967593379e-05
0.0001157225322838646
0.00045212153541895287
0.00088804524020334686
0.010862486262141868
0.052503551146249328
0.06982567103517423

#10 eigenvectors corresponding to largest eigenvalues: 
1    -3.4747e-15    -8.719e-16    1.5655e-15    -3.6847e-17    2.0466e-16    2.584e-14    0.097073    -0.13826    3.08e-13    0.16437    
2    -1    -1.6814e-14    9.4005e-16    1.1568e-15    3.888e-17    4.0226e-15    -2.8556e-14    -2.1162e-16    -1.2388e-16    3.2216e-15    
3    3.7226e-15    -4.2702e-15    7.8108e-15    -5.573e-17    1.1996e-16    0.39569    0.19415    -0.27651    -0.066662    0.32874    
4    1.7684e-14    -7.7958e-16    1.6665e-15    -5.0586e-17    3.0747e-16    0.39569    -0.19415    0.27651    -0.066662    -0.32874    
5    1.35e-14    -0.8176    -0.57579    2.0637e-15    6.1574e-16    1.831e-14    4.9365e-15    -1.0191e-14    1.7538e-14    -5.7826e-15    
6    4.3096e-15    6.2821e-15    -1.1754e-15    1.4648e-17    -1.179e-15    -0.15191    -0.12882    -0.52533    -0.13892    0.1412    
7    -1.1568e-15    -2.7759e-15    3.5749e-16    -1    3.7415e-15    -1.0729e-16    1.7059e-17    -7.7988e-18    2.5363e-17    -4.9052e-17    
8    7.5318e-15    -0.40715    0.57813    1.3866e-15    -6.6566e-16    -7.3692e-15    -3.8712e-16    -1.112e-14    -8.3012e-15    1.9782e-13    
9    -2.0641e-14    -1.9793e-15    -1.0596e-14    1.6374e-17    -7.8973e-16    -0.060022    0.45026    0.072435    -0.48341    -0.20499    
10    3.8434e-17    5.7364e-16    -6.1745e-17    3.6839e-15    1    -1.3982e-15    3.3104e-15    6.2255e-16    -1.5235e-15    1.6081e-15    
11    1.3527e-14    -1.8221e-15    -2.7379e-14    6.1108e-17    2.0443e-15    -0.5476    -0.42004    -0.11056    -0.072254    -0.35191    
12    -4.8708e-15    4.4689e-15    8.4365e-15    3.8544e-17    1.5598e-15    -0.18377    3.7753e-14    1.4183e-12    0.68899    2.3329e-14    
13    -1.0147e-14    5.4617e-16    1.7993e-14    2.4216e-17    -3.4352e-16    0.060022    0.45026    0.072435    0.48341    -0.20499    
14    5.9691e-15    7.7665e-15    -3.3656e-15    -2.1858e-17    1.2126e-15    0.15191    -0.12882    -0.52533    0.13892    0.1412    
15    7.3436e-15    -0.40715    0.57813    1.2871e-15    8.3703e-16    -1.4778e-14    -1.6507e-14    -5.9751e-15    -1.1628e-14    -2.1706e-13    
16    -9.9645e-15    1.537e-14    -1.8341e-15    3.7149e-17    -5.6644e-16    9.0816e-14    0.35166    -0.49101    1.0245e-12    -0.62068    
17    2.4831e-15    1.3401e-14    8.824e-15    -3.5785e-17    4.0996e-15    0.5476    -0.42004    -0.11056    0.072254    -0.35191    
#Execution time: 88467 s
