#Fermion code
#Is hermitian: 1
1   1 100
2   2 100
3   3 100
4   4 100
5   5 100
6   6 100
7   7 100
8   8 100
9   9 100
10   10 100
11   11 100
12   12 100
13   13 100
14   14 100

15   1 110
16   2 110
17   3 110
18   4 110
19   5 110
20   6 110
21   7 110
22   8 110
23   9 110
24   10 110
25   11 110
26   12 110
27   13 110
28   14 110

29   1 210
30   2 210
31   3 210
32   4 210
33   5 210
34   6 210
35   7 210
36   8 210
37   9 210
38   10 210
39   11 210
40   12 210
41   13 210
42   14 210

43   1 120
44   2 120
45   3 120
46   4 120
47   5 120
48   6 120
49   7 120
50   8 120
51   9 120
52   10 120
53   11 120
54   12 120
55   13 120
56   14 120

57   1 101
58   2 101
59   3 101
60   4 101
61   5 101
62   6 101
63   7 101
64   8 101
65   9 101
66   10 101
67   11 101
68   12 101
69   13 101
70   14 101

71   1 201
72   2 201
73   3 201
74   4 201
75   5 201
76   6 201
77   7 201
78   8 201
79   9 201
80   10 201
81   11 201
82   12 201
83   13 201
84   14 201

85   1 111
86   2 111
87   3 111
88   4 111
89   5 111
90   6 111
91   7 111
92   8 111
93   9 111
94   10 111
95   11 111
96   12 111
97   13 111
98   14 111

99   1 211
100   2 211
101   3 211
102   4 211
103   5 211
104   6 211
105   7 211
106   8 211
107   9 211
108   10 211
109   11 211
110   12 211
111   13 211
112   14 211

113   1 311
114   2 311
115   3 311
116   4 311
117   5 311
118   6 311
119   7 311
120   8 311
121   9 311
122   10 311
123   11 311
124   12 311
125   13 311
126   14 311

127   1 121
128   2 121
129   3 121
130   4 121
131   5 121
132   6 121
133   7 121
134   8 121
135   9 121
136   10 121
137   11 121
138   12 121
139   13 121
140   14 121

141   1 221
142   2 221
143   3 221
144   4 221
145   5 221
146   6 221
147   7 221
148   8 221
149   9 221
150   10 221
151   11 221
152   12 221
153   13 221
154   14 221

155   1 131
156   2 131
157   3 131
158   4 131
159   5 131
160   6 131
161   7 131
162   8 131
163   9 131
164   10 131
165   11 131
166   12 131
167   13 131
168   14 131

169   1 331
170   2 331
171   3 331
172   4 331
173   5 331
174   6 331
175   7 331
176   8 331
177   9 331
178   10 331
179   11 331
180   12 331
181   13 331
182   14 331

183   1 102
184   2 102
185   3 102
186   4 102
187   5 102
188   6 102
189   7 102
190   8 102
191   9 102
192   10 102
193   11 102
194   12 102
195   13 102
196   14 102

197   1 112
198   2 112
199   3 112
200   4 112
201   5 112
202   6 112
203   7 112
204   8 112
205   9 112
206   10 112
207   11 112
208   12 112
209   13 112
210   14 112

211   1 212
212   2 212
213   3 212
214   4 212
215   5 212
216   6 212
217   7 212
218   8 212
219   9 212
220   10 212
221   11 212
222   12 212
223   13 212
224   14 212

225   1 122
226   2 122
227   3 122
228   4 122
229   5 122
230   6 122
231   7 122
232   8 122
233   9 122
234   10 122
235   11 122
236   12 122
237   13 122
238   14 122

#238 operators generated.
#17 operators generated excluding translational symmetry
1   1 100
2   1 110
3   1 210
4   1 120
5   1 101
6   1 201
7   1 111
8   1 211
9   1 311
10   1 121
11   1 221
12   1 131
13   1 331
14   1 102
15   1 112
16   1 212
17   1 122

#Correlation matrix eigenvalues: 
-5.7843788548972387e-18
-3.6206719464362735e-19
3.2134176963925394e-19
2.3038677293337711e-18
1.8780033918751976e-17
2.8571702765685737e-17
3.5110343422991682e-17
1.3384198296656802e-05
0.00012582770453664147
0.00015427281052281098
0.00028473723993409502
0.00031768767889708653
0.0035146537627511417
0.011831771845591239
0.047231609552322446
0.054225281461841635
0.17580902981631621

#10 eigenvectors corresponding to largest eigenvalues: 
1    3.6062e-13    1.5035e-12    2.8625e-12    -4.8654e-12    -0.37676    -1.0471e-14    -1.8008e-14    9.0659e-16    0.23418    -0.36952    
2    -0.72334    1.0609e-15    4.676e-16    -0.69049    5.8622e-12    -4.488e-13    -6.4732e-13    1.8855e-11    -3.8318e-12    -1.9928e-14    
3    -1.2305e-13    1.5326e-12    1.3287e-12    -5.3107e-12    -0.37676    -0.043445    -0.31323    9.3984e-16    0.23418    -0.36952    
4    8.4428e-13    1.4745e-12    4.3961e-12    -4.42e-12    -0.37676    0.043445    0.31323    1.1231e-15    0.23418    -0.36952    
5    -5.6803e-16    -7.4391e-15    -0.57735    3.7274e-16    -4.65e-12    -6.0214e-13    -8.5994e-13    1.5007e-11    -4.037e-13    2.3639e-13    
6    1.6785e-13    1.2232e-12    1.2801e-12    -2.3379e-12    -0.33335    0.44297    -0.061441    -1.2431e-15    -0.27535    0.16537    
7    8.8959e-12    -9.6762e-13    2.5992e-11    1.7987e-11    -7.0991e-18    3.1518e-16    -3.4631e-16    1    -4.2234e-15    1.0494e-17    
8    -8.7206e-16    -0.70711    -0.57735    -6.2868e-16    -7.3823e-12    -5.8849e-13    -8.4085e-13    1.4322e-11    -2.3034e-13    -8.0331e-14    
9    7.4171e-13    -2.5227e-13    1.4955e-12    3.0803e-12    0.025021    -0.043445    -0.31323    -2.2085e-15    -0.49247    -0.33762    
10    -0.69049    -4.0338e-16    8.6503e-16    0.72334    -8.1614e-12    -3.9092e-15    5.1122e-15    -6.8685e-12    3.0015e-12    2.5503e-14    
11    1.0772e-12    1.2474e-12    4.2686e-12    -1.753e-12    -0.33335    0.39953    -0.37467    -1.487e-15    -0.27535    0.16537    
12    -4.3627e-13    2.6476e-14    -1.395e-12    -4.1739e-13    -9.1662e-18    0.52986    0.56502    -3.707e-17    6.4904e-14    2.4762e-13    
13    -1.2898e-13    -1.9991e-13    -1.2834e-12    2.2564e-12    0.025021    0.043445    0.31323    -1.9166e-15    -0.49247    -0.33762    
14    1.1361e-12    1.1642e-12    4.3587e-12    -1.4369e-12    -0.33335    -0.44297    0.061441    -1.0236e-15    -0.27535    0.16537    
15    -1.6243e-16    0.70711    -0.57735    7.7818e-16    -1.9177e-12    -6.162e-13    -8.8156e-13    1.5691e-11    -5.5399e-13    -1.0312e-13    
16    3.4568e-13    1.42e-12    2.7133e-12    -4.5558e-12    -0.35837    -6.8417e-15    -9.6867e-15    9.3711e-16    0.21712    0.50299    
17    2.5513e-13    1.2988e-12    1.647e-12    -2.5296e-12    -0.33335    -0.39953    0.37467    -9.4427e-16    -0.27535    0.16537    
#Execution time: 85903 s
