#Fermion code
#Is hermitian: 1
1   1 100
2   2 100
3   3 100
4   4 100
5   5 100
6   6 100
7   7 100
8   8 100
9   9 100
10   10 100
11   11 100
12   12 100

13   1 110
14   2 110
15   3 110
16   4 110
17   5 110
18   6 110
19   7 110
20   8 110
21   9 110
22   10 110
23   11 110
24   12 110

25   1 210
26   2 210
27   3 210
28   4 210
29   5 210
30   6 210
31   7 210
32   8 210
33   9 210
34   10 210
35   11 210
36   12 210

37   1 120
38   2 120
39   3 120
40   4 120
41   5 120
42   6 120
43   7 120
44   8 120
45   9 120
46   10 120
47   11 120
48   12 120

49   1 101
50   2 101
51   3 101
52   4 101
53   5 101
54   6 101
55   7 101
56   8 101
57   9 101
58   10 101
59   11 101
60   12 101

61   1 201
62   2 201
63   3 201
64   4 201
65   5 201
66   6 201
67   7 201
68   8 201
69   9 201
70   10 201
71   11 201
72   12 201

73   1 111
74   2 111
75   3 111
76   4 111
77   5 111
78   6 111
79   7 111
80   8 111
81   9 111
82   10 111
83   11 111
84   12 111

85   1 211
86   2 211
87   3 211
88   4 211
89   5 211
90   6 211
91   7 211
92   8 211
93   9 211
94   10 211
95   11 211
96   12 211

97   1 311
98   2 311
99   3 311
100   4 311
101   5 311
102   6 311
103   7 311
104   8 311
105   9 311
106   10 311
107   11 311
108   12 311

109   1 121
110   2 121
111   3 121
112   4 121
113   5 121
114   6 121
115   7 121
116   8 121
117   9 121
118   10 121
119   11 121
120   12 121

121   1 221
122   2 221
123   3 221
124   4 221
125   5 221
126   6 221
127   7 221
128   8 221
129   9 221
130   10 221
131   11 221
132   12 221

133   1 131
134   2 131
135   3 131
136   4 131
137   5 131
138   6 131
139   7 131
140   8 131
141   9 131
142   10 131
143   11 131
144   12 131

145   1 331
146   2 331
147   3 331
148   4 331
149   5 331
150   6 331
151   7 331
152   8 331
153   9 331
154   10 331
155   11 331
156   12 331

157   1 102
158   2 102
159   3 102
160   4 102
161   5 102
162   6 102
163   7 102
164   8 102
165   9 102
166   10 102
167   11 102
168   12 102

169   1 112
170   2 112
171   3 112
172   4 112
173   5 112
174   6 112
175   7 112
176   8 112
177   9 112
178   10 112
179   11 112
180   12 112

181   1 212
182   2 212
183   3 212
184   4 212
185   5 212
186   6 212
187   7 212
188   8 212
189   9 212
190   10 212
191   11 212
192   12 212

193   1 122
194   2 122
195   3 122
196   4 122
197   5 122
198   6 122
199   7 122
200   8 122
201   9 122
202   10 122
203   11 122
204   12 122

#204 operators generated.
#17 operators generated excluding translational symmetry
1   1 100
2   1 110
3   1 210
4   1 120
5   1 101
6   1 201
7   1 111
8   1 211
9   1 311
10   1 121
11   1 221
12   1 131
13   1 331
14   1 102
15   1 112
16   1 212
17   1 122

#Correlation matrix eigenvalues: 
-1.6339681098290033e-17
-2.9621330040220839e-18
-2.8933438124137162e-19
2.0004052498808418e-18
3.7467297819183538e-18
1.6283116955081732e-17
7.6281279878272718e-17
7.4650581454074381e-05
0.00059523413449611253
0.00080795398178210953
0.0012604293102774268
0.0014522443008336552
0.012233399427568412
0.022814313379012983
0.055062939782602578
0.077483201000193069
0.21429623735837539

#10 eigenvectors corresponding to largest eigenvalues: 
1    2.2983e-13    -6.6921e-14    8.6965e-13    -3.3931e-13    0.37838    1.5207e-15    4.3674e-15    1.5529e-15    -0.23697    0.36607    
2    0.72373    -6.5819e-16    -2.259e-16    -0.69008    -1.0495e-12    5.6495e-14    1.039e-13    4.702e-13    3.3945e-14    1.2444e-14    
3    -2.1117e-13    7.6815e-14    -8.0508e-13    3.351e-13    -0.37838    0.053475    0.31167    -1.5641e-15    0.23697    -0.36607    
4    -2.4845e-13    5.7026e-14    -9.3431e-13    3.4381e-13    -0.37838    -0.053475    -0.31167    -1.5e-15    0.23697    -0.36607    
5    1.6339e-16    -9.7115e-16    0.57735    1.0115e-16    -1.2393e-12    -1.0262e-14    -1.8438e-14    3.0292e-13    1.252e-13    -1.7657e-14    
6    -1.5513e-13    4.7952e-14    -5.7674e-13    2.7625e-13    -0.33269    -0.44077    0.075625    1.3938e-15    -0.27639    0.16496    
7    -3.4733e-13    -9.8519e-14    -5.2438e-13    3.171e-13    -2.8652e-16    -1.631e-16    -7.6815e-16    1    5.8132e-15    -1.3476e-16    
8    4.3832e-17    0.70711    -0.57735    -5.57e-16    1.3494e-12    1.1829e-14    1.9371e-14    -2.33e-13    -1.4573e-13    7.7818e-15    
9    1.9657e-15    -1.9905e-14    1.6619e-13    3.4539e-14    0.02322    0.053475    0.31167    2.9345e-15    -0.49006    -0.34124    
10    -0.69008    -2.2297e-16    1.8107e-16    -0.72373    -2.4993e-13    2.1298e-14    4.6787e-14    -1.0186e-14    -1.6814e-14    9.7048e-15    
11    2.1674e-13    -4.4184e-14    7.3486e-13    -3.2839e-13    0.33269    0.3873    -0.3873    -2.0723e-15    0.27639    -0.16496    
12    3.7789e-14    2.3939e-15    -2.6911e-14    -8.7851e-14    2.6259e-17    -0.54772    -0.54772    -6.1239e-16    -1.321e-14    3.5763e-14    
13    6.6887e-14    -1.2466e-14    1.603e-13    -9.7209e-14    0.02322    -0.053475    -0.31167    2.4263e-15    -0.49006    -0.34124    
14    -2.0313e-13    3.0563e-14    -6.5836e-13    3.2785e-13    -0.33269    0.44077    -0.075625    1.6516e-15    -0.27639    0.16496    
15    -3.6039e-16    -0.70711    -0.57735    3.8211e-16    1.1292e-12    6.4787e-15    1.8654e-14    -3.7233e-13    -1.0901e-13    5.6722e-16    
16    2.1355e-13    -5.5373e-14    7.809e-13    -3.334e-13    0.35591    1.2282e-15    5.0029e-15    1.5331e-15    -0.21368    -0.5062    
17    1.7235e-13    -5.5506e-14    6.563e-13    -2.6896e-13    0.33269    -0.3873    0.3873    -1.2675e-15    0.27639    -0.16496    
#Execution time: 1536.3 s
