#Fermion code
#Is hermitian: 1
1   1 100
2   2 100
3   3 100
4   4 100
5   5 100
6   6 100
7   7 100
8   8 100
9   9 100
10   10 100
11   11 100
12   12 100
13   13 100

14   1 110
15   2 110
16   3 110
17   4 110
18   5 110
19   6 110
20   7 110
21   8 110
22   9 110
23   10 110
24   11 110
25   12 110
26   13 110

27   1 210
28   2 210
29   3 210
30   4 210
31   5 210
32   6 210
33   7 210
34   8 210
35   9 210
36   10 210
37   11 210
38   12 210
39   13 210

40   1 120
41   2 120
42   3 120
43   4 120
44   5 120
45   6 120
46   7 120
47   8 120
48   9 120
49   10 120
50   11 120
51   12 120
52   13 120

53   1 101
54   2 101
55   3 101
56   4 101
57   5 101
58   6 101
59   7 101
60   8 101
61   9 101
62   10 101
63   11 101
64   12 101
65   13 101

66   1 201
67   2 201
68   3 201
69   4 201
70   5 201
71   6 201
72   7 201
73   8 201
74   9 201
75   10 201
76   11 201
77   12 201
78   13 201

79   1 111
80   2 111
81   3 111
82   4 111
83   5 111
84   6 111
85   7 111
86   8 111
87   9 111
88   10 111
89   11 111
90   12 111
91   13 111

92   1 211
93   2 211
94   3 211
95   4 211
96   5 211
97   6 211
98   7 211
99   8 211
100   9 211
101   10 211
102   11 211
103   12 211
104   13 211

105   1 311
106   2 311
107   3 311
108   4 311
109   5 311
110   6 311
111   7 311
112   8 311
113   9 311
114   10 311
115   11 311
116   12 311
117   13 311

118   1 121
119   2 121
120   3 121
121   4 121
122   5 121
123   6 121
124   7 121
125   8 121
126   9 121
127   10 121
128   11 121
129   12 121
130   13 121

131   1 221
132   2 221
133   3 221
134   4 221
135   5 221
136   6 221
137   7 221
138   8 221
139   9 221
140   10 221
141   11 221
142   12 221
143   13 221

144   1 131
145   2 131
146   3 131
147   4 131
148   5 131
149   6 131
150   7 131
151   8 131
152   9 131
153   10 131
154   11 131
155   12 131
156   13 131

157   1 331
158   2 331
159   3 331
160   4 331
161   5 331
162   6 331
163   7 331
164   8 331
165   9 331
166   10 331
167   11 331
168   12 331
169   13 331

170   1 102
171   2 102
172   3 102
173   4 102
174   5 102
175   6 102
176   7 102
177   8 102
178   9 102
179   10 102
180   11 102
181   12 102
182   13 102

183   1 112
184   2 112
185   3 112
186   4 112
187   5 112
188   6 112
189   7 112
190   8 112
191   9 112
192   10 112
193   11 112
194   12 112
195   13 112

196   1 212
197   2 212
198   3 212
199   4 212
200   5 212
201   6 212
202   7 212
203   8 212
204   9 212
205   10 212
206   11 212
207   12 212
208   13 212

209   1 122
210   2 122
211   3 122
212   4 122
213   5 122
214   6 122
215   7 122
216   8 122
217   9 122
218   10 122
219   11 122
220   12 122
221   13 122

#221 operators generated.
#17 operators generated excluding translational symmetry
1   1 100
2   1 110
3   1 210
4   1 120
5   1 101
6   1 201
7   1 111
8   1 211
9   1 311
10   1 121
11   1 221
12   1 131
13   1 331
14   1 102
15   1 112
16   1 212
17   1 122

#Correlation matrix eigenvalues: 
-5.5550641008015213e-18
-3.8472559903068973e-18
-8.3839266446220493e-19
9.1954437190183826e-19
1.4125130401502028e-18
1.1271462343518532e-17
3.2999457157789957e-17
1.7536166038237855e-06
2.3786010986336087e-05
2.8087093828805698e-05
0.0001341294181633837
0.00019860999718553787
0.0041090830757598285
0.014767466211680924
0.051951419623647258
0.063210354384923326
0.19100612298329034

#10 eigenvectors corresponding to largest eigenvalues: 
1    3.0503e-14    -7.4182e-15    -9.5282e-14    -2.379e-14    0.3752    1.3646e-16    -3.2977e-16    -0.23198    2.0567e-13    -4.9117e-13    
2    -0.72432    1.336e-15    0.014754    0.68931    9.0476e-14    5.9422e-16    2.3738e-14    -1.0539e-14    2.0929e-15    1.1102e-15    
3    -3.6435e-14    -1.1009e-14    1.0549e-13    1.779e-14    -0.3752    0.27394    1.9783e-16    0.23198    -0.35715    0.21773    
4    -2.4536e-14    2.5845e-14    8.5233e-14    2.9898e-14    -0.3752    -0.27394    1.5987e-16    0.23198    0.35715    -0.21773    
5    -0.0071628    9.3627e-16    0.57696    -0.019876    1.3824e-13    -3.0771e-15    4.1417e-14    -6.5157e-15    7.1808e-14    1.4952e-13    
6    -2.6191e-14    -1.2916e-14    7.7897e-14    5.8838e-16    -0.32822    0.27394    -5.2792e-16    -0.30498    -0.35715    0.21773    
7    1.3278e-14    1.75e-14    -7.2391e-14    -1.8937e-14    -1.0486e-16    -9.873e-17    1    -3.0813e-16    -1.2669e-15    -1.8149e-15    
8    0.0071628    0.70711    -0.57696    0.019876    -1.2109e-13    3.1122e-14    -5.3893e-14    3.7137e-15    5.9026e-15    8.9816e-14    
9    1.2475e-14    -1.3412e-14    -1.949e-14    1.5747e-15    0.043001    0.24446    1.087e-15    -0.49147    0.39589    0.34182    
10    0.68935    2.8689e-16    0.033487    0.72365    -1.1365e-14    2.0712e-15    6.9755e-15    4.7156e-16    -1.4108e-14    5.8372e-16    
11    2.2637e-14    -8.4286e-15    -7.8065e-14    -2.1805e-14    0.3322    0.51017    -8.8887e-16    0.25949    0.098985    -0.47951    
12    -2.3875e-15    7.8363e-15    6.1164e-15    -7.8001e-16    1.388e-17    -0.24446    -1.1106e-15    -1.4979e-13    -0.39589    -0.34182    
13    1.6933e-15    1.2947e-14    -2.5665e-15    -6.2849e-15    0.043001    -0.24446    -1.2355e-15    -0.49147    -0.39589    -0.34182    
14    -2.0706e-14    3.5068e-14    6.2164e-14    5.528e-15    -0.32822    -0.27394    -3.6792e-16    -0.30498    0.35715    -0.21773    
15    0.0071628    -0.70711    -0.57696    0.019876    -1.554e-13    -1.6167e-14    -2.9146e-14    -3.897e-16    2.9198e-14    4.9287e-14    
16    3.0342e-14    -1.1151e-14    -8.1044e-14    -6.0956e-15    0.37122    5.5511e-16    5.443e-16    -0.18649    2.3433e-13    4.3354e-13    
17    2.178e-14    -5.0418e-15    -9.0291e-14    -2.2155e-14    0.3322    -0.51017    5.0621e-16    0.25949    -0.098985    0.47951    
#Execution time: 10771 s
