#Fermion code
#Is hermitian: 1
1   1 100
2   2 100
3   3 100
4   4 100
5   5 100
6   6 100
7   7 100
8   8 100
9   9 100
10   10 100
11   11 100
12   12 100
13   13 100

14   1 110
15   2 110
16   3 110
17   4 110
18   5 110
19   6 110
20   7 110
21   8 110
22   9 110
23   10 110
24   11 110
25   12 110
26   13 110

27   1 210
28   2 210
29   3 210
30   4 210
31   5 210
32   6 210
33   7 210
34   8 210
35   9 210
36   10 210
37   11 210
38   12 210
39   13 210

40   1 120
41   2 120
42   3 120
43   4 120
44   5 120
45   6 120
46   7 120
47   8 120
48   9 120
49   10 120
50   11 120
51   12 120
52   13 120

53   1 101
54   2 101
55   3 101
56   4 101
57   5 101
58   6 101
59   7 101
60   8 101
61   9 101
62   10 101
63   11 101
64   12 101
65   13 101

66   1 201
67   2 201
68   3 201
69   4 201
70   5 201
71   6 201
72   7 201
73   8 201
74   9 201
75   10 201
76   11 201
77   12 201
78   13 201

79   1 111
80   2 111
81   3 111
82   4 111
83   5 111
84   6 111
85   7 111
86   8 111
87   9 111
88   10 111
89   11 111
90   12 111
91   13 111

92   1 211
93   2 211
94   3 211
95   4 211
96   5 211
97   6 211
98   7 211
99   8 211
100   9 211
101   10 211
102   11 211
103   12 211
104   13 211

105   1 311
106   2 311
107   3 311
108   4 311
109   5 311
110   6 311
111   7 311
112   8 311
113   9 311
114   10 311
115   11 311
116   12 311
117   13 311

118   1 121
119   2 121
120   3 121
121   4 121
122   5 121
123   6 121
124   7 121
125   8 121
126   9 121
127   10 121
128   11 121
129   12 121
130   13 121

131   1 221
132   2 221
133   3 221
134   4 221
135   5 221
136   6 221
137   7 221
138   8 221
139   9 221
140   10 221
141   11 221
142   12 221
143   13 221

144   1 131
145   2 131
146   3 131
147   4 131
148   5 131
149   6 131
150   7 131
151   8 131
152   9 131
153   10 131
154   11 131
155   12 131
156   13 131

157   1 331
158   2 331
159   3 331
160   4 331
161   5 331
162   6 331
163   7 331
164   8 331
165   9 331
166   10 331
167   11 331
168   12 331
169   13 331

170   1 102
171   2 102
172   3 102
173   4 102
174   5 102
175   6 102
176   7 102
177   8 102
178   9 102
179   10 102
180   11 102
181   12 102
182   13 102

183   1 112
184   2 112
185   3 112
186   4 112
187   5 112
188   6 112
189   7 112
190   8 112
191   9 112
192   10 112
193   11 112
194   12 112
195   13 112

196   1 212
197   2 212
198   3 212
199   4 212
200   5 212
201   6 212
202   7 212
203   8 212
204   9 212
205   10 212
206   11 212
207   12 212
208   13 212

209   1 122
210   2 122
211   3 122
212   4 122
213   5 122
214   6 122
215   7 122
216   8 122
217   9 122
218   10 122
219   11 122
220   12 122
221   13 122

#221 operators generated.
#17 operators generated excluding translational symmetry
1   1 100
2   1 110
3   1 210
4   1 120
5   1 101
6   1 201
7   1 111
8   1 211
9   1 311
10   1 121
11   1 221
12   1 131
13   1 331
14   1 102
15   1 112
16   1 212
17   1 122

#Correlation matrix eigenvalues: 
-1.6290613613270776e-18
-1.5647504899425746e-19
-1.2434031347055102e-19
3.4575067731631684e-18
1.7505675040293658e-17
2.0119970789624714e-17
1.0554840657588081e-16
1.7536166038250042e-06
2.3786010986345652e-05
2.8087093828845024e-05
0.00013412941816338389
0.00019860999718554793
0.0041090830757598484
0.014767466211680869
0.051951419623647438
0.063210354384923631
0.19100612298328945

#10 eigenvectors corresponding to largest eigenvalues: 
1    2.7167e-16    -5.7204e-15    8.5796e-15    3.8381e-15    0.3752    -1.3395e-16    4.2281e-16    -0.23198    -2.5783e-13    -6.2798e-13    
2    0.72432    9.1336e-16    0.014754    0.68931    -9.2709e-15    2.2741e-15    -1.5069e-13    7.3016e-15    -1.4007e-15    1.9788e-15    
3    -2.1217e-15    9.7766e-15    2.0777e-15    9.6579e-15    0.3752    -0.27394    2.5665e-15    -0.23198    0.35715    -0.21773    
4    2.6602e-15    -2.121e-14    1.5033e-14    -1.909e-15    0.3752    0.27394    -1.4811e-15    -0.23198    -0.35715    0.21773    
5    0.0071628    -7.2962e-15    0.57696    -0.019876    -1.1134e-14    -3.661e-15    -2.592e-13    -5.7061e-15    4.1262e-15    3.0324e-13    
6    -4.047e-15    8.1641e-15    -2.3501e-15    1.3846e-14    0.32822    -0.27394    1.087e-15    0.30498    0.35715    -0.21773    
7    1.7399e-13    -1.4178e-14    4.4793e-13    2.62e-14    1.1199e-16    7.0369e-15    1    1.7677e-15    -1.3785e-16    1.6543e-16    
8    0.0071628    -0.70711    0.57696    -0.019876    -2.2455e-14    -2.5234e-14    -2.6917e-13    3.0493e-15    1.8926e-14    -1.6037e-13    
9    2.6653e-15    5.4303e-15    1.8961e-15    -9.9667e-15    -0.043001    -0.24446    1.0086e-15    0.49147    -0.39589    -0.34182    
10    0.68935    5.5795e-16    -0.033487    -0.72365    8.1611e-15    -1.036e-14    -8.5982e-14    -1.6367e-14    5.937e-15    -3.5142e-15    
11    6.9337e-15    -8.8766e-15    1.1468e-14    -1.2656e-14    0.3322    0.51017    -3.7563e-15    0.25949    0.098985    -0.47951    
12    -4.9536e-16    -7.1558e-15    -4.4927e-15    -2.6185e-15    3.1966e-17    0.24446    -1.7081e-15    -2.6141e-13    0.39589    0.34182    
13    4.1103e-15    -6.8552e-15    -5.0354e-15    -1.1377e-14    -0.043001    0.24446    -2.4509e-15    0.49147    0.39589    0.34182    
14    2.6771e-15    -2.0325e-14    1.2826e-14    3.9256e-15    0.32822    0.27394    -2.9172e-15    0.30498    -0.35715    0.21773    
15    0.0071628    0.70711    0.57696    -0.019876    2.2992e-16    9.6633e-15    -2.4912e-13    6.0185e-15    6.3765e-16    -1.3741e-13    
16    -4.0323e-15    -5.4583e-15    7.0479e-15    1.9875e-14    0.37122    0    8.8805e-17    -0.18649    -2.2354e-13    4.9183e-14    
17    2.7389e-15    -1.9125e-15    4.8149e-17    -7.9891e-15    0.3322    -0.51017    3.238e-15    0.25949    -0.098985    0.47951    
#Execution time: 12317 s
