#Fermion code
#Is hermitian: 1
1   1 100
2   2 100
3   3 100
4   4 100
5   5 100
6   6 100
7   7 100
8   8 100
9   9 100
10   10 100
11   11 100
12   12 100
13   13 100
14   14 100

15   1 110
16   2 110
17   3 110
18   4 110
19   5 110
20   6 110
21   7 110
22   8 110
23   9 110
24   10 110
25   11 110
26   12 110
27   13 110
28   14 110

29   1 210
30   2 210
31   3 210
32   4 210
33   5 210
34   6 210
35   7 210
36   8 210
37   9 210
38   10 210
39   11 210
40   12 210
41   13 210
42   14 210

43   1 120
44   2 120
45   3 120
46   4 120
47   5 120
48   6 120
49   7 120
50   8 120
51   9 120
52   10 120
53   11 120
54   12 120
55   13 120
56   14 120

57   1 101
58   2 101
59   3 101
60   4 101
61   5 101
62   6 101
63   7 101
64   8 101
65   9 101
66   10 101
67   11 101
68   12 101
69   13 101
70   14 101

71   1 201
72   2 201
73   3 201
74   4 201
75   5 201
76   6 201
77   7 201
78   8 201
79   9 201
80   10 201
81   11 201
82   12 201
83   13 201
84   14 201

85   1 111
86   2 111
87   3 111
88   4 111
89   5 111
90   6 111
91   7 111
92   8 111
93   9 111
94   10 111
95   11 111
96   12 111
97   13 111
98   14 111

99   1 211
100   2 211
101   3 211
102   4 211
103   5 211
104   6 211
105   7 211
106   8 211
107   9 211
108   10 211
109   11 211
110   12 211
111   13 211
112   14 211

113   1 311
114   2 311
115   3 311
116   4 311
117   5 311
118   6 311
119   7 311
120   8 311
121   9 311
122   10 311
123   11 311
124   12 311
125   13 311
126   14 311

127   1 121
128   2 121
129   3 121
130   4 121
131   5 121
132   6 121
133   7 121
134   8 121
135   9 121
136   10 121
137   11 121
138   12 121
139   13 121
140   14 121

141   1 221
142   2 221
143   3 221
144   4 221
145   5 221
146   6 221
147   7 221
148   8 221
149   9 221
150   10 221
151   11 221
152   12 221
153   13 221
154   14 221

155   1 131
156   2 131
157   3 131
158   4 131
159   5 131
160   6 131
161   7 131
162   8 131
163   9 131
164   10 131
165   11 131
166   12 131
167   13 131
168   14 131

169   1 331
170   2 331
171   3 331
172   4 331
173   5 331
174   6 331
175   7 331
176   8 331
177   9 331
178   10 331
179   11 331
180   12 331
181   13 331
182   14 331

183   1 102
184   2 102
185   3 102
186   4 102
187   5 102
188   6 102
189   7 102
190   8 102
191   9 102
192   10 102
193   11 102
194   12 102
195   13 102
196   14 102

197   1 112
198   2 112
199   3 112
200   4 112
201   5 112
202   6 112
203   7 112
204   8 112
205   9 112
206   10 112
207   11 112
208   12 112
209   13 112
210   14 112

211   1 212
212   2 212
213   3 212
214   4 212
215   5 212
216   6 212
217   7 212
218   8 212
219   9 212
220   10 212
221   11 212
222   12 212
223   13 212
224   14 212

225   1 122
226   2 122
227   3 122
228   4 122
229   5 122
230   6 122
231   7 122
232   8 122
233   9 122
234   10 122
235   11 122
236   12 122
237   13 122
238   14 122

#238 operators generated.
#17 operators generated excluding translational symmetry
1   1 100
2   1 110
3   1 210
4   1 120
5   1 101
6   1 201
7   1 111
8   1 211
9   1 311
10   1 121
11   1 221
12   1 131
13   1 331
14   1 102
15   1 112
16   1 212
17   1 122

#Correlation matrix eigenvalues: 
-1.427781032486453e-17
-1.1466242375710134e-17
-1.4706634101354441e-18
-1.1436884059244297e-18
3.5189005368109767e-20
4.1350841515770294e-19
2.2665353027164843e-18
4.9247335862684613e-06
3.375131975694468e-05
3.6470666548195952e-05
8.8148604967577847e-05
0.00011572253228387319
0.00045212153541895759
0.00088804524020334806
0.010862486262141789
0.052503551146248689
0.069825671035173106

#10 eigenvectors corresponding to largest eigenvalues: 
1    -5.4926e-17    -5.7671e-16    1.1149e-16    3.7049e-17    3.0535e-16    -1.3776e-14    0.097073    -0.13826    -2.7756e-14    0.16437    
2    -1    5.8221e-15    -1.3552e-15    6.3023e-16    1.7155e-15    1.1414e-14    -1.0941e-16    -8.6984e-15    1.0393e-14    -3.2933e-15    
3    -1.38e-15    5.7681e-16    -3.908e-17    -3.6391e-17    9.7108e-16    -0.39569    -0.19415    0.27651    0.066662    -0.32874    
4    -1.6557e-15    -1.7856e-15    3.7607e-16    8.4029e-17    1.4153e-15    -0.39569    0.19415    -0.27651    0.066662    0.32874    
5    -4.0015e-15    -0.8176    -0.57579    1.6511e-15    -9.7609e-16    1.2341e-14    -2.7046e-15    2.4133e-14    1.3269e-14    1.4079e-14    
6    -3.671e-15    9.4758e-15    5.2731e-15    -5.9388e-17    -7.1053e-16    0.15191    0.12882    0.52533    0.13892    -0.1412    
7    -6.3022e-16    -3.3265e-16    -2.3953e-15    -1    -2.1152e-15    -5.8898e-17    -1.3723e-17    -3.4589e-17    -1.063e-16    6.8384e-17    
8    3.1014e-15    0.40715    -0.57813    1.2254e-15    2.0863e-15    6.5355e-15    7.9561e-15    3.6847e-14    2.9558e-14    -1.1818e-14    
9    6.4819e-15    6.3316e-15    5.4232e-15    -2.0478e-17    -8.9601e-16    0.060022    -0.45026    -0.072435    0.48341    0.20499    
10    -1.7156e-15    1.8573e-15    -1.1692e-15    2.1786e-15    -1    -2.072e-15    -2.5344e-15    -1.8263e-15    -4.9416e-16    -1.8873e-15    
11    -8.4804e-15    -9.3181e-15    -1.4167e-14    3.2285e-17    3.9446e-15    -0.5476    -0.42004    -0.11056    -0.072254    -0.35191    
12    -4.6618e-15    -5.0318e-15    -4.7476e-15    6.1207e-17    -1.3395e-16    0.18377    1.4454e-14    3.5706e-13    -0.68899    -1.8953e-13    
13    -4.6662e-15    -3.6107e-15    -5.7609e-15    7.8243e-17    1.007e-15    -0.060022    -0.45026    -0.072435    -0.48341    0.20499    
14    -5.2888e-15    8.1874e-15    7.8849e-15    5.4946e-17    -1.036e-15    -0.15191    0.12882    0.52533    -0.13892    -0.1412    
15    3.0515e-15    0.40715    -0.57813    1.2732e-15    5.1157e-16    1.1193e-16    -4.868e-15    -3.6699e-14    -2.5681e-14    1.3328e-14    
16    7.3536e-15    -1.8651e-14    -1.3122e-14    -2.4101e-17    4.0516e-16    -5.3735e-14    0.35166    -0.49101    -4.2304e-13    -0.62068    
17    1.0113e-14    3.3326e-15    6.9086e-15    -1.8856e-17    2.0485e-15    0.5476    -0.42004    -0.11056    0.072254    -0.35191    
#Execution time: 83767 s
