Spin code
#Is hermitian: 1
1   1 100
2   2 100
3   3 100
4   4 100
5   5 100
6   6 100
7   7 100
8   8 100
9   9 100
10   10 100
11   11 100
12   12 100
13   13 100

14   1 110
15   2 110
16   3 110
17   4 110
18   5 110
19   6 110
20   7 110
21   8 110
22   9 110
23   10 110
24   11 110
25   12 110
26   13 110

27   1 210
28   2 210
29   3 210
30   4 210
31   5 210
32   6 210
33   7 210
34   8 210
35   9 210
36   10 210
37   11 210
38   12 210
39   13 210

40   1 120
41   2 120
42   3 120
43   4 120
44   5 120
45   6 120
46   7 120
47   8 120
48   9 120
49   10 120
50   11 120
51   12 120
52   13 120

53   1 101
54   2 101
55   3 101
56   4 101
57   5 101
58   6 101
59   7 101
60   8 101
61   9 101
62   10 101
63   11 101
64   12 101
65   13 101

66   1 201
67   2 201
68   3 201
69   4 201
70   5 201
71   6 201
72   7 201
73   8 201
74   9 201
75   10 201
76   11 201
77   12 201
78   13 201

79   1 111
80   2 111
81   3 111
82   4 111
83   5 111
84   6 111
85   7 111
86   8 111
87   9 111
88   10 111
89   11 111
90   12 111
91   13 111

92   1 211
93   2 211
94   3 211
95   4 211
96   5 211
97   6 211
98   7 211
99   8 211
100   9 211
101   10 211
102   11 211
103   12 211
104   13 211

105   1 311
106   2 311
107   3 311
108   4 311
109   5 311
110   6 311
111   7 311
112   8 311
113   9 311
114   10 311
115   11 311
116   12 311
117   13 311

118   1 121
119   2 121
120   3 121
121   4 121
122   5 121
123   6 121
124   7 121
125   8 121
126   9 121
127   10 121
128   11 121
129   12 121
130   13 121

131   1 221
132   2 221
133   3 221
134   4 221
135   5 221
136   6 221
137   7 221
138   8 221
139   9 221
140   10 221
141   11 221
142   12 221
143   13 221

144   1 131
145   2 131
146   3 131
147   4 131
148   5 131
149   6 131
150   7 131
151   8 131
152   9 131
153   10 131
154   11 131
155   12 131
156   13 131

157   1 331
158   2 331
159   3 331
160   4 331
161   5 331
162   6 331
163   7 331
164   8 331
165   9 331
166   10 331
167   11 331
168   12 331
169   13 331

170   1 102
171   2 102
172   3 102
173   4 102
174   5 102
175   6 102
176   7 102
177   8 102
178   9 102
179   10 102
180   11 102
181   12 102
182   13 102

183   1 112
184   2 112
185   3 112
186   4 112
187   5 112
188   6 112
189   7 112
190   8 112
191   9 112
192   10 112
193   11 112
194   12 112
195   13 112

196   1 212
197   2 212
198   3 212
199   4 212
200   5 212
201   6 212
202   7 212
203   8 212
204   9 212
205   10 212
206   11 212
207   12 212
208   13 212

209   1 122
210   2 122
211   3 122
212   4 122
213   5 122
214   6 122
215   7 122
216   8 122
217   9 122
218   10 122
219   11 122
220   12 122
221   13 122

#221 operators generated.
#17 operators generated excluding translational symmetry
1   1 100
2   1 110
3   1 210
4   1 120
5   1 101
6   1 201
7   1 111
8   1 211
9   1 311
10   1 121
11   1 221
12   1 131
13   1 331
14   1 102
15   1 112
16   1 212
17   1 122

#Correlation matrix eigenvalues: 
-4.0797210974427949e-17
-2.4320110871832807e-17
2.4942246673621113e-18
6.7985437362257432e-18
4.9882711036717319e-05
0.0035622791148543923
0.0090129943560491067
0.010112553706513424
0.017245552101079396
0.023366786783148664
0.025362603509288869
0.033771774483597604
0.037941069210379097
0.047702358554043693
0.066952804817537154
0.12637473385597925
0.46537485869131778

#10 eigenvectors corresponding to largest eigenvalues: 
1    6.5903e-16    -6.1091e-16    -0.3038    -2.6873e-14    -6.9177e-15    -0.31884    6.7693e-15    -3.6648e-16    1.0184e-14    -0.54273    
2    -5.7842e-17    0.87245    2.9815e-15    -3.7683e-15    -2.6673e-16    -6.8344e-16    1.9078e-15    0.48871    1.3644e-18    -2.392e-15    
3    -6.7544e-15    -6.7018e-16    2.2848e-14    -0.66262    -1.4331e-14    3.4782e-14    -9.7394e-15    -3.8797e-15    0.24684    5.1319e-15    
4    6.7522e-15    6.6669e-16    -2.2844e-14    0.66262    1.4378e-14    -3.4772e-14    9.9047e-15    3.9301e-15    -0.24684    -5.0771e-15    
5    4.5168e-16    -0.48871    2.8253e-15    -4.3948e-15    -6.3577e-16    4.0241e-16    3.2218e-15    0.87245    6.492e-16    -1.3774e-15    
6    2.6436e-15    2.5104e-16    5.7707e-16    0.24684    3.9201e-15    -7.3211e-15    -2.0926e-15    1.0531e-15    0.66262    3.3361e-15    
7    1    2.713e-16    8.7526e-16    -9.9772e-15    -1.4172e-15    1.449e-15    2.9172e-15    -3.658e-16    5.4175e-16    6.8997e-17    
8    -2.9478e-15    1.0172e-16    2.0792e-14    6.7424e-15    -0.70711    4.0247e-15    0.66667    -3.0124e-15    3.5429e-15    2.8104e-15    
9    -2.9369e-16    -2.1945e-16    0.448    3.3082e-14    7.8227e-15    0.30645    -5.9088e-15    -2.9281e-15    -5.1925e-15    -0.047855    
10    9.6498e-16    4.0368e-16    -5.9312e-15    4.0406e-15    3.1282e-16    1.243e-15    -0.33333    1.3254e-15    -2.3336e-15    -1.2776e-15    
11    -7.1819e-16    -6.6664e-16    0.41956    -7.82e-15    2.929e-15    -0.33184    -9.758e-15    -2.4416e-16    -7.3802e-15    0.19915    
12    -9.1743e-17    -1.5968e-15    0.39036    -2.5315e-15    3.048e-15    -0.16319    -5.0463e-15    -3.0105e-15    -1.7187e-15    -0.76266    
13    -2.0196e-15    -6.7073e-16    0.448    3.1161e-14    9.5041e-15    0.30645    -6.2752e-15    -2.6703e-15    -4.8512e-15    -0.047855    
14    -1.4721e-15    -7.2527e-16    -4.0553e-15    -0.24684    -3.8731e-15    8.299e-15    1.1774e-15    -9.8361e-16    -0.66262    -6.6387e-16    
15    -9.7647e-16    -1.2374e-18    3.0127e-15    -2.2609e-14    0.70711    -8.9924e-15    0.66667    -2.0025e-15    5.9681e-15    2.1772e-15    
16    -4.3876e-16    4.0854e-16    -0.043009    2.4588e-14    5.4395e-15    0.68092    3.4263e-15    1.2582e-15    -8.4667e-15    -0.19973    
17    1.2439e-15    -1.7825e-16    0.41956    -5.9077e-15    1.4811e-15    -0.33184    -9.7114e-15    -4.6136e-16    -7.898e-15    0.19915    
#Execution time: 11842 s
