Spin code
#Is hermitian: 1
1   1 100
2   2 100
3   3 100
4   4 100
5   5 100
6   6 100
7   7 100
8   8 100
9   9 100
10   10 100
11   11 100
12   12 100
13   13 100
14   14 100

15   1 110
16   2 110
17   3 110
18   4 110
19   5 110
20   6 110
21   7 110
22   8 110
23   9 110
24   10 110
25   11 110
26   12 110
27   13 110
28   14 110

29   1 210
30   2 210
31   3 210
32   4 210
33   5 210
34   6 210
35   7 210
36   8 210
37   9 210
38   10 210
39   11 210
40   12 210
41   13 210
42   14 210

43   1 120
44   2 120
45   3 120
46   4 120
47   5 120
48   6 120
49   7 120
50   8 120
51   9 120
52   10 120
53   11 120
54   12 120
55   13 120
56   14 120

57   1 101
58   2 101
59   3 101
60   4 101
61   5 101
62   6 101
63   7 101
64   8 101
65   9 101
66   10 101
67   11 101
68   12 101
69   13 101
70   14 101

71   1 201
72   2 201
73   3 201
74   4 201
75   5 201
76   6 201
77   7 201
78   8 201
79   9 201
80   10 201
81   11 201
82   12 201
83   13 201
84   14 201

85   1 111
86   2 111
87   3 111
88   4 111
89   5 111
90   6 111
91   7 111
92   8 111
93   9 111
94   10 111
95   11 111
96   12 111
97   13 111
98   14 111

99   1 211
100   2 211
101   3 211
102   4 211
103   5 211
104   6 211
105   7 211
106   8 211
107   9 211
108   10 211
109   11 211
110   12 211
111   13 211
112   14 211

113   1 311
114   2 311
115   3 311
116   4 311
117   5 311
118   6 311
119   7 311
120   8 311
121   9 311
122   10 311
123   11 311
124   12 311
125   13 311
126   14 311

127   1 121
128   2 121
129   3 121
130   4 121
131   5 121
132   6 121
133   7 121
134   8 121
135   9 121
136   10 121
137   11 121
138   12 121
139   13 121
140   14 121

141   1 221
142   2 221
143   3 221
144   4 221
145   5 221
146   6 221
147   7 221
148   8 221
149   9 221
150   10 221
151   11 221
152   12 221
153   13 221
154   14 221

155   1 131
156   2 131
157   3 131
158   4 131
159   5 131
160   6 131
161   7 131
162   8 131
163   9 131
164   10 131
165   11 131
166   12 131
167   13 131
168   14 131

169   1 331
170   2 331
171   3 331
172   4 331
173   5 331
174   6 331
175   7 331
176   8 331
177   9 331
178   10 331
179   11 331
180   12 331
181   13 331
182   14 331

183   1 102
184   2 102
185   3 102
186   4 102
187   5 102
188   6 102
189   7 102
190   8 102
191   9 102
192   10 102
193   11 102
194   12 102
195   13 102
196   14 102

197   1 112
198   2 112
199   3 112
200   4 112
201   5 112
202   6 112
203   7 112
204   8 112
205   9 112
206   10 112
207   11 112
208   12 112
209   13 112
210   14 112

211   1 212
212   2 212
213   3 212
214   4 212
215   5 212
216   6 212
217   7 212
218   8 212
219   9 212
220   10 212
221   11 212
222   12 212
223   13 212
224   14 212

225   1 122
226   2 122
227   3 122
228   4 122
229   5 122
230   6 122
231   7 122
232   8 122
233   9 122
234   10 122
235   11 122
236   12 122
237   13 122
238   14 122

#238 operators generated.
#17 operators generated excluding translational symmetry
1   1 100
2   1 110
3   1 210
4   1 120
5   1 101
6   1 201
7   1 111
8   1 211
9   1 311
10   1 121
11   1 221
12   1 131
13   1 331
14   1 102
15   1 112
16   1 212
17   1 122

#Correlation matrix eigenvalues: 
-1.1117795341575664e-16
-2.5388793042761152e-17
-1.1742661831722577e-19
-1.0953515007515924e-20
9.9649234696192315e-06
2.9293274278691128e-05
3.3261596006070532e-05
4.7902429132217767e-05
6.8508848851834054e-05
7.1370100422475744e-05
7.2474458905548569e-05
8.0768692913406133e-05
0.14285714285714199
0.21428571428571275
0.28571428571428409
1.0000000000000027
1.0000000000000053

#10 eigenvectors corresponding to largest eigenvalues: 
1    -3.5963e-18    7.9827e-17    1.3995e-17    -5.5387e-17    5.1725e-17    0.80982    -0.034509    -6.2503e-15    2.2845e-14    0.084882    
2    -0.99999    -0.0035012    -1.5581e-17    -1.4208e-17    -1.4965e-18    -1.7939e-17    -1.1e-17    1.4867e-17    -2.455e-16    -4.9589e-19    
3    5.0739e-18    -2.8645e-18    3.4314e-18    -8.7456e-18    -5.6085e-18    -1.0158e-14    -3.9138e-14    -0.54684    5.2251e-13    1.2534e-15    
4    4.6909e-18    -3.4271e-18    2.311e-18    -1.0977e-17    -1.0115e-17    -1.0092e-14    -3.9159e-14    -0.54684    5.2265e-13    1.6269e-15    
5    1.7097e-17    1.0212e-18    -8.7021e-16    -1    -6.4611e-16    3.4943e-19    1.6897e-17    8.153e-17    -3.8001e-17    -6.0943e-17    
6    8.5608e-18    6.3624e-18    3.4819e-17    3.8209e-17    3.0766e-17    1.0152e-14    3.2944e-14    0.4483    -3.881e-13    -1.381e-16    
7    -2.8026e-16    -5.8475e-18    5.4686e-19    -3.7999e-17    1.1644e-17    -5.0541e-15    -5.2415e-15    8.821e-13    1    -1.3206e-15    
8    1.3251e-17    2.6813e-16    -0.70711    1.0441e-15    -0.70711    -9.4619e-17    -2.6928e-17    1.2055e-16    8.6176e-18    -1.3644e-16    
9    -1.504e-17    1.6278e-16    1.2866e-16    -1.2285e-17    1.3442e-16    0.2779    0.22934    -3.8166e-14    -1.6815e-14    -0.52024    
10    -0.0035012    0.99999    2.593e-16    1.8614e-18    1.1473e-16    5.6517e-17    -5.9596e-17    -1.0408e-17    -3.467e-18    -2.7358e-17    
11    1.0136e-17    -8.1205e-17    -5.418e-17    3.2532e-17    1.5954e-16    -0.17092    0.54498    -3.1743e-14    2.0968e-14    0.060799    
12    4.8004e-18    1.7479e-16    4.3949e-17    6.464e-17    2.0071e-16    -0.361    -0.28113    3.7658e-14    1.4644e-14    -0.66592    
13    -3.6737e-17    3.3347e-16    8.7664e-17    -3.6082e-18    7.5927e-17    0.2779    0.22934    -2.0547e-14    1.829e-15    -0.52024    
14    -2.537e-17    -1.7044e-16    -2.5138e-16    -1.3342e-16    -2.8124e-16    -1.4866e-14    -3.5987e-14    -0.4483    3.0476e-13    -3.7323e-16    
15    -1.7559e-17    3.4695e-16    0.70711    -5.4802e-17    -0.70711    -1.7331e-16    3.6488e-17    3.3983e-17    7.8473e-18    -1.0009e-16    
16    1.7839e-18    1.4311e-16    -5.5166e-17    2.2838e-17    -5.933e-17    -0.031339    0.46967    -2.6387e-14    2.2889e-15    -0.025384    
17    -7.0268e-18    -2.5335e-17    -1.8556e-17    2.1862e-17    -4.1601e-18    -0.17092    0.54498    -3.7061e-14    1.9846e-15    0.060799    
#Execution time: 49958 s
