Spin code
#Is hermitian: 1
1   1 100
2   2 100
3   3 100
4   4 100
5   5 100
6   6 100
7   7 100
8   8 100
9   9 100
10   10 100
11   11 100
12   12 100
13   13 100
14   14 100

15   1 110
16   2 110
17   3 110
18   4 110
19   5 110
20   6 110
21   7 110
22   8 110
23   9 110
24   10 110
25   11 110
26   12 110
27   13 110
28   14 110

29   1 210
30   2 210
31   3 210
32   4 210
33   5 210
34   6 210
35   7 210
36   8 210
37   9 210
38   10 210
39   11 210
40   12 210
41   13 210
42   14 210

43   1 120
44   2 120
45   3 120
46   4 120
47   5 120
48   6 120
49   7 120
50   8 120
51   9 120
52   10 120
53   11 120
54   12 120
55   13 120
56   14 120

57   1 101
58   2 101
59   3 101
60   4 101
61   5 101
62   6 101
63   7 101
64   8 101
65   9 101
66   10 101
67   11 101
68   12 101
69   13 101
70   14 101

71   1 201
72   2 201
73   3 201
74   4 201
75   5 201
76   6 201
77   7 201
78   8 201
79   9 201
80   10 201
81   11 201
82   12 201
83   13 201
84   14 201

85   1 111
86   2 111
87   3 111
88   4 111
89   5 111
90   6 111
91   7 111
92   8 111
93   9 111
94   10 111
95   11 111
96   12 111
97   13 111
98   14 111

99   1 211
100   2 211
101   3 211
102   4 211
103   5 211
104   6 211
105   7 211
106   8 211
107   9 211
108   10 211
109   11 211
110   12 211
111   13 211
112   14 211

113   1 311
114   2 311
115   3 311
116   4 311
117   5 311
118   6 311
119   7 311
120   8 311
121   9 311
122   10 311
123   11 311
124   12 311
125   13 311
126   14 311

127   1 121
128   2 121
129   3 121
130   4 121
131   5 121
132   6 121
133   7 121
134   8 121
135   9 121
136   10 121
137   11 121
138   12 121
139   13 121
140   14 121

141   1 221
142   2 221
143   3 221
144   4 221
145   5 221
146   6 221
147   7 221
148   8 221
149   9 221
150   10 221
151   11 221
152   12 221
153   13 221
154   14 221

155   1 131
156   2 131
157   3 131
158   4 131
159   5 131
160   6 131
161   7 131
162   8 131
163   9 131
164   10 131
165   11 131
166   12 131
167   13 131
168   14 131

169   1 331
170   2 331
171   3 331
172   4 331
173   5 331
174   6 331
175   7 331
176   8 331
177   9 331
178   10 331
179   11 331
180   12 331
181   13 331
182   14 331

183   1 102
184   2 102
185   3 102
186   4 102
187   5 102
188   6 102
189   7 102
190   8 102
191   9 102
192   10 102
193   11 102
194   12 102
195   13 102
196   14 102

197   1 112
198   2 112
199   3 112
200   4 112
201   5 112
202   6 112
203   7 112
204   8 112
205   9 112
206   10 112
207   11 112
208   12 112
209   13 112
210   14 112

211   1 212
212   2 212
213   3 212
214   4 212
215   5 212
216   6 212
217   7 212
218   8 212
219   9 212
220   10 212
221   11 212
222   12 212
223   13 212
224   14 212

225   1 122
226   2 122
227   3 122
228   4 122
229   5 122
230   6 122
231   7 122
232   8 122
233   9 122
234   10 122
235   11 122
236   12 122
237   13 122
238   14 122

#238 operators generated.
#17 operators generated excluding translational symmetry
1   1 100
2   1 110
3   1 210
4   1 120
5   1 101
6   1 201
7   1 111
8   1 211
9   1 311
10   1 121
11   1 221
12   1 131
13   1 331
14   1 102
15   1 112
16   1 212
17   1 122

#Correlation matrix eigenvalues: 
-2.4130536774007918e-17
-8.945545857098839e-18
-7.9982253558908007e-18
6.124809166074721e-17
0.0002163174683553706
0.0020916811635527366
0.0033569044064893942
0.0049833797543785271
0.010046749544719926
0.020306958580280976
0.020519890582798198
0.02475782532544079
0.032396570709729074
0.040723220265977404
0.056167571431760495
0.11759186321804338
0.46150366284597394

#10 eigenvectors corresponding to largest eigenvalues: 
1    -2.3636e-15    3.7467e-15    -0.32252    1.0425e-15    2.3991e-15    -0.27633    9.9329e-16    3.8297e-16    -2.4698e-15    0.19822    
2    -5.4514e-17    0.87419    3.6652e-15    -6.6678e-15    6.4593e-16    -8.3628e-16    4.8607e-14    -0.48558    9.4203e-16    -7.0001e-17    
3    -5.5582e-17    2.095e-15    3.1258e-15    -0.64031    5.057e-15    9.0878e-16    7.311e-15    1.2081e-14    -0.3    -1.0078e-15    
4    5.414e-17    -2.0996e-15    -3.1278e-15    0.64031    -5.1674e-15    -9.0442e-16    -7.3424e-15    -1.1764e-14    0.3    1.1736e-15    
5    4.5275e-16    -0.48558    -5.948e-16    -1.1217e-14    2.1662e-15    1.2163e-15    8.6754e-14    -0.87419    -1.4382e-14    -3.2143e-15    
6    -2.6974e-16    5.131e-15    -1.1237e-15    0.3    -2.5912e-15    -6.2073e-16    -6.9064e-16    3.717e-15    -0.64031    -2.5261e-15    
7    -1    -2.6749e-16    1.5836e-15    -5.5783e-17    3.647e-17    -1.4821e-15    -2.3683e-16    -3.6931e-16    3.3641e-16    1.3763e-15    
8    1.3702e-16    6.8004e-16    2.1718e-14    -8.4065e-16    0.70711    1.2905e-14    -0.66667    -6.4963e-14    -2.9855e-15    -1.0708e-14    
9    -1.6411e-16    7.3206e-15    0.4711    3.6011e-15    -3.2342e-14    0.2666    -6.2175e-16    7.444e-15    -4.3276e-16    -0.31457    
10    -8.4424e-17    5.1498e-16    -4.9111e-16    3.4967e-15    -3.3117e-15    1.539e-15    0.33333    3.2911e-14    8.2325e-16    -1.2205e-16    
11    2.1687e-15    -1.0997e-14    0.38671    -3.4072e-16    1.1476e-14    -0.37591    2.4882e-15    -6.2273e-15    2.0374e-15    0.1859    
12    -1.3323e-15    1.4106e-15    0.3899    4.8809e-15    -1.7969e-14    -0.18266    1.5451e-15    4.5674e-16    -4.318e-15    0.50125    
13    -2.1265e-15    -6.1006e-15    0.4711    4.9085e-15    -3.1616e-14    0.2666    -1.0003e-15    -2.811e-15    -8.7307e-17    -0.31457    
14    1.6865e-16    -5.0961e-15    1.3885e-15    -0.3    4.5521e-15    9.01e-16    1.6504e-15    -3.9498e-15    0.64031    -6.11e-17    
15    1.1295e-16    -9.4411e-18    -1.9781e-14    -1.2847e-14    -0.70711    -1.9275e-14    -0.66667    -6.8077e-14    -8.0148e-16    1.1452e-14    
16    8.7087e-16    -1.0574e-15    0.031725    -3.2388e-16    1.3292e-16    0.68228    -2.6483e-15    -1.8776e-15    -6.5117e-16    0.66516    
17    4.0552e-15    2.469e-15    0.38671    -1.735e-15    1.0707e-14    -0.37591    2.6934e-15    3.8516e-15    1.6188e-15    0.1859    
#Execution time: 86543 s
