Spin code
#Is hermitian: 1
1   1 100
2   2 100
3   3 100
4   4 100
5   5 100
6   6 100
7   7 100
8   8 100
9   9 100
10   10 100
11   11 100
12   12 100

13   1 110
14   2 110
15   3 110
16   4 110
17   5 110
18   6 110
19   7 110
20   8 110
21   9 110
22   10 110
23   11 110
24   12 110

25   1 210
26   2 210
27   3 210
28   4 210
29   5 210
30   6 210
31   7 210
32   8 210
33   9 210
34   10 210
35   11 210
36   12 210

37   1 120
38   2 120
39   3 120
40   4 120
41   5 120
42   6 120
43   7 120
44   8 120
45   9 120
46   10 120
47   11 120
48   12 120

49   1 101
50   2 101
51   3 101
52   4 101
53   5 101
54   6 101
55   7 101
56   8 101
57   9 101
58   10 101
59   11 101
60   12 101

61   1 201
62   2 201
63   3 201
64   4 201
65   5 201
66   6 201
67   7 201
68   8 201
69   9 201
70   10 201
71   11 201
72   12 201

73   1 111
74   2 111
75   3 111
76   4 111
77   5 111
78   6 111
79   7 111
80   8 111
81   9 111
82   10 111
83   11 111
84   12 111

85   1 211
86   2 211
87   3 211
88   4 211
89   5 211
90   6 211
91   7 211
92   8 211
93   9 211
94   10 211
95   11 211
96   12 211

97   1 311
98   2 311
99   3 311
100   4 311
101   5 311
102   6 311
103   7 311
104   8 311
105   9 311
106   10 311
107   11 311
108   12 311

109   1 121
110   2 121
111   3 121
112   4 121
113   5 121
114   6 121
115   7 121
116   8 121
117   9 121
118   10 121
119   11 121
120   12 121

121   1 221
122   2 221
123   3 221
124   4 221
125   5 221
126   6 221
127   7 221
128   8 221
129   9 221
130   10 221
131   11 221
132   12 221

133   1 131
134   2 131
135   3 131
136   4 131
137   5 131
138   6 131
139   7 131
140   8 131
141   9 131
142   10 131
143   11 131
144   12 131

145   1 331
146   2 331
147   3 331
148   4 331
149   5 331
150   6 331
151   7 331
152   8 331
153   9 331
154   10 331
155   11 331
156   12 331

157   1 102
158   2 102
159   3 102
160   4 102
161   5 102
162   6 102
163   7 102
164   8 102
165   9 102
166   10 102
167   11 102
168   12 102

169   1 112
170   2 112
171   3 112
172   4 112
173   5 112
174   6 112
175   7 112
176   8 112
177   9 112
178   10 112
179   11 112
180   12 112

181   1 212
182   2 212
183   3 212
184   4 212
185   5 212
186   6 212
187   7 212
188   8 212
189   9 212
190   10 212
191   11 212
192   12 212

193   1 122
194   2 122
195   3 122
196   4 122
197   5 122
198   6 122
199   7 122
200   8 122
201   9 122
202   10 122
203   11 122
204   12 122

#204 operators generated.
#17 operators generated excluding translational symmetry
1   1 100
2   1 110
3   1 210
4   1 120
5   1 101
6   1 201
7   1 111
8   1 211
9   1 311
10   1 121
11   1 221
12   1 131
13   1 331
14   1 102
15   1 112
16   1 212
17   1 122

#Correlation matrix eigenvalues: 
-1.0813716251621921e-16
3.4111880673478086e-17
2.6546525156002112e-16
0.039335391385630893
0.039335391385631212
0.12125880348526706
0.12125880348526713
0.12125880348526728
0.14714511093271893
0.14714511093271948
0.16151188393840496
0.24669805634299252
0.29636725020711946
0.31899524865379697
0.418723229054069
0.41872322905406972
1.0000000000000016

#10 eigenvectors corresponding to largest eigenvalues: 
1    1    7.2223e-17    -8.257e-17    -9.2594e-17    -1.4616e-17    -3.1627e-16    6.313e-18    -1.2187e-16    6.2917e-17    -2.4753e-17    
2    -5.1716e-17    0.65513    0.30366    -9.4496e-16    -3.4644e-16    -7.5887e-17    2.103e-16    1.4851e-16    1.4076e-16    1.2807e-16    
3    1.2794e-17    0.21472    -0.46325    -0.58577    1.3831e-15    -1.4577e-16    -0.39607    -2.0039e-15    6.3228e-16    -2.5969e-16    
4    -1.9418e-16    0.21472    -0.46325    0.58577    -1.3975e-15    2.0218e-16    0.39607    1.9291e-15    -7.8051e-16    3.1352e-16    
5    -1.8431e-17    0.62766    0.29092    -5.7549e-16    -4.6189e-16    6.3244e-17    -2.1013e-16    -9.9357e-17    -2.766e-17    -1.7668e-16    
6    -1.519e-16    0.20571    -0.44382    -0.39607    1.2784e-15    -2.5214e-16    0.58577    2.9725e-15    -9.4852e-16    1.0897e-15    
7    4.0436e-17    -8.4613e-17    1.9832e-17    2.3776e-17    -4.6392e-18    -9.9041e-17    -8.8381e-16    -2.097e-15    -4.2025e-17    0.084357    
8    5.377e-17    -1.6917e-16    -4.5295e-17    -4.4661e-16    1.4051e-16    4.152e-17    -2.9496e-15    0.70488    -0.056017    -0.57529    
9    -7.0372e-17    1.256e-16    -3.4596e-17    -1.6849e-16    -0.13471    -0.57607    -4.6314e-16    -0.03961    -0.49843    0.0008526    
10    1.2218e-17    2.7829e-16    -2.0215e-16    -4.0897e-16    4.9905e-17    2.1094e-16    9.2593e-16    4.837e-15    -4.9764e-16    -0.57529    
11    -8.5857e-17    1.113e-17    -1.377e-16    -9.4526e-16    -0.38728    0.0037711    5.8866e-16    0.03961    0.49843    -0.0017052    
12    1.8801e-16    -6.6085e-16    -6.9683e-17    -2.1702e-15    -0.77456    0.0075422    4.9009e-16    -1.8729e-17    -4.3433e-15    0.0008526    
13    -3.446e-16    -8.9081e-17    -1.61e-16    -8.43e-17    -0.13471    -0.57607    6.2438e-16    0.03961    0.49843    0.0008526    
14    -2.9147e-17    0.20571    -0.44382    0.39607    -1.5138e-15    3.2688e-16    -0.58577    -2.7115e-15    7.912e-16    -1.0215e-15    
15    -1.795e-16    7.5921e-17    5.4566e-17    -1.664e-16    5.0239e-17    4.6012e-16    4.3551e-15    -0.70488    0.056017    -0.57529    
16    -1.3305e-16    5.2681e-19    9.0977e-17    9.9059e-16    0.25257    -0.57984    -6.0456e-16    -8.2226e-16    4.3576e-15    -0.0017052    
17    -2.7033e-16    -1.7314e-16    8.2022e-17    -1.0581e-15    -0.38728    0.0037711    -6.3478e-16    -0.03961    -0.49843    -0.0017052    
#Execution time: 1557.8 s
