Spin code
#Is hermitian: 1
1   1 100
2   2 100
3   3 100
4   4 100
5   5 100
6   6 100
7   7 100
8   8 100
9   9 100
10   10 100
11   11 100
12   12 100
13   13 100
14   14 100

15   1 110
16   2 110
17   3 110
18   4 110
19   5 110
20   6 110
21   7 110
22   8 110
23   9 110
24   10 110
25   11 110
26   12 110
27   13 110
28   14 110

29   1 210
30   2 210
31   3 210
32   4 210
33   5 210
34   6 210
35   7 210
36   8 210
37   9 210
38   10 210
39   11 210
40   12 210
41   13 210
42   14 210

43   1 120
44   2 120
45   3 120
46   4 120
47   5 120
48   6 120
49   7 120
50   8 120
51   9 120
52   10 120
53   11 120
54   12 120
55   13 120
56   14 120

57   1 101
58   2 101
59   3 101
60   4 101
61   5 101
62   6 101
63   7 101
64   8 101
65   9 101
66   10 101
67   11 101
68   12 101
69   13 101
70   14 101

71   1 201
72   2 201
73   3 201
74   4 201
75   5 201
76   6 201
77   7 201
78   8 201
79   9 201
80   10 201
81   11 201
82   12 201
83   13 201
84   14 201

85   1 111
86   2 111
87   3 111
88   4 111
89   5 111
90   6 111
91   7 111
92   8 111
93   9 111
94   10 111
95   11 111
96   12 111
97   13 111
98   14 111

99   1 211
100   2 211
101   3 211
102   4 211
103   5 211
104   6 211
105   7 211
106   8 211
107   9 211
108   10 211
109   11 211
110   12 211
111   13 211
112   14 211

113   1 311
114   2 311
115   3 311
116   4 311
117   5 311
118   6 311
119   7 311
120   8 311
121   9 311
122   10 311
123   11 311
124   12 311
125   13 311
126   14 311

127   1 121
128   2 121
129   3 121
130   4 121
131   5 121
132   6 121
133   7 121
134   8 121
135   9 121
136   10 121
137   11 121
138   12 121
139   13 121
140   14 121

141   1 221
142   2 221
143   3 221
144   4 221
145   5 221
146   6 221
147   7 221
148   8 221
149   9 221
150   10 221
151   11 221
152   12 221
153   13 221
154   14 221

155   1 131
156   2 131
157   3 131
158   4 131
159   5 131
160   6 131
161   7 131
162   8 131
163   9 131
164   10 131
165   11 131
166   12 131
167   13 131
168   14 131

169   1 331
170   2 331
171   3 331
172   4 331
173   5 331
174   6 331
175   7 331
176   8 331
177   9 331
178   10 331
179   11 331
180   12 331
181   13 331
182   14 331

183   1 102
184   2 102
185   3 102
186   4 102
187   5 102
188   6 102
189   7 102
190   8 102
191   9 102
192   10 102
193   11 102
194   12 102
195   13 102
196   14 102

197   1 112
198   2 112
199   3 112
200   4 112
201   5 112
202   6 112
203   7 112
204   8 112
205   9 112
206   10 112
207   11 112
208   12 112
209   13 112
210   14 112

211   1 212
212   2 212
213   3 212
214   4 212
215   5 212
216   6 212
217   7 212
218   8 212
219   9 212
220   10 212
221   11 212
222   12 212
223   13 212
224   14 212

225   1 122
226   2 122
227   3 122
228   4 122
229   5 122
230   6 122
231   7 122
232   8 122
233   9 122
234   10 122
235   11 122
236   12 122
237   13 122
238   14 122

#238 operators generated.
#17 operators generated excluding translational symmetry
1   1 100
2   1 110
3   1 210
4   1 120
5   1 101
6   1 201
7   1 111
8   1 211
9   1 311
10   1 121
11   1 221
12   1 131
13   1 331
14   1 102
15   1 112
16   1 212
17   1 122

#Correlation matrix eigenvalues: 
-3.0818866431103718e-17
9.6264983515223988e-17
7.2670787881996813e-16
0.02673863234234742
0.026738632342347732
0.088735606150406363
0.088735606150406418
0.088735606150406626
0.11277944850203525
0.11277944850203576
0.13456238607954574
0.2089917261438404
0.24654609719650986
0.29210949400872488
0.35852623675603523
0.35852623675603629
1.0000000000000202

#10 eigenvectors corresponding to largest eigenvalues: 
1    1    1.376e-17    2.2769e-17    -2.0916e-17    -3.6629e-17    1.4649e-16    -2.4166e-17    5.8027e-18    -9.828e-17    -9.4794e-17    
2    -1.8432e-18    0.72517    -0.016076    1.6155e-15    2.8992e-16    2.4686e-17    -4.377e-16    -2.9336e-16    2.3831e-16    -4.5504e-16    
3    -1.2387e-17    0.011367    0.51277    0.57993    6.0745e-16    2.0818e-16    -0.40457    -6.5376e-16    -1.1654e-16    -2.7723e-16    
4    -1.3525e-17    0.011367    0.51277    -0.57993    -2.8166e-16    7.5081e-17    0.40457    -5.9184e-16    6.7325e-17    7.279e-16    
5    -1.8106e-17    0.68821    -0.015256    7.6263e-16    3.5162e-16    2.1228e-17    1.2554e-16    2.5466e-16    -1.4164e-16    1.7675e-16    
6    1.0422e-17    0.010788    0.48664    0.40457    3.821e-16    6.8004e-17    0.57993    3.1144e-16    -3.9154e-17    -9.0193e-16    
7    4.5435e-17    -1.5968e-16    -6.1437e-16    5.51e-16    3.1135e-17    1.2576e-16    1.6126e-16    2.7448e-16    8.2078e-16    -0.024898    
8    6.4847e-17    1.2932e-16    3.9835e-16    5.4891e-16    1.837e-16    -4.7853e-17    -1.7697e-16    0.70687    0.018301    0.57716    
9    -2.5187e-16    1.0685e-16    -1.8926e-16    -5.0445e-17    -0.11247    0.58082    -1.8678e-16    0.012941    -0.49983    0.0012195    
10    7.6789e-17    1.2766e-16    8.3897e-17    5.7161e-16    -1.4143e-16    -3.4993e-16    7.3856e-17    -1.2083e-14    -2.7906e-15    0.57716    
11    -5.8844e-16    3.8498e-16    1.5826e-16    9.2164e-17    -0.38714    0.011123    4.6914e-16    -0.012941    0.49983    -0.0024389    
12    5.4343e-16    1.7786e-16    2.3465e-16    7.4111e-16    -0.77428    0.022245    -3.3126e-16    1.135e-15    1.4164e-15    0.0012195    
13    -8.8534e-17    -7.7077e-17    -6.1737e-17    2.7934e-16    -0.11247    0.58082    -2.8816e-16    -0.012941    0.49983    0.0012195    
14    -1.0406e-16    0.010788    0.48664    -0.40457    -1.5613e-16    8.0339e-17    -0.57993    3.819e-16    1.9448e-16    9.0033e-17    
15    -1.1591e-16    4.1776e-17    1.4167e-16    2.1371e-16    -4.8547e-16    -7.9593e-16    2.7741e-16    -0.70687    -0.018301    0.57716    
16    2.0245e-16    -1.1758e-16    -1.7052e-16    -3.9539e-16    0.27467    0.5697    5.8042e-16    -1.6905e-15    4.0801e-15    -0.0024389    
17    -1.3878e-16    3.5201e-16    4.8773e-17    -5.0889e-17    -0.38714    0.011123    5.989e-16    0.012941    -0.49983    -0.0024389    
#Execution time: 93094 s
