#Fermion code
#Is hermitian: 1
1   1 100
2   2 100
3   3 100
4   4 100
5   5 100
6   6 100
7   7 100
8   8 100
9   9 100
10   10 100

11   1 110
12   2 110
13   3 110
14   4 110
15   5 110
16   6 110
17   7 110
18   8 110
19   9 110
20   10 110

21   1 210
22   2 210
23   3 210
24   4 210
25   5 210
26   6 210
27   7 210
28   8 210
29   9 210
30   10 210

31   1 120
32   2 120
33   3 120
34   4 120
35   5 120
36   6 120
37   7 120
38   8 120
39   9 120
40   10 120

41   1 101
42   2 101
43   3 101
44   4 101
45   5 101
46   6 101
47   7 101
48   8 101
49   9 101
50   10 101

51   1 201
52   2 201
53   3 201
54   4 201
55   5 201
56   6 201
57   7 201
58   8 201
59   9 201
60   10 201

61   1 111
62   2 111
63   3 111
64   4 111
65   5 111
66   6 111
67   7 111
68   8 111
69   9 111
70   10 111

71   1 211
72   2 211
73   3 211
74   4 211
75   5 211
76   6 211
77   7 211
78   8 211
79   9 211
80   10 211

81   1 311
82   2 311
83   3 311
84   4 311
85   5 311
86   6 311
87   7 311
88   8 311
89   9 311
90   10 311

91   1 121
92   2 121
93   3 121
94   4 121
95   5 121
96   6 121
97   7 121
98   8 121
99   9 121
100   10 121

101   1 221
102   2 221
103   3 221
104   4 221
105   5 221
106   6 221
107   7 221
108   8 221
109   9 221
110   10 221

111   1 131
112   2 131
113   3 131
114   4 131
115   5 131
116   6 131
117   7 131
118   8 131
119   9 131
120   10 131

121   1 331
122   2 331
123   3 331
124   4 331
125   5 331
126   6 331
127   7 331
128   8 331
129   9 331
130   10 331

131   1 102
132   2 102
133   3 102
134   4 102
135   5 102
136   6 102
137   7 102
138   8 102
139   9 102
140   10 102

141   1 112
142   2 112
143   3 112
144   4 112
145   5 112
146   6 112
147   7 112
148   8 112
149   9 112
150   10 112

151   1 212
152   2 212
153   3 212
154   4 212
155   5 212
156   6 212
157   7 212
158   8 212
159   9 212
160   10 212

161   1 122
162   2 122
163   3 122
164   4 122
165   5 122
166   6 122
167   7 122
168   8 122
169   9 122
170   10 122

#170 operators generated.
#Correlation matrix eigenvalues: 
-4.6255345871142492e-17
-3.8093820412936355e-17
-3.2563279550810552e-17
-3.1267835835221924e-17
-2.8859818862261369e-17
-2.4079819141391301e-17
-2.1502799439684686e-17
-1.941410748521883e-17
-1.8625499277267884e-17
-1.7045121255487922e-17
-1.2484616109690451e-17
-1.2162111162490996e-17
-1.0228748342493864e-17
-9.1970404582642283e-18
-7.77232253627945e-18
-6.7810765567438527e-18
-6.5227818613040996e-18
-5.7677253297689308e-18
-5.5464646179458196e-18
-4.333369109218683e-18
-3.4984504848113212e-18
-3.2537084430251589e-18
-2.7541203450325899e-18
-2.6842174760126838e-18
-2.64911417204321e-18
-2.4243279733803191e-18
-2.2649806631639769e-18
-2.1014022876336787e-18
-1.766152804504417e-18
-1.6746623165853897e-18
-1.6465275154804854e-18
-1.5406496777510328e-18
-1.5162860355032769e-18
-1.4335270611288585e-18
-1.2598015097455796e-18
-1.2100377393986154e-18
-1.0971831627089643e-18
-1.0740836697649224e-18
-1.046282292579951e-18
-1.0255513119212547e-18
-1.0206036933586637e-18
-9.1650581588673842e-19
-8.0328878400197808e-19
-7.986945897938179e-19
-7.2751125183542845e-19
-6.7220031641899166e-19
-6.5375348947334611e-19
-6.3995845759968825e-19
-5.6628832263736756e-19
-5.1643181100925191e-19
-4.9366735035330901e-19
-4.7874607856622089e-19
-4.4236787343436007e-19
-3.9957950935059241e-19
-3.7753244275178709e-19
-3.5251470103542737e-19
-2.630579728893755e-19
-2.2502683333293054e-19
-1.892036593566783e-19
-1.6639193851426955e-19
-1.6263573964414258e-19
-1.0701843527297275e-19
-8.3268043726479576e-20
-6.2375721813644698e-20
-5.5302947806153263e-20
-3.7409557597776111e-20
1.7789439455427465e-21
1.8676876758987881e-20
5.2670573754704827e-20
1.1618166089452682e-19
1.1928099032133675e-19
1.33984373468951e-19
1.7184255806859928e-19
1.8527152154290711e-19
2.4474333733430862e-19
2.4662415600953971e-19
3.1839775308360751e-19
3.4251188136842511e-19
3.6962290959141183e-19
3.8015466323973493e-19
4.0623814672171737e-19
4.6578651437666394e-19
4.7732032227303902e-19
5.1245320856404477e-19
5.3783372354990477e-19
5.4828537299668245e-19
6.6910656039262477e-19
7.1314860846434994e-19
8.0779475620678766e-19
8.9999064838387793e-19
9.1119066371741511e-19
9.4250835979258324e-19
1.0755688570765869e-18
1.1909269384950423e-18
1.1984268224837614e-18
1.3027302935509509e-18
1.4288931288168105e-18
1.4938925954165052e-18
1.5403886351025236e-18
1.7184584412825764e-18
1.8483947080966308e-18
1.9174042904746524e-18
2.0219752536723773e-18
2.3631424225089528e-18
2.4947935184652117e-18
2.8110920559239397e-18
3.992274736657465e-18
4.209666386044451e-18
4.3749601013780277e-18
4.9542094947112278e-18
6.1939629506120186e-18
9.0724316741631765e-18
1.0675573433466542e-17
1.0906559148394288e-17
1.2540447272959675e-17
1.4866109303993884e-17
1.5742385814340129e-17
1.7593432395242585e-17
2.1738395317883053e-17
2.4289506827124973e-17
2.9594609993901279e-17
3.4009817564970318e-17
4.0842735363594757e-17
4.447884413814189e-17
1.9492025739094974e-05
1.9492025739100388e-05
4.3044634373317551e-05
4.3044634373354489e-05
0.00048627952676798383
0.00048627952676802964
0.00082092017602052123
0.00082092017602053045
0.0023764093329140504
0.0023764093329140517
0.0030481048858087717
0.0030481048858087721
0.0040112307057021401
0.0044166404684549167
0.0044166404684549297
0.0052467757936507904
0.0052467757936507974
0.0071149855061113489
0.0071149855061113532
0.0077588880064147509
0.0077588880064147674
0.0078282672970358454
0.0078282672970358732
0.0090546808967332301
0.0090546808967333359
0.011293063519921868
0.011293063519921886
0.012840083419468162
0.012840083419468254
0.01697815502281334
0.016978155022813399
0.017496737584716784
0.017496737584716825
0.018062651787353359
0.018062651787353372
0.024508277535367884
0.025584819608627261
0.028451224826474091
0.028451224826474161
0.041648596085324972
0.041648596085325007
0.085331816804901456
0.092513438668738068
0.10156299095792448
0.11339746035016693
0.24544033416299052
#10 eigenvectors corresponding to largest eigenvalues: 
1    9.6834e-15    -4.7263e-15    -1.1793e-14    -5.8827e-16    3.2413e-16    -0.17443    -2.1257e-14    -1.625e-15    4.4322e-16    -7.3437e-15    
2    4.3196e-15    3.39e-15    -6.1314e-15    1.621e-15    5.3039e-16    2.2881e-14    -0.17443    5.1272e-16    8.4974e-16    -4.8545e-15    
3    6.9477e-15    -1.7391e-15    -7.2704e-15    8.0069e-16    1.1293e-15    -0.17443    -2.1535e-14    7.1076e-16    1.6234e-15    -4.7285e-15    
4    3.192e-16    -5.0875e-15    -6.6915e-15    -5.7073e-15    3.7772e-15    2.206e-14    -0.17443    -2.5337e-16    -1.7661e-15    1.4366e-15    
5    -2.5487e-15    4.5354e-15    2.3637e-15    -8.7882e-15    1.0364e-15    -0.17443    -2.1885e-14    -1.1557e-15    1.1389e-15    5.5479e-15    
6    -3.3673e-15    3.7416e-15    4.2895e-15    -4.0629e-15    6.489e-17    2.2218e-14    -0.17443    2.1778e-15    5.7424e-16    2.0382e-15    
7    -7.9371e-15    -1.6041e-16    1.1665e-14    5.5432e-15    -1.1023e-16    -0.17443    -2.2095e-14    1.1023e-15    -2.0675e-16    8.1286e-15    
8    -1.8018e-15    8.9555e-17    5.0059e-15    6.7816e-15    -2.2469e-15    2.1131e-14    -0.17443    5.2743e-16    -3.1769e-16    7.8188e-16    
9    -7.4056e-16    4.0966e-15    -3.8169e-15    8.6149e-15    -1.3564e-15    -0.17443    -2.3001e-14    -1.1484e-15    1.7505e-15    -1.0414e-15    
10    4.2673e-15    -3.3999e-15    -8.1289e-15    3.5764e-15    -1.6138e-15    2.1544e-14    -0.17443    2.9512e-15    -1.9375e-15    -3.3038e-15    
11    0.22555    9.6451e-16    -7.7716e-16    -5.8981e-16    -0.31623    -2.9421e-15    2.6414e-15    0.31053    -0.22644    9.2754e-16    
12    0.22555    -1.6445e-15    -3.0531e-16    5.4123e-16    0.31623    -2.1684e-15    2.7167e-15    0.11813    -0.36572    -3.9645e-16    
13    0.22555    1.6376e-15    -2.2204e-16    -3.5041e-16    -0.31623    -5.5511e-16    2.1933e-17    -0.1194    -0.36531    -1.2796e-15    
14    0.22555    -9.3675e-16    6.5919e-16    7.6328e-16    0.31623    -1.8076e-15    -2.5334e-15    -0.31132    -0.22536    6.3446e-17    
15    0.22555    -3.6776e-16    -1.4572e-16    -5.5858e-16    -0.31623    -5.2736e-16    -3.2262e-15    -0.38432    0.00066899    1.1545e-15    
16    0.22555    -4.2327e-16    -2.5674e-16    2.1164e-16    0.31623    2.5015e-15    -4.3731e-15    -0.31053    0.22644    2.2853e-15    
17    0.22555    -5.8287e-16    2.498e-16    -1.9776e-16    -0.31623    2.0262e-15    -1.536e-15    -0.11813    0.36572    2.1996e-15    
18    0.22555    7.841e-16    4.996e-16    4.5103e-16    0.31623    3.0566e-15    -2.2429e-15    0.1194    0.36531    3.2937e-15    
19    0.22555    4.7878e-16    1.1102e-16    -5.447e-16    -0.31623    -1.7347e-15    1.077e-15    0.31132    0.22536    -4.8153e-16    
20    0.22555    -1.5196e-15    6.245e-16    2.8796e-16    0.31623    -1.0651e-15    1.3855e-15    0.38432    -0.00066899    -1.4884e-15    
21    -9.7313e-15    2.9532e-15    1.0971e-14    -1.0308e-14    8.4894e-16    0.17443    2.214e-14    1.0881e-15    1.1506e-16    9.4744e-15    
22    -8.5129e-15    4.3368e-16    1.3884e-14    -5.3707e-15    -1.0916e-15    -2.1368e-14    0.17443    -2.7855e-17    -5.2925e-16    6.351e-15    
23    -1.3902e-14    2.8562e-15    1.6542e-14    2.963e-15    -1.2824e-15    0.17443    2.1595e-14    -1.1044e-15    -1.899e-15    8.0651e-15    
24    -4.5462e-15    1.8935e-15    1.2032e-14    8.3089e-15    -3.0631e-15    -2.3311e-14    0.17443    9.6308e-19    2.4839e-15    1.1552e-16    
25    7.1234e-16    -1.3673e-15    -2.6906e-15    1.0262e-14    -1.5556e-15    0.17443    2.1011e-14    1.2827e-15    -1.4465e-15    -4.9846e-15    
26    3.1488e-15    -2.9542e-15    -5.7203e-15    7.9203e-15    -1.4585e-15    -2.1289e-14    0.17443    -2.1042e-15    -2.7644e-16    -3.3032e-15    
27    1.4507e-14    -3.1891e-15    -1.725e-14    -3.5621e-16    8.1734e-17    0.17443    2.3412e-14    -1.7338e-15    2.0369e-16    -1.029e-14    
28    3.5104e-15    4.0939e-16    -8.4039e-15    -3.7041e-15    5.2744e-15    -2.0952e-14    0.17443    -3.596e-16    7.0358e-16    -1.5629e-15    
29    7.8862e-15    -2.6044e-15    -6.4366e-15    -1.1287e-14    -2.6345e-16    0.17443    2.1579e-14    1.1788e-15    -1.7692e-15    -3.6497e-15    
30    -3.9209e-15    3.0765e-15    2.2603e-15    -1.0205e-14    2.4312e-15    -2.2749e-14    0.17443    -2.5342e-15    1.4713e-15    5.9082e-15    
31    -4.6977e-15    -3.034e-15    1.198e-14    5.0003e-15    -1.334e-15    -2.1844e-14    0.17443    -1.0218e-15    -3.0754e-16    2.1806e-15    
32    -6.8787e-15    3.4929e-15    8.0689e-15    1.0053e-14    -2.3399e-15    0.17443    2.0825e-14    -1.6532e-16    -2.1702e-15    2.539e-15    
33    3.8416e-15    1.2429e-15    -1.0747e-15    9.446e-15    -3.2266e-15    -2.3273e-14    0.17443    -1.4001e-16    1.3479e-15    -2.8142e-15    
34    9.478e-15    -5.7204e-15    -1.1666e-14    5.0433e-15    -9.4297e-16    0.17443    2.1852e-14    1.5204e-15    -8.5677e-16    -8.8586e-15    
35    7.5416e-15    -5.3169e-16    -9.5965e-15    1.4589e-15    -7.9841e-16    -2.0983e-14    0.17443    -1.884e-15    -1.237e-15    -3.6039e-15    
36    9.7721e-15    -2.9785e-15    -1.1367e-14    -7.0204e-15    5.9289e-16    0.17443    2.2723e-14    -1.1663e-15    4.3927e-16    -8.6874e-15    
37    2.0275e-15    -8.4481e-16    -3.5631e-15    -1.0609e-14    3.6572e-15    -2.2149e-14    0.17443    -6.8367e-16    -4.5164e-18    4.5251e-16    
38    -5.8594e-15    -7.5666e-16    9.3812e-15    -1.3787e-14    1.3925e-15    0.17443    2.1536e-14    1.7793e-15    -1.8116e-15    3.3326e-15    
39    -6.0086e-15    2.8788e-15    1.1512e-14    -6.6648e-15    -1.3808e-15    -2.1587e-14    0.17443    -3.1154e-15    1.6052e-15    4.0906e-15    
40    -1.6838e-14    3.2621e-15    2.2032e-14    3.2135e-15    1.3671e-15    0.17443    2.2774e-14    1.5728e-15    -4.3037e-16    1.2034e-14    
41    -4.1042e-17    -0.17872    -0.18257    6.2537e-16    5.2605e-16    2.5826e-15    2.7284e-15    -2.715e-15    4.4922e-15    -0.26088    
42    -7.7983e-17    0.17872    -0.18257    -1.9429e-16    -1.8041e-16    1.0617e-15    2.7983e-15    -2.0204e-15    -1.2827e-15    0.26088    
43    -2.8005e-16    -0.17872    -0.18257    -3.6429e-16    -1.288e-16    2.3046e-15    3.1552e-15    -5.0438e-16    -6.5099e-15    -0.26088    
44    2.4037e-16    0.17872    -0.18257    -1.8041e-16    -4.5797e-16    9.2981e-16    1.3228e-15    1.0061e-15    -1.1911e-15    0.26088    
45    5.4111e-17    -0.17872    -0.18257    1.0109e-15    7.0386e-16    1.5617e-15    3.2739e-15    3.4154e-15    5.726e-15    -0.26088    
46    4.0744e-16    0.17872    -0.18257    -1.3878e-16    5.1348e-16    2.6507e-15    1.7646e-15    -1.6446e-15    3.1791e-15    0.26088    
47    1.5253e-16    -0.17872    -0.18257    -2.459e-16    -1.1146e-16    1.5799e-15    4.1969e-15    -2.856e-15    3.8006e-16    -0.26088    
48    2.4527e-16    0.17872    -0.18257    -4.0246e-16    -1.5266e-16    2.4564e-15    2.1165e-15    3.0836e-16    -8.6732e-15    0.26088    
49    -2.5902e-16    -0.17872    -0.18257    1.1406e-15    -7.1167e-16    1.2369e-15    2.5395e-15    -4.7985e-17    5.1266e-16    -0.26088    
50    2.2123e-17    0.17872    -0.18257    1.8041e-16    7.7716e-16    1.2768e-15    2.2126e-15    4.5785e-15    4.4662e-15    0.26088    
51    -1.0483e-15    2.8883e-15    4.7514e-15    -3.9205e-16    -1.3496e-15    -1.7958e-14    0.14318    -1.6261e-15    2.2915e-15    2.9005e-15    
52    1.3387e-15    7.1953e-16    2.8748e-15    7.4725e-15    -2.9363e-15    0.14318    1.7483e-14    -1.9816e-16    -1.7721e-15    -2.0195e-16    
53    2.5052e-16    -1.2299e-15    3.1884e-15    -8.5869e-16    -2.7539e-15    -1.8825e-14    0.14318    1.3814e-16    1.21e-15    -2.1453e-15    
54    2.1066e-15    -2.9309e-15    -4.7569e-15    -2.9031e-15    1.6953e-15    0.14318    1.7357e-14    -1.2355e-15    -3.1098e-16    -7.9615e-15    
55    -1.3358e-15    -4.1668e-15    -2.9508e-15    -4.3108e-15    1.19e-15    -1.8097e-14    0.14318    -9.6065e-16    3.2355e-15    -6.9208e-15    
56    5.8493e-17    -1.6909e-15    4.5872e-15    2.7929e-15    -2.5334e-16    0.14318    1.8332e-14    2.2233e-16    -1.9398e-15    -4.958e-15    
57    -2.8435e-15    -1.197e-16    8.0543e-15    2.2499e-15    4.1798e-15    -1.7583e-14    0.14318    -1.9885e-15    6.0009e-16    -2.6019e-15    
58    -1.5021e-15    3.5403e-15    5.7003e-15    4.9583e-15    1.5287e-15    0.14318    1.8467e-14    1.0023e-15    -8.1648e-16    2.8501e-15    
59    -2.0233e-15    -1.5057e-15    5.6205e-16    -3.5657e-15    3.3038e-15    -1.7743e-14    0.14318    2.4573e-16    1.3405e-15    4.658e-15    
60    -2.153e-15    -6.1467e-16    -3.1023e-15    -1.3285e-15    -1.1538e-15    0.14318    1.8385e-14    -1.3776e-15    -2.5503e-15    8.8733e-15    
61    -4.5436e-16    1.0548e-14    3.2984e-16    -8.1385e-16    -9.3305e-15    7.5793e-17    1.6326e-16    7.0187e-16    4.3669e-15    7.7297e-15    
62    2.1096e-15    -9.4274e-15    2.1328e-15    6.452e-16    2.7674e-15    4.6146e-17    1.2885e-16    3.2449e-16    -4.1968e-15    -1.0769e-14    
63    -4.4591e-17    2.8951e-15    -1.4784e-15    9.2083e-16    2.354e-16    -2.404e-16    2.1927e-16    -2.9488e-15    1.576e-15    2.3885e-14    
64    2.2084e-15    4.0727e-15    -7.2091e-16    1.1994e-15    -3.7438e-15    1.7236e-16    1.1153e-16    -2.2465e-15    2.9414e-15    -2.1669e-14    
65    5.3593e-16    -5.9011e-16    -2.2069e-15    -4.5589e-16    4.4994e-15    -4.7113e-17    1.0009e-16    3.5625e-15    -1.523e-15    9.4291e-15    
66    9.1908e-16    -5.5155e-15    6.4787e-16    -1.3078e-15    -4.4769e-15    -8.8633e-17    2.4071e-16    -2.2746e-15    5.2734e-16    7.9461e-15    
67    -9.7215e-16    3.087e-15    -1.7252e-15    -8.9186e-16    6.5983e-15    2.1003e-16    -1.3299e-16    -2.7224e-15    1.9306e-15    -1.5063e-14    
68    1.6245e-15    1.1804e-14    4.2575e-16    1.5496e-15    -1.0216e-15    -4.9699e-17    -1.6086e-16    4.1368e-15    1.7226e-15    2.3831e-14    
69    1.7072e-16    -1.3415e-14    -2.866e-15    3.1796e-15    -3.8307e-15    1.5318e-16    -1.6689e-16    -3.2925e-15    -3.0298e-15    -8.1439e-15    
70    2.6011e-15    5.7595e-15    -8.449e-16    -1.7262e-15    8.445e-15    -4.1342e-17    -1.7806e-16    -5.8485e-16    -2.7152e-17    1.3536e-14    
71    1.4449e-16    0.18447    0.18257    0.22361    -7.9797e-16    -1.3774e-15    -1.2957e-15    1.0833e-15    -1.5352e-15    -0.12637    
72    1.6687e-16    -0.18447    0.18257    0.22361    -2.7756e-17    -5.5858e-16    -3.8358e-15    4.4507e-15    1.0783e-15    0.12637    
73    5.6385e-17    0.18447    0.18257    0.22361    4.996e-16    -1.2264e-15    -1.7011e-15    8.4563e-17    6.1377e-15    -0.12637    
74    -4.1807e-16    -0.18447    0.18257    0.22361    -1.1241e-15    -5.6899e-16    -2.3162e-15    -8.4838e-16    -8.6759e-16    0.12637    
75    -1.536e-16    0.18447    0.18257    0.22361    1.5613e-16    -4.944e-16    -1.8785e-15    -4.8794e-15    -5.0625e-15    -0.12637    
76    -3.7218e-16    -0.18447    0.18257    0.22361    -1.3808e-15    -2.2551e-15    -2.8335e-15    1.9686e-15    -1.9451e-15    0.12637    
77    -4.7768e-17    0.18447    0.18257    0.22361    2.7062e-16    -3.2266e-16    -2.7243e-15    3.8939e-15    1.7441e-15    -0.12637    
78    -1.7069e-16    -0.18447    0.18257    0.22361    -1.249e-16    -2.0539e-15    -3.0446e-15    3.7607e-16    5.4293e-15    0.12637    
79    1.4288e-16    0.18447    0.18257    0.22361    -4.4409e-16    1.2663e-16    -1.1421e-15    -1.5446e-15    2.0011e-16    -0.12637    
80    -1.12e-16    -0.18447    0.18257    0.22361    -3.1225e-16    -1.0339e-15    -3.0054e-15    -4.0835e-15    -5.6834e-15    0.12637    
81    2.0071e-15    4.1916e-15    3.1619e-15    -5.0723e-15    3.1003e-16    -0.020552    -3.1318e-15    -1.4789e-15    2.0394e-16    8.5687e-15    
82    -2.5864e-15    7.4463e-16    3.9636e-15    -6.5786e-15    -1.3519e-15    1.3028e-15    -0.020552    1.0366e-15    2.1161e-15    5.9527e-15    
83    -1.1173e-14    2.5304e-15    1.0659e-14    -8.1024e-15    8.632e-16    -0.020552    -2.6462e-15    7.2948e-16    1.2314e-15    1.1109e-14    
84    -2.7682e-15    -3.8381e-16    6.6475e-15    -2.6099e-15    -4.1755e-15    3.8702e-15    -0.020552    -1.2249e-15    -1.2682e-15    -3.9041e-15    
85    -9.059e-15    4.7347e-15    7.0355e-15    8.8084e-15    1.2036e-15    -0.020552    -1.8764e-15    -4.5994e-16    9.7047e-16    -2.9659e-16    
86    1.8535e-15    -2.4238e-15    5.81e-15    1.1969e-14    -1.0289e-15    1.6376e-15    -0.020552    2.5908e-15    -6.9603e-16    -7.8087e-15    
87    4.6223e-15    -2.6192e-15    -6.0749e-15    1.393e-14    -4.7499e-16    -0.020552    -4.1375e-15    5.1059e-16    -7.0626e-16    -8.0461e-15    
88    5.5839e-15    -2.0075e-15    -1.4565e-14    3.4781e-16    4.628e-15    2.4807e-15    -0.020552    -9.4204e-16    1.1755e-16    -1.4708e-15    
89    1.136e-14    -6.3374e-17    -1.6322e-14    -4.8757e-15    3.0846e-15    -0.020552    -1.1127e-15    -4.6266e-16    1.5995e-15    -3.3202e-16    
90    2.3071e-15    5.1701e-15    -8.3022e-15    -3.981e-15    5.0589e-16    3.6551e-15    -0.020552    8.2007e-16    -2.6948e-15    2.3861e-15    
91    -0.22165    -3.8156e-16    3.8581e-16    8.9975e-17    3.5722e-16    -3.0531e-15    -3.6712e-15    -0.13409    0.18524    1.2015e-15    
92    -0.22165    4.0525e-16    -4.7081e-17    -3.0744e-16    1.9605e-16    -1.8041e-15    -3.743e-15    0.00039806    0.22868    7.4425e-16    
93    -0.22165    2.3256e-16    -1.7773e-16    -9.9191e-17    -6.4136e-16    -2.4425e-15    -1.4901e-15    0.13474    0.18477    1.0816e-15    
94    -0.22165    -4.2284e-17    -1.0598e-16    3.3335e-16    -2.0958e-16    -2.5049e-15    -2.5177e-16    0.21761    0.070287    5.4088e-16    
95    -0.22165    1.8269e-16    1.2821e-17    9.4786e-17    -2.3941e-16    -2.4009e-15    -6.5096e-16    0.21736    -0.071045    -9.3906e-16    
96    -0.22165    -1.2748e-16    3.6687e-16    1.3595e-16    -2.015e-16    -5.9605e-15    -7.1368e-16    0.13409    -0.18524    -8.8219e-16    
97    -0.22165    2.5893e-16    -4.9223e-17    -4.9507e-17    -2.524e-16    -5.2458e-15    -2.535e-15    -0.00039806    -0.22868    1.1971e-15    
98    -0.22165    -9.5301e-17    -4.8027e-16    1.0541e-16    -1.4756e-16    -4.6213e-15    -2.6e-15    -0.13474    -0.18477    1.8642e-15    
99    -0.22165    -1.2517e-16    -2.3253e-16    1.1135e-16    1.4843e-16    -2.9698e-15    -3.2651e-15    -0.21761    -0.070287    8.0951e-16    
100    -0.22165    3.8091e-16    1.4791e-16    6.4293e-17    1.8265e-16    -1.6515e-15    -4.406e-15    -0.21736    0.071045    8.6022e-16    
101    -1.3844e-15    -4.9e-15    2.334e-15    -2.1126e-15    2.6843e-15    -0.14153    -1.8925e-14    3.1905e-16    1.3705e-15    -9.2204e-15    
102    -2.5248e-15    3.5302e-15    -3.799e-16    -4.0523e-15    -2.8137e-15    1.8381e-14    -0.14153    -1.2454e-15    -1.8209e-15    -3.8474e-15    
103    8.1649e-17    5.4363e-15    -7.246e-15    2.4602e-15    4.9249e-15    -0.14153    -1.5949e-14    3.1236e-15    3.8259e-16    -1.6904e-15    
104    -9.7523e-16    -1.2386e-15    1.5717e-15    6.1912e-15    -6.1496e-16    1.8999e-14    -0.14153    1.04e-15    -7.0904e-16    3.6781e-15    
105    3.9847e-15    3.1472e-15    3.4194e-15    8.7502e-15    3.1633e-15    -0.14153    -1.8405e-14    1.013e-15    6.2335e-16    1.3111e-14    
106    3.261e-16    -7.5807e-16    -2.7391e-15    1.033e-15    1.1319e-15    1.6882e-14    -0.14153    -1.1128e-15    -6.55e-16    4.8937e-15    
107    6.2411e-15    9.1184e-15    -1.506e-14    -1.899e-15    -8.4882e-16    -0.14153    -1.7895e-14    3.9688e-16    -1.5107e-15    9.8337e-15    
108    5.6967e-16    3.7054e-15    -7.3361e-15    9.8706e-16    -5.4323e-15    1.8346e-14    -0.14153    1.3413e-15    -1.892e-15    9.5875e-16    
109    2.8125e-15    -3.1356e-15    -2.2376e-15    -1.4845e-16    -3.0258e-15    -0.14153    -1.7929e-14    7.8743e-17    1.4468e-15    -2.8589e-15    
110    -1.237e-15    -1.1692e-15    4.0384e-15    -3.5952e-15    -2.5084e-15    1.6522e-14    -0.14153    4.6134e-16    1.261e-15    -3.2703e-16    
111    3.115e-15    -2.6813e-15    -6.588e-15    1.5082e-14    -4.0871e-15    -2.174e-16    2.3876e-16    -1.5001e-15    -1.4873e-15    -7.5442e-15    
112    7.3795e-15    -1.4759e-15    -1.0313e-14    7.3885e-15    -1.3708e-15    8.3267e-17    7.9931e-17    2.3056e-16    4.4781e-16    -1.0707e-14    
113    1.8779e-14    -7.9794e-15    -2.1254e-14    4.7852e-15    -1.9613e-15    3.3625e-16    -1.9877e-16    -2.5467e-16    -8.8411e-16    -2.3892e-14    
114    4.8558e-15    -2.1452e-15    -1.3007e-14    -4.8468e-15    4.485e-15    -4.4409e-16    4.519e-16    5.4227e-16    3.3993e-16    -5.5071e-15    
115    9.0889e-15    -6.5839e-15    -2.0666e-15    -1.1198e-14    1.9378e-15    4.2269e-16    -4.3431e-16    -1.7374e-15    7.1614e-16    -9.2216e-15    
116    -5.2878e-15    1.5429e-15    6.5995e-16    -1.5246e-14    6.1962e-15    -4.0939e-16    4.1619e-16    -3.5577e-18    8.7684e-16    4.5117e-15    
117    -1.247e-14    3.5555e-15    1.7435e-14    -9.1558e-15    1.6249e-15    -1.0309e-16    -2.5394e-17    4.1267e-16    -1.1482e-15    1.3776e-14    
118    -9.0402e-15    2.8478e-15    1.7041e-14    -1.5004e-15    -2.9642e-15    1.3184e-16    -2.7659e-16    4.5185e-16    5.9222e-16    7.1405e-15    
119    -1.6187e-14    3.9456e-15    1.9827e-14    1.1015e-14    -1.9532e-15    -4.193e-16    3.419e-16    -1.4895e-16    -3.9737e-16    1.443e-14    
120    -1.0236e-15    -5.186e-15    1.1467e-14    8.8235e-15    -3.6139e-15    4.6491e-16    -4.1222e-16    4.6915e-16    1.1602e-15    -4.8516e-16    
121    7.5217e-15    1.0736e-15    -7.893e-15    1.1064e-14    -4.8491e-16    -0.020552    -1.6411e-15    -1.3707e-15    -8.8976e-17    4.9692e-15    
122    3.9586e-15    7.3514e-16    -1.1105e-14    1.3318e-15    -6.4274e-16    4.3091e-15    -0.020552    1.0036e-15    -2.3061e-15    -1.9611e-15    
123    1.2642e-14    -1.637e-15    -1.9129e-14    6.8026e-16    -4.1412e-15    -0.020552    -2.211e-15    -1.9691e-15    -8.0792e-16    -8.0456e-15    
124    1.1212e-15    -1.9407e-15    -5.2208e-15    -6.046e-15    2.1483e-15    1.4502e-15    -0.020552    3.5923e-16    1.4629e-15    -5.98e-16    
125    3.1615e-15    -8.2307e-15    7.8885e-15    -5.8046e-15    -1.1796e-15    -0.020552    -3.3631e-15    -2.8183e-16    1.8472e-15    -8.743e-15    
126    -5.3246e-15    1.1715e-15    6.2369e-15    -1.3511e-14    1.6209e-17    3.3411e-15    -0.020552    -7.3752e-16    -1.5837e-15    -1.0518e-15    
127    -8.9529e-15    1.3703e-15    6.3347e-15    -1.5608e-15    3.4168e-15    -0.020552    -1.4226e-15    -3.276e-16    1.1365e-15    -1.8717e-16    
128    -6.3139e-15    3.6023e-16    8.7207e-15    3.7671e-16    1.2321e-15    2.2968e-15    -0.020552    2.9784e-15    1.2435e-16    7.6084e-16    
129    -7.5439e-15    1.3416e-15    1.0876e-14    1.3658e-14    -4.7117e-16    -0.020552    -4.2488e-15    1.258e-15    -1.3069e-15    7.0176e-15    
130    -3.6659e-16    -4.7047e-15    8.4876e-15    7.9317e-15    7.565e-16    1.5508e-15    -0.020552    -6.7756e-16    5.4845e-16    3.0555e-15    
131    -1.9223e-15    1.664e-15    -1.1388e-15    -9.1832e-16    2.2257e-15    -1.8355e-14    0.14318    -3.2862e-15    1.4056e-15    5.5491e-15    
132    -2.8786e-15    6.1876e-15    -4.9008e-17    4.4663e-16    -2.4211e-15    0.14318    1.7691e-14    1.9982e-15    -6.6385e-16    9.1182e-15    
133    8.9159e-17    -9.3935e-16    4.1872e-15    -1.7384e-15    -2.5279e-15    -1.8201e-14    0.14318    -1.491e-15    -1.4161e-15    4.6416e-15    
134    -2.6816e-15    -3.4654e-15    6.79e-15    5.7671e-16    3.2679e-16    0.14318    1.8131e-14    -2.5331e-17    1.128e-15    1.31e-15    
135    9.2839e-16    4.7662e-16    5.0958e-15    -1.5654e-15    -4.5547e-15    -1.7519e-14    0.14318    -6.1186e-16    7.2866e-16    -3.4371e-15    
136    -1.1692e-15    -1.7845e-15    -5.6814e-15    6.191e-15    -1.1278e-15    0.14318    1.8573e-14    2.0742e-15    -1.154e-15    -7.7994e-15    
137    1.8165e-15    -2.9078e-15    -1.8531e-15    4.5385e-16    1.5571e-15    -1.7836e-14    0.14318    -2.4108e-15    -8.6482e-16    -3.7082e-15    
138    1.2365e-15    1.8569e-15    1.1507e-15    3.1175e-16    3.5358e-15    0.14318    1.7929e-14    2.0856e-15    -3.3218e-16    -3.378e-15    
139    5.7502e-17    -2.0652e-15    4.3299e-15    1.9798e-16    2.1762e-15    -1.8282e-14    0.14318    -1.0472e-15    2.801e-16    8.2488e-16    
140    -4.2287e-17    -4.1433e-16    3.1432e-15    1.9991e-15    1.8478e-15    0.14318    1.781e-14    -2.6957e-16    -2.6394e-15    9.8367e-15    
141    1.1196e-16    0.18447    0.18257    -0.22361    -9.1593e-16    -2.9785e-15    -1.9081e-15    2.139e-15    -3.3318e-15    -0.12637    
142    -2.0566e-17    -0.18447    0.18257    -0.22361    5.8287e-16    -2.3176e-15    -4.2083e-15    3.7483e-15    -1.6143e-15    0.12637    
143    1.7182e-16    0.18447    0.18257    -0.22361    3.2266e-16    -2.8085e-15    -2.1146e-15    -1.9897e-15    6.6275e-15    -0.12637    
144    -3.1294e-17    -0.18447    0.18257    -0.22361    1.5266e-16    -1.9776e-15    -2.7774e-15    -6.3406e-16    1.7025e-15    0.12637    
145    1.0889e-16    0.18447    0.18257    -0.22361    8.5001e-16    -1.9134e-15    -2.2583e-15    -3.4893e-15    -3.5522e-15    -0.12637    
146    -2.8536e-16    -0.18447    0.18257    -0.22361    -1.4294e-15    -3.747e-15    -3.1527e-15    3.3063e-15    -3.8924e-15    0.12637    
147    -1.7901e-16    0.18447    0.18257    -0.22361    9.8185e-16    -1.9446e-15    -3.1863e-15    2.4613e-15    -1.3722e-15    -0.12637    
148    -3.4937e-16    -0.18447    0.18257    -0.22361    -1.3878e-17    -3.6221e-15    -3.5629e-15    -1.5266e-15    6.5784e-15    0.12637    
149    1.638e-16    0.18447    0.18257    -0.22361    1.0061e-15    -1.6254e-15    -1.6005e-15    -6.3551e-16    2.7692e-15    -0.12637    
150    1.025e-16    -0.18447    0.18257    -0.22361    3.3307e-16    -2.6437e-15    -3.5671e-15    -3.0638e-15    -5.2129e-15    0.12637    
151    2.6826e-15    -3.2979e-15    -7.394e-15    -1.3574e-15    -9.3469e-16    2.0942e-14    -0.16373    3.5581e-15    -4.3157e-15    1.6047e-15    
152    3.7403e-15    -9.3038e-16    -7.1496e-15    -8.2869e-15    3.8657e-16    -0.16373    -1.9956e-14    -3.2956e-15    9.3261e-16    3.4725e-15    
153    4.0617e-16    4.3819e-15    -1.7449e-15    -2.0508e-15    -5.1478e-16    2.1403e-14    -0.16373    1.6777e-15    1.8351e-15    -1.1432e-15    
154    -1.4104e-15    -1.3618e-15    3.4838e-15    3.3579e-15    -2.9062e-15    -0.16373    -2.0156e-14    1.5063e-15    3.9184e-16    -1.4824e-15    
155    -7.5123e-16    -1.6614e-15    1.9114e-15    -5.1326e-16    -1.8551e-16    2.0175e-14    -0.16373    1.2331e-16    -3.4303e-15    -7.5431e-16    
156    -1.854e-15    2.9931e-15    1.7197e-16    -3.7211e-15    2.9202e-15    -0.16373    -2.1165e-14    -1.9355e-15    3.3863e-15    -4.9515e-15    
157    -8.0998e-16    -6.4185e-17    -3.0225e-15    -1.3986e-15    -3.168e-16    2.0005e-14    -0.16373    4.8513e-15    -4.0597e-17    -2.0284e-15    
158    2.5352e-16    -6.0076e-15    -8.5057e-17    5.0927e-15    -2.088e-16    -0.16373    -2.1241e-14    -7.1968e-16    -1.0984e-15    6.4216e-16    
159    2.5395e-16    2.8354e-15    -1.5649e-15    5.4773e-15    1.4316e-15    2.0348e-14    -0.16373    -5.8873e-16    -2.4493e-16    2.6005e-16    
160    4.4837e-15    5.8767e-15    -3.7707e-15    4.8701e-15    6.6048e-16    -0.16373    -2.0534e-14    9.0925e-16    3.448e-15    2.6257e-16    
161    -2.5404e-15    -4.774e-15    4.885e-15    1.1435e-14    -1.1102e-16    -0.14153    -1.8416e-14    7.9469e-16    7.6056e-16    -1.103e-14    
162    1.4433e-15    -4.9492e-15    1.0545e-15    2.2107e-15    6.5618e-15    1.8307e-14    -0.14153    -3.9872e-16    1.5015e-15    -3.6407e-15    
163    1.3323e-15    -4.7196e-15    -7.12e-16    6.7274e-15    1.3627e-15    -0.14153    -1.6746e-14    -3.7531e-16    3.2878e-16    -2.1104e-15    
164    3.0735e-15    3.3009e-15    -1.1203e-14    -4.5662e-15    3.7594e-15    1.7806e-14    -0.14153    1.1124e-16    1.2976e-16    2.4621e-15    
165    5.1921e-15    2.2194e-15    -8.643e-15    -8.3617e-16    -5.9286e-16    -0.14153    -1.9211e-14    -1.1976e-16    -1.5784e-15    5.4133e-15    
166    1.9359e-15    4.6955e-15    -2.9388e-15    -8.0264e-16    -3.854e-15    1.6341e-14    -0.14153    1.4834e-15    1.5379e-15    5.5651e-15    
167    1.6298e-16    -2.828e-15    7.3757e-15    8.4494e-16    -1.0088e-15    -0.14153    -1.7731e-14    -1.6616e-15    1.1277e-15    4.0472e-15    
168    9.0262e-16    -3.6952e-15    -1.0443e-15    -8.2451e-15    -1.8207e-15    1.9158e-14    -0.14153    1.0587e-15    -7.6244e-17    -2.5936e-15    
169    -2.9393e-15    1.5109e-15    -3.9897e-16    -3.1117e-15    -2.9034e-17    -0.14153    -1.7319e-14    -1.2767e-15    1.1925e-15    -6.0041e-15    
170    9.9538e-16    3.0159e-16    -7.7998e-16    7.1215e-16    -1.49e-15    1.7384e-14    -0.14153    2.0118e-15    -8.7659e-24    -1.1518e-14    
#Execution time: 1440.7 s
