#Fermion code
#Is hermitian: 1
1   1 100
2   2 100
3   3 100
4   4 100
5   5 100
6   6 100
7   7 100
8   8 100
9   9 100
10   10 100

11   1 110
12   2 110
13   3 110
14   4 110
15   5 110
16   6 110
17   7 110
18   8 110
19   9 110
20   10 110

21   1 210
22   2 210
23   3 210
24   4 210
25   5 210
26   6 210
27   7 210
28   8 210
29   9 210
30   10 210

31   1 120
32   2 120
33   3 120
34   4 120
35   5 120
36   6 120
37   7 120
38   8 120
39   9 120
40   10 120

41   1 101
42   2 101
43   3 101
44   4 101
45   5 101
46   6 101
47   7 101
48   8 101
49   9 101
50   10 101

51   1 201
52   2 201
53   3 201
54   4 201
55   5 201
56   6 201
57   7 201
58   8 201
59   9 201
60   10 201

61   1 111
62   2 111
63   3 111
64   4 111
65   5 111
66   6 111
67   7 111
68   8 111
69   9 111
70   10 111

71   1 211
72   2 211
73   3 211
74   4 211
75   5 211
76   6 211
77   7 211
78   8 211
79   9 211
80   10 211

81   1 311
82   2 311
83   3 311
84   4 311
85   5 311
86   6 311
87   7 311
88   8 311
89   9 311
90   10 311

91   1 121
92   2 121
93   3 121
94   4 121
95   5 121
96   6 121
97   7 121
98   8 121
99   9 121
100   10 121

101   1 221
102   2 221
103   3 221
104   4 221
105   5 221
106   6 221
107   7 221
108   8 221
109   9 221
110   10 221

111   1 131
112   2 131
113   3 131
114   4 131
115   5 131
116   6 131
117   7 131
118   8 131
119   9 131
120   10 131

121   1 331
122   2 331
123   3 331
124   4 331
125   5 331
126   6 331
127   7 331
128   8 331
129   9 331
130   10 331

131   1 102
132   2 102
133   3 102
134   4 102
135   5 102
136   6 102
137   7 102
138   8 102
139   9 102
140   10 102

141   1 112
142   2 112
143   3 112
144   4 112
145   5 112
146   6 112
147   7 112
148   8 112
149   9 112
150   10 112

151   1 212
152   2 212
153   3 212
154   4 212
155   5 212
156   6 212
157   7 212
158   8 212
159   9 212
160   10 212

161   1 122
162   2 122
163   3 122
164   4 122
165   5 122
166   6 122
167   7 122
168   8 122
169   9 122
170   10 122

#170 operators generated.
#Correlation matrix eigenvalues: 
-2.5139126153394584e-17
-2.1349984221067773e-17
-2.006587628278788e-17
-1.7399686473860625e-17
-1.4989174850403184e-17
-1.3092907892820569e-17
-1.2638428880012537e-17
-1.0480093119695852e-17
-9.8004008187485637e-18
-7.5398636826216335e-18
-5.5772174956466516e-18
-3.8784428511026789e-18
-3.157748577560236e-18
-3.122854634891366e-18
-2.7997472220346516e-18
-1.9140790950945432e-18
-1.6364207999217692e-18
-1.6012589799931552e-18
-1.2498759596351259e-18
-8.6200502054310815e-19
-7.0445151075985684e-19
-6.4710686142657829e-19
-5.9308037333089628e-19
-5.3655741967545315e-19
-4.7675443825026925e-19
-4.382601722871513e-19
-4.3148324656808727e-19
-4.1743544605296911e-19
-2.8531988199246697e-19
-2.7490810703348783e-19
-2.6038657466421454e-19
-2.2431159025244964e-19
-2.1340200642343047e-19
-1.7296063149148687e-19
-1.5279928203413617e-19
-1.3649971864614808e-19
-1.3396333944772752e-19
-1.2264149215535392e-19
-9.9464781918749222e-20
-9.6886328055957226e-20
-8.2299126727930353e-20
-8.1738975691515318e-20
-7.2340484061881762e-20
-6.2731103220954886e-20
-5.3383604791532704e-20
-4.6773374652954152e-20
-4.6220639528985393e-20
-4.4201822023099085e-20
-4.3786940229870268e-20
-3.8954502562902841e-20
-3.3746619413620616e-20
-3.1037944483513916e-20
-2.1996758066924339e-20
-2.098958731549627e-20
-2.0273159824596146e-20
-1.4393666000079123e-20
-1.2091944714592436e-20
-1.1636135361385431e-20
-1.1373466459937696e-20
-1.0991321122583067e-20
-5.7272083075404835e-21
-3.7407300900182437e-21
-3.3649868330374613e-21
-1.1588431848470187e-21
2.0755708824889017e-21
2.8071845596873795e-21
4.4843239105570282e-21
7.4654410321165368e-21
1.0409866932226935e-20
1.1963218488176447e-20
1.7738966974632519e-20
1.8477694802632829e-20
1.8920748938272008e-20
1.9366731644097262e-20
2.6242774563723971e-20
2.9940815111449321e-20
3.6166534747188481e-20
3.7435867748960055e-20
4.2217094001252693e-20
4.386873433931716e-20
4.4386790757886606e-20
5.0779409963413215e-20
5.356683331752212e-20
5.4011611070377341e-20
5.9589722641776055e-20
6.6320607703697278e-20
7.9290801985558578e-20
8.0129808768009314e-20
8.7203193272044185e-20
1.0486263685740112e-19
1.0705597408637638e-19
1.1182813702297924e-19
1.2350960623258803e-19
1.4179282227196998e-19
1.4697583715134453e-19
1.7601619484446563e-19
1.969365969146157e-19
2.7224909697572147e-19
2.7247716190188994e-19
3.4176736429941225e-19
3.8972939370436834e-19
4.1495992381088219e-19
4.7759015980697209e-19
5.7915605424667918e-19
9.0025413038917626e-19
9.5993587044482883e-19
9.8406606851043845e-19
1.3946717288262138e-18
1.4235983155314109e-18
1.6894412527129427e-18
2.0484054796956265e-18
3.1517234870939537e-18
4.1674217852743295e-18
4.7237712402698322e-18
5.751090104765471e-18
7.4460961220683669e-18
7.5009670948507659e-18
8.7315202079406758e-18
8.7332678011259916e-18
1.0396872419392084e-17
1.4126881783453202e-17
2.3374762587402387e-17
3.1749875320815299e-17
3.2261724936525968e-17
2.2757455858227326e-06
2.2757455858237295e-06
8.575758541088401e-06
8.5757585410933985e-06
8.7502252873003329e-06
8.7502252873115917e-06
0.00016329713228586647
0.00016329713228586956
0.00018323434355849516
0.00018323434355850318
0.0002137653560177852
0.00021376535601779116
0.00030815372599666082
0.00030815372599666321
0.00035107302384084497
0.00035107302384086849
0.00099746150186408333
0.00099746150186409222
0.0010940595264235416
0.001094059526423544
0.001267941309849329
0.0012679413098493305
0.001475473744892069
0.001475473744892075
0.0032760601869037775
0.0036974755712756006
0.0036974755712756253
0.0038346192321638446
0.0051799137648772574
0.005179913764877267
0.0053729566743556103
0.010084175665880392
0.010084175665880398
0.011119441059055456
0.011119441059055503
0.01262882631206844
0.012628826312068442
0.021951608031707811
0.021951608031707901
0.024858859145996216
0.024858859145996243
0.031089323389741099
0.033444943635486786
0.033843159741222109
0.11504731857577279
0.14606796307705636
#10 eigenvectors corresponding to largest eigenvalues: 
1    2.8431e-16    2.5844e-16    -5.6149e-16    2.6645e-15    6.4864e-15    -4.1544e-17    -2.4624e-17    9.0809e-16    -4.9282e-16    -2.5922e-17    
2    1.123e-15    4.5675e-16    1.3216e-15    4.3025e-15    -9.0662e-16    -3.5787e-16    4.4719e-16    -1.6611e-15    -2.1875e-15    6.2095e-17    
3    3.5133e-16    -6.0015e-16    -5.5891e-16    9.9418e-16    -1.0115e-14    3.224e-17    9.0762e-19    3.2705e-16    4.3901e-16    -1.0609e-17    
4    -9.3146e-16    6.4916e-16    -1.5594e-16    2.0965e-15    1.7919e-15    7.9215e-17    -1.0059e-15    2.2568e-15    -1.9033e-15    -2.9852e-16    
5    6.2158e-16    -1.0725e-15    7.6772e-16    -1.8788e-15    8.5067e-15    9.0963e-17    -4.8774e-17    -4.1062e-16    5.401e-16    2.5944e-16    
6    1.3291e-17    -7.8465e-16    -7.522e-16    -8.0507e-15    -1.8002e-15    5.4407e-16    3.9016e-16    2.1838e-15    1.0118e-15    5.5706e-16    
7    8.8151e-16    1.1182e-15    -1.1389e-15    9.3386e-16    -3.5496e-15    3.7671e-17    2.8477e-16    -2.5196e-16    8.8443e-17    1.1265e-16    
8    -7.3159e-16    -1.6524e-15    7.3716e-16    1.2475e-14    -1.2034e-15    -9.4366e-16    -1.8543e-16    -6.5811e-16    2.7241e-15    3.6274e-16    
9    -1.9236e-15    1.264e-16    1.2927e-15    -2.2591e-15    -1.7015e-15    -3.6205e-16    -1.7295e-16    -5.3264e-16    -5.6602e-16    -2.1034e-17    
10    7.4374e-16    9.9385e-16    -1.099e-15    -1.058e-14    1.7366e-15    5.0373e-16    -4.8587e-16    -2.1151e-15    7.3619e-16    -1.2306e-16    
11    0.31623    7.0447e-16    -2.0079e-15    2.3849e-14    0.27892    -0.39193    -0.10301    -0.40516    0.16413    0.1036    
12    -0.31623    -4.2537e-15    -2.2413e-15    5.4887e-15    0.27892    -0.37762    0.14703    -0.030895    -0.43605    -0.0092181    
13    0.31623    -2.0179e-16    -5.4505e-15    -3.3182e-14    0.27892    -0.21908    0.34091    0.42425    0.10536    -0.11851    
14    -0.31623    2.9008e-16    -1.1929e-14    1.8124e-14    0.27892    0.023145    0.40458    -0.23131    0.37093    -0.18254    
15    0.31623    -7.7799e-15    -1.3916e-14    1.7861e-14    0.27892    0.25653    0.31371    -0.2813    -0.33461    -0.17684    
16    -0.31623    -4.4544e-15    -7.4169e-15    -2.3688e-14    0.27892    0.39193    0.10301    0.40516    -0.16413    -0.1036    
17    0.31623    1.3527e-15    -3.4061e-15    4.5658e-15    0.27892    0.37762    -0.14703    0.030895    0.43605    0.0092181    
18    -0.31623    1.7404e-15    -9.7665e-16    2.1608e-14    0.27892    0.21908    -0.34091    -0.42425    -0.10536    0.11851    
19    0.31623    4.6445e-15    8.1306e-15    -9.7786e-15    0.27892    -0.023145    -0.40458    0.23131    -0.37093    0.18254    
20    -0.31623    4.2288e-15    6.9767e-15    -1.8669e-14    0.27892    -0.25653    -0.31371    0.2813    0.33461    0.17684    
21    2.3173e-15    -5.595e-15    -2.4347e-15    2.9283e-15    -2.6742e-15    4.2077e-16    1.0841e-15    -6.1193e-15    9.7704e-15    -1.1466e-15    
22    6.3256e-15    3.2289e-15    1.0512e-15    8.2347e-15    -9.2981e-16    -8.5175e-16    -1.7607e-16    -1.471e-15    -1.0814e-14    1.166e-16    
23    -2.2684e-16    7.7013e-15    2.9039e-15    -2.5155e-15    -1.852e-15    4.5572e-16    8.1548e-16    -3.6338e-16    -1.0263e-14    -4.4741e-16    
24    -9.5166e-15    -2.7962e-15    -8.9252e-16    -4.3611e-15    -2.1597e-15    4.198e-16    -8.6788e-16    1.113e-14    3.4742e-15    7.0381e-16    
25    1.9795e-15    -9.5852e-15    -3.307e-15    -2.3709e-15    6.0829e-15    4.5518e-16    1.1546e-15    6.3477e-15    9.032e-15    -2.034e-17    
26    7.3235e-15    -2.7085e-16    -7.2251e-16    3.263e-15    -2.1424e-15    -4.146e-16    -1.1781e-16    -6.9111e-15    5.1233e-15    1.2313e-15    
27    -1.5063e-15    8.1119e-15    2.2763e-15    1.0484e-15    -6.3436e-15    2.0141e-16    8.4491e-16    -1.1773e-14    -3.7402e-15    -7.2361e-16    
28    -3.1322e-15    -8.6216e-16    3.7817e-16    2.106e-15    1.7044e-15    -9.8012e-16    -7.2887e-16    2.3592e-15    -1.6842e-15    -2.2625e-16    
29    -2.1142e-15    -6.9656e-16    1.4167e-16    2.6048e-15    3.0739e-15    -3.2229e-16    4.9609e-16    1.1599e-14    -4.9241e-15    -1.0933e-15    
30    4.7963e-16    1.3797e-15    -6.6093e-16    -8.1653e-15    1.9863e-15    6.9389e-18    -2.5989e-16    -4.8989e-15    4.5042e-15    -7.7796e-17    
31    3.2781e-15    1.5988e-15    1.1883e-15    -4.4357e-15    -2.446e-16    2.9317e-16    1.3643e-16    -2.72e-15    -7.5614e-15    5.7825e-17    
32    -1.0349e-15    4.9816e-15    2.1587e-16    4.2723e-15    -4.5851e-15    -6.2246e-16    -1.1328e-15    8.4431e-15    -9.839e-15    1.1365e-15    
33    -5.9175e-15    -1.0063e-15    1.3297e-15    4.5849e-15    2.7383e-15    1.9255e-16    -1.0111e-15    2.6784e-15    2.7358e-15    -4.6013e-16    
34    2.1829e-15    -1.0977e-14    -2.493e-15    7.8861e-16    -1.3143e-15    -2.6199e-16    -8.3694e-16    2.267e-16    1.2398e-14    9.4843e-16    
35    7.7091e-15    2.6038e-15    -8.5001e-16    -7.5773e-15    2.1285e-15    7.4073e-16    -3.0718e-16    -2.2343e-15    -5.3559e-15    -1.3957e-16    
36    1.0267e-15    9.7733e-15    2.5887e-15    4.9211e-16    3.8399e-15    -2.1647e-16    -8.3819e-16    -7.7301e-15    -7.7782e-15    7.5897e-16    
37    -8.7249e-15    -4.5448e-15    7.5634e-16    5.5823e-15    -3.832e-15    -2.2204e-16    5.467e-16    1.0075e-14    2.351e-15    3.8459e-16    
38    -6.1709e-16    -5.595e-15    -2.0006e-15    -3.7753e-15    -4.0421e-15    -8.1597e-16    -5.066e-16    1.0178e-14    2.7349e-15    6.4793e-16    
39    3.2099e-15    -4.7307e-16    -1.0816e-15    1.648e-15    -5.3603e-16    9.0206e-17    -5.9563e-16    -7.841e-15    8.6291e-15    5.3699e-16    
40    -1.0991e-15    1.4791e-15    1.2001e-15    -1.8344e-15    6.3472e-15    -4.4e-16    -7.7545e-16    -1.0861e-14    2.783e-15    8.1563e-16    
41    -1.1088e-15    0.25731    -0.18382    -0.10541    -1.0559e-14    -5.4253e-16    -1.9092e-15    -7.4628e-15    -1.6853e-15    4.2059e-16    
42    9.7894e-16    -0.25731    0.18382    -0.10541    8.4759e-15    8.37e-16    8.0794e-16    -7.0586e-15    1.7494e-15    -2.2103e-15    
43    -2.6604e-16    0.25731    -0.18382    -0.10541    2.3237e-15    -2.1836e-16    -2.7979e-16    -6.4809e-15    -1.6093e-15    2.595e-15    
44    -7.1628e-16    -0.25731    0.18382    -0.10541    -7.8167e-15    1.6822e-15    2.0216e-16    -7.4801e-15    1.324e-15    -1.2714e-15    
45    5.6503e-16    0.25731    -0.18382    -0.10541    3.4877e-15    -4.9743e-16    -8.7411e-16    -5.9969e-15    -1.1942e-15    -2.7503e-16    
46    6.4697e-16    -0.25731    0.18382    -0.10541    4.6404e-15    5.0567e-16    9.1242e-16    -8.2972e-15    1.638e-15    1.0275e-15    
47    -6.3952e-16    0.25731    -0.18382    -0.10541    -5.5841e-15    8.5197e-16    -1.039e-15    -5.7211e-15    -2.4777e-15    -1.9064e-16    
48    -4.6179e-17    -0.25731    0.18382    -0.10541    9.4369e-16    8.6519e-16    9.2027e-16    -8.2677e-15    3.1288e-15    -1.2008e-15    
49    6.5145e-16    0.25731    -0.18382    -0.10541    2.0921e-15    -7.4008e-16    -1.4707e-15    -6.0611e-15    -2.6718e-15    1.1415e-15    
50    1.6257e-18    -0.25731    0.18382    -0.10541    3.7696e-15    1.9685e-15    1.7748e-15    -7.3587e-15    1.6833e-15    6.8775e-17    
51    1.7448e-15    -3.3427e-16    -2.7821e-15    9.5444e-15    3.9291e-16    -4.9787e-16    1.1384e-15    2.4286e-15    -4.0383e-17    -9.5049e-18    
52    -6.6328e-16    6.9349e-15    3.1852e-15    -2.2578e-15    -1.0037e-15    9.1278e-16    2.3335e-16    -3.0445e-15    -6.9742e-15    -5.2932e-16    
53    -4.2403e-15    -4.0871e-15    2.06e-16    -8.0404e-15    6.0152e-16    9.0206e-17    2.0814e-16    2.8727e-15    7.0534e-15    -2.9162e-16    
54    -1.489e-15    -3.4355e-15    -2.8127e-15    2.8191e-15    4.3652e-15    1.0796e-15    6.5032e-16    5.3426e-15    2.759e-15    -1.6483e-16    
55    5.41e-15    1.0802e-15    1.4051e-15    4.4357e-15    -1.9164e-15    -5.0394e-16    2.7773e-16    -1.1151e-14    1.647e-15    3.9684e-16    
56    -2.6319e-15    2.1605e-15    2.4437e-15    -7.802e-16    -7.2764e-15    1.0737e-15    -1.4717e-17    -6.0999e-15    -1.353e-15    -2.8681e-16    
57    4.8217e-17    3.8122e-15    -1.2941e-15    1.3479e-15    1.478e-15    -6.9909e-16    4.756e-16    9.6451e-16    -9.1293e-15    -7.0408e-16    
58    3.461e-15    -9.1862e-16    -1.136e-15    -6.9273e-16    6.2459e-15    6.0576e-16    2.8898e-16    7.5989e-15    -2.8954e-15    -3.8635e-16    
59    -1.5672e-15    -1.983e-15    2.6589e-15    -5.8165e-15    -2.2738e-15    3.7297e-17    3.6941e-16    4.8572e-15    7.6342e-16    -2.3887e-16    
60    1.3256e-15    -4.9039e-15    -1.5004e-15    2.2962e-15    -3.5299e-15    1.4194e-15    1.021e-15    -4.3027e-15    7.8818e-15    -3.8776e-16    
61    -1.1132e-14    -4.5474e-15    -1.2702e-15    4.6742e-17    -3.9005e-16    -3.1618e-16    2.9513e-15    -7.6869e-15    1.132e-14    -1.8464e-15    
62    -1.1106e-14    1.1049e-14    3.3488e-15    -6.9182e-17    1.5948e-17    3.1638e-15    -5.8214e-16    1.2619e-14    -1.5925e-16    1.9779e-16    
63    2.845e-15    1.278e-14    3.478e-15    2.4636e-16    -1.2881e-17    -3.7677e-15    1.3632e-16    -9.3584e-15    -1.5127e-14    -3.1611e-15    
64    2.1441e-15    6.7914e-15    2.384e-15    1.088e-16    -5.0517e-16    -3.9143e-16    3.1112e-15    -5.3408e-15    3.1181e-15    1.0385e-15    
65    1.2143e-14    1.2499e-14    4.3159e-15    1.9711e-16    -4.4775e-16    -7.5238e-18    -2.214e-15    1.5645e-14    -3.5065e-15    -3.241e-15    
66    1.1115e-14    -5.1332e-15    -1.9379e-15    2.9564e-16    -2.8397e-17    -1.9546e-16    1.5974e-15    7.3049e-15    -1.7688e-15    5.0792e-16    
67    2.0138e-15    -7.1257e-15    -2.2333e-15    9.1206e-18    3.0093e-16    2.5948e-15    -1.9737e-15    -1.5857e-15    6.119e-15    -3.7067e-15    
68    8.0687e-15    -1.4112e-14    -4.6593e-15    3.7252e-17    -1.6201e-16    -4.2168e-15    -8.5737e-16    -7.7348e-15    1.3749e-14    -2.8495e-16    
69    -6.2657e-15    -1.2838e-14    -4.8214e-15    2.1487e-16    -4.5119e-16    2.5692e-15    3.09e-15    4.7109e-15    8.6968e-16    -1.9451e-15    
70    -1.0027e-14    2.1496e-15    3.4323e-16    7.3539e-17    -7.5946e-16    1.08e-15    -2.5967e-15    -1.0386e-14    -1.3784e-14    -6.8514e-16    
71    3.0801e-15    0.12998    0.18195    -0.21082    1.0408e-17    2.7582e-16    5.5992e-15    -1.6338e-14    -2.6769e-15    6.4219e-16    
72    4.159e-16    -0.12998    -0.18195    -0.21082    7.5079e-15    -3.5215e-16    -3.3061e-15    -1.0932e-14    -1.176e-15    3.3449e-15    
73    -3.5601e-15    0.12998    0.18195    -0.21082    -3.7505e-15    5.0654e-15    3.0085e-15    -1.419e-14    -3.4153e-15    -1.2366e-15    
74    2.8538e-15    -0.12998    -0.18195    -0.21082    -6.5191e-15    -4.1191e-15    -5.7095e-15    -1.1734e-14    -3.2964e-15    -3.7089e-15    
75    2.8309e-15    0.12998    0.18195    -0.21082    1.0249e-14    2.6238e-15    7.0376e-15    -1.7056e-14    -4.2304e-15    5.1376e-15    
76    -3.3573e-15    -0.12998    -0.18195    -0.21082    -5.0446e-15    1.439e-15    -5.4835e-15    -1.4433e-14    -1.4119e-15    1.5042e-16    
77    -9.1246e-17    0.12998    0.18195    -0.21082    -3.0601e-15    1.4927e-15    2.8296e-15    -1.401e-14    -1.3995e-15    -5.8786e-15    
78    2.5576e-15    -0.12998    -0.18195    -0.21082    1.8145e-15    -2.4156e-15    -3.2533e-15    -1.0728e-14    -2.0107e-15    3.6671e-15    
79    -2.6428e-15    0.12998    0.18195    -0.21082    6.8626e-15    4.8832e-15    5.7333e-15    -1.4735e-14    -6.7884e-15    2.8697e-15    
80    -2.8882e-15    -0.12998    -0.18195    -0.21082    -9.7353e-15    -6.6266e-16    -7.751e-15    -1.4388e-14    -2.2309e-15    -4.2999e-15    
81    1.8295e-15    4.358e-15    1.9971e-15    2.3506e-15    -4.185e-16    6.6101e-16    -1.0277e-15    1.86e-15    -8.6113e-15    6.616e-16    
82    -7.9386e-15    -2.2308e-15    -1.7651e-16    -4.3503e-15    1.8067e-15    4.0029e-16    -4.0058e-16    1.2549e-14    -2.9467e-16    -4.68e-16    
83    4.7278e-15    -8.5994e-15    -3.9083e-15    2.6274e-15    -7.5775e-16    7.2051e-16    -1.4399e-15    4.1377e-15    9.261e-15    1.1858e-15    
84    3.9473e-15    -2.5708e-15    -1.1666e-15    3.3159e-15    -2.0535e-15    5.0784e-16    -8.3771e-16    -3.747e-16    6.3947e-15    8.4867e-16    
85    -1.4171e-15    8.1589e-15    3.2956e-15    -4.2997e-15    -3.1922e-16    2.986e-16    -1.5658e-15    -1.1277e-14    -3.4651e-15    1.0193e-15    
86    -3.4109e-15    -3.2037e-15    -6.4228e-16    6.5833e-16    -1.9587e-15    1.3921e-16    5.4026e-16    4.545e-16    4.0641e-15    7.0971e-16    
87    -3.6847e-15    6.1504e-16    8.5381e-17    -2.4988e-15    3.2254e-15    -4.5069e-16    -6.2904e-16    9.6089e-15    -4.5775e-15    8.7964e-16    
88    1.8138e-15    1.625e-15    8.6216e-16    5.5294e-16    -2.2519e-15    1.4615e-16    2.7843e-16    -1.0783e-14    4.7493e-15    -1.5154e-17    
89    6.5939e-16    -4.0874e-15    -2.3471e-15    2.6402e-15    -2.5796e-15    1.7914e-16    -5.8714e-17    -5.4165e-15    6.6144e-15    5.0595e-16    
90    5.4126e-15    5.0757e-15    1.9882e-15    7.0777e-16    3.5211e-15    7.841e-16    4.5613e-16    -3.8164e-15    -1.4469e-14    -5.2795e-16    
91    -3.5951e-15    -5.0541e-15    -1.847e-15    1.2578e-14    0.149    -0.18885    0.010804    -0.080083    -0.049939    -0.1063    
92    3.5949e-15    -2.1309e-15    -2.1545e-15    -1.318e-14    0.149    -0.14644    0.11975    0.072242    -0.060732    0.14386    
93    3.1329e-15    4.3684e-15    -2.3495e-15    -5.8165e-15    0.149    -0.048084    0.18295    0.035435    0.087473    0.33906    
94    -2.5434e-15    -1.9023e-15    -4.4405e-15    1.5304e-14    0.149    0.068634    0.17627    -0.094142    0.0066703    0.40476    
95    -1.5889e-15    -8.1824e-15    -6.6366e-15    -3.3896e-15    0.149    0.15914    0.10226    0.022748    -0.091596    0.31585    
96    4.2441e-16    -2.4232e-15    -4.803e-15    -1.0747e-14    0.149    0.18885    -0.010804    0.080083    0.049939    0.1063    
97    -2.4942e-15    3.2082e-15    -4.0766e-17    1.2844e-14    0.149    0.14644    -0.11975    -0.072242    0.060732    -0.14386    
98    9.4083e-16    2.8422e-15    3.165e-15    6.2086e-15    0.149    0.048084    -0.18295    -0.035435    -0.087473    -0.33906    
99    4.8136e-15    4.9643e-15    3.5517e-15    -1.4445e-14    0.149    -0.068634    -0.17627    0.094142    -0.0066703    -0.40476    
100    -1.5805e-15    3.0836e-15    6.8326e-16    1.7694e-15    0.149    -0.15914    -0.10226    -0.022748    0.091596    -0.31585    
101    3.2439e-15    -1.5357e-15    6.7205e-17    -6.6747e-16    -4.4103e-15    8.3357e-16    -1.8605e-17    -7.7857e-15    2.9368e-15    -1.9367e-16    
102    -1.8874e-15    2.667e-15    -7.0809e-16    1.1618e-15    2.0581e-15    -6.3209e-17    -9.7376e-16    1.4413e-14    -1.5645e-14    3.2334e-16    
103    6.096e-15    1.0229e-15    -1.694e-15    3.5364e-15    1.3332e-15    7.4076e-16    -1.3224e-15    6.5774e-15    -3.7563e-15    3.95e-16    
104    -9.5242e-15    -8.1609e-15    -1.9225e-15    -6.3197e-15    1.7292e-15    2.3397e-16    -5.357e-16    1.4135e-14    1.408e-14    2.521e-16    
105    -4.8308e-16    -5.0947e-15    2.8e-16    4.2349e-15    -2.8317e-15    -4.0256e-16    -5.3489e-16    -5.3664e-15    1.0474e-14    1.2347e-15    
106    7.8467e-15    -3.0026e-15    -2.4056e-15    5.6323e-15    3.2152e-16    -9.7177e-16    7.6422e-16    -8.1723e-15    9.439e-15    -6.4169e-17    
107    -6.7602e-15    1.4133e-14    3.2674e-15    -2.8582e-15    -7.1355e-16    -8.5398e-16    8.352e-17    -5.8874e-15    -1.2938e-14    6.234e-17    
108    -4.8597e-15    5.26e-16    3.573e-16    -1.9392e-15    -3.1626e-15    5.5457e-16    4.4125e-16    -7.6284e-15    2.649e-15    -2.0118e-16    
109    -1.8072e-15    -8.4543e-15    -2.5959e-15    -2.1869e-15    4.6511e-15    -4.8162e-16    7.8852e-16    1.1551e-14    3.048e-15    -6.6031e-16    
110    8.0872e-15    7.5959e-15    2.7526e-15    3.4317e-15    -3.4621e-15    7.674e-16    -2.6153e-17    -1.1927e-14    -1.1298e-14    -2.4499e-16    
111    -1.4778e-15    4.6782e-15    1.0318e-15    8.8513e-16    1.9373e-16    -1.6611e-17    2.6235e-16    4.9508e-15    -7.5132e-15    -6.598e-18    
112    -2.295e-15    -1.1162e-15    1.9039e-15    -1.0408e-15    9.8793e-16    -4.4235e-16    -3.841e-16    -2.0817e-15    3.5368e-15    2.3163e-16    
113    -2.6703e-16    -6.321e-15    -2.6056e-15    6.6471e-16    -8.59e-16    -4.9419e-17    8.7588e-16    1.2603e-15    6.9156e-15    -3.446e-16    
114    5.9596e-15    2.754e-15    1.5933e-15    -2.3245e-16    1.3036e-15    -7.8063e-16    5.7965e-16    -5.5511e-15    -6.6188e-15    -3.6018e-16    
115    -1.2596e-15    4.3899e-15    3.0442e-15    4.5658e-16    3.6239e-16    3.021e-17    6.5742e-16    -4.0161e-15    -4.8608e-15    -1.5619e-16    
116    -5.4857e-15    -6.1203e-17    -2.2248e-15    -3.5041e-16    -9.8706e-16    -5.0827e-16    7.1627e-16    9.3259e-15    -2.7118e-15    -1.0619e-15    
117    4.2669e-15    -4.188e-15    -3.1502e-15    -1.2497e-15    6.2677e-16    8.3046e-18    1.0321e-15    7.2924e-15    2.9987e-15    -6.9183e-16    
118    1.4159e-15    -3.6444e-15    2.3341e-15    1.2594e-15    -3.4434e-16    -3.3307e-16    -2.2802e-16    -4.996e-16    5.7752e-15    4.6334e-16    
119    -3.4988e-15    7.1041e-16    2.2202e-15    -1.3507e-15    3.8437e-16    7.3814e-16    5.9918e-16    -8.8875e-15    2.7348e-15    -5.2385e-16    
120    8.523e-16    6.0957e-16    -3.0176e-15    -1.3878e-17    -3.5735e-16    -5.7419e-16    -4.2768e-17    -4.4409e-16    -1.331e-16    5.9144e-16    
121    -2.8635e-15    6.4856e-16    1.4107e-15    4.241e-15    1.9818e-16    1.4615e-15    7.2778e-16    -8.798e-15    1.9651e-15    -9.7248e-16    
122    4.8663e-15    4.4198e-15    1.8377e-15    -7.1427e-15    2.859e-15    -4.0853e-16    -2.2048e-16    -5.4991e-15    -1.1776e-14    -2.6529e-16    
123    -2.4721e-16    2.8028e-15    -2.7467e-17    5.8576e-16    -9.9585e-17    8.817e-16    1.5853e-16    7.6018e-15    -8.7445e-15    -5.7242e-17    
124    -5.7322e-15    3.4703e-16    7.6848e-16    5.6422e-15    -2.3271e-15    -2.6888e-16    -1.1035e-16    6.2207e-15    -2.3746e-15    4.2997e-16    
125    4.7302e-15    -1.0384e-14    -3.1102e-15    -3.857e-15    -1.2019e-15    7.7493e-16    1.058e-17    1.4968e-15    1.1805e-14    4.9565e-16    
126    5.0027e-15    -4.705e-16    -6.8175e-16    -1.2837e-16    -3.2142e-15    -1.3292e-15    6.2703e-16    2.786e-15    -2.1663e-15    2.8955e-16    
127    6.5917e-16    8.3853e-15    2.9982e-15    -3.3214e-15    5.9613e-15    -1.3085e-17    1.3902e-16    -7.9557e-15    -5.8139e-15    -1.042e-16    
128    -6.8808e-15    -5.9356e-15    -1.1443e-15    8.2399e-17    -6.4163e-16    -3.2396e-16    1.029e-16    8.5557e-15    7.663e-15    -1.0123e-17    
129    -2.3896e-15    -2.5607e-15    -1.4544e-15    2.5891e-15    -4.8664e-15    3.9426e-16    6.3409e-16    7.9587e-15    1.0422e-15    -5.3599e-16    
130    3.6092e-15    -1.886e-16    -8.3874e-16    1.3353e-15    3.0399e-15    4.3368e-17    3.9264e-16    -1.163e-14    9.6282e-15    4.4968e-16    
131    -3.3324e-16    -2.0393e-15    -1.7035e-15    -9.9261e-15    -1.9082e-16    4.2848e-16    1.1921e-15    1.9637e-15    2.3842e-15    -4.7664e-16    
132    -1.7851e-15    4.367e-15    5.6871e-17    1.1708e-15    -2.7431e-15    1.0219e-16    -1.6297e-15    5.2707e-15    -6.1901e-15    7.7123e-16    
133    -2.0976e-15    -1.3179e-15    -1.9082e-17    1.2145e-14    -8.37e-16    4.198e-16    1.9575e-16    -4.3091e-15    7.2872e-15    -4.291e-16    
134    2.6439e-16    -4.6963e-15    -1.5793e-15    -1.7008e-15    -2.9157e-15    3.9511e-16    -1.3664e-15    -7.142e-16    6.5546e-15    6.1782e-16    
135    6.4004e-15    3.3655e-15    2.4178e-15    -9.2461e-15    9.1984e-16    1.0495e-16    3.8754e-16    -7.272e-15    -7.9503e-15    -3.3431e-16    
136    -1.0159e-15    3.8434e-15    2.5333e-15    4.3783e-16    8.1719e-15    3.3339e-16    -1.6109e-15    -2.075e-15    -5.8301e-15    7.7502e-16    
137    -4.9291e-15    1.1124e-15    -1.429e-15    3.3046e-15    -1.3626e-15    4.12e-16    8.8942e-16    8.0075e-15    -4.5466e-15    -2.3529e-16    
138    5.4201e-15    -5.4881e-15    -3.8878e-15    5.486e-16    -9.8989e-15    2.8913e-16    -1.109e-15    6.0784e-15    4.6689e-15    1.1273e-15    
139    7.4062e-16    -2.6503e-15    1.1766e-15    3.551e-15    1.2334e-15    9.116e-16    4.8731e-16    1.9915e-15    4.0923e-15    -1.334e-16    
140    -6.7393e-16    1.5265e-15    2.6512e-15    -4.0722e-16    7.7273e-15    1.0904e-15    -9.7808e-16    -8.5376e-15    1.0412e-15    8.1308e-16    
141    6.2109e-16    0.12998    0.18195    -0.21082    -3.7817e-15    3.5154e-15    7.3751e-15    -1.5273e-14    2.1547e-15    5.4681e-15    
142    -3.2589e-15    -0.12998    -0.18195    -0.21082    -4.2084e-15    3.5735e-16    -7.8061e-15    -1.2726e-14    2.8146e-15    -4.139e-15    
143    9.5647e-16    0.12998    0.18195    -0.21082    1.4128e-14    1.6081e-15    4.184e-15    -1.6022e-14    1.6395e-15    -2.5681e-15    
144    1.563e-15    -0.12998    -0.18195    -0.21082    -7.043e-15    -2.3636e-15    -3.236e-15    -1.3642e-14    2.9511e-15    3.8065e-15    
145    -3.143e-15    0.12998    0.18195    -0.21082    -2.2933e-15    6.2597e-15    4.4307e-15    -1.5387e-14    3.3483e-15    6.5836e-16    
146    -4.7581e-16    -0.12998    -0.18195    -0.21082    5.846e-15    -2.6324e-15    -6.8767e-15    -1.1571e-14    4.3732e-15    -3.8801e-15    
147    3.5238e-15    0.12998    0.18195    -0.21082    3.2613e-15    1.197e-15    5.1747e-15    -1.3638e-14    -2.9398e-16    1.3337e-15    
148    -1.2994e-15    -0.12998    -0.18195    -0.21082    -6.1947e-15    1.7729e-15    -3.2185e-15    -1.3906e-14    2.8545e-15    3.0453e-15    
149    -1.265e-15    0.12998    0.18195    -0.21082    4.5311e-15    2.5206e-15    2.1319e-15    -1.7909e-14    2.9121e-15    -3.852e-15    
150    3.948e-15    -0.12998    -0.18195    -0.21082    4.9162e-15    -2.5127e-15    -5.2711e-15    -1.2112e-14    4.8104e-15    -8.0474e-16    
151    -3.5234e-15    -9.1948e-15    -2.5169e-15    4.5005e-15    -5.0405e-15    -5.112e-16    1.2324e-15    9.4113e-15    1.6009e-14    6.9862e-17    
152    -4.4108e-15    6.3979e-15    1.3093e-15    -3.479e-15    -5.9776e-16    -8.7654e-16    -2.5038e-16    -3.1169e-15    -1.9657e-15    5.3586e-17    
153    1.0664e-15    -4.12e-15    -2.3985e-16    1.7614e-15    -6.673e-16    5.2031e-16    9.8994e-16    -1.2172e-14    1.479e-14    -6.0297e-16    
154    -8.1414e-15    2.0582e-15    1.6804e-15    2.4452e-15    9.4907e-16    1.2829e-16    8.3585e-16    7.4768e-16    -2.6359e-15    -5.6157e-16    
155    6.4282e-15    7.7698e-15    1.156e-15    -4.4176e-15    3.7026e-15    4.9743e-16    1.9244e-16    -1.7257e-14    -7.9143e-15    -1.0524e-15    
156    1.259e-15    -2.3675e-15    -1.5275e-15    6.1619e-15    -3.3169e-15    1.0859e-15    -3.2575e-16    3.1388e-15    -1.643e-15    -9.7175e-16    
157    1.1747e-15    6.6823e-15    3.8758e-15    6.4759e-16    2.3916e-15    -9.0151e-17    -1.1543e-16    3.1646e-15    -1.8841e-14    -3.6961e-16    
158    6.406e-15    -5.9257e-15    -1.461e-15    6.451e-16    -1.4001e-15    8.1856e-16    -8.9919e-16    2.3443e-15    3.4966e-15    1.7229e-16    
159    -3.8619e-15    -1.9148e-15    -1.91e-15    -1.2461e-15    -2.2485e-15    1.3357e-16    -2.0251e-17    1.8581e-14    -2.8422e-15    -5.9522e-17    
160    5.8059e-15    -3.3711e-16    2.5251e-16    -4.3991e-15    3.6913e-15    1.6736e-16    -7.0827e-16    -2.5673e-15    3.1581e-15    9.3049e-16    
161    -6.4805e-15    9.4706e-15    3.2682e-15    -1.2768e-15    4.7289e-15    1.2629e-15    1.4432e-16    -1.4433e-15    -1.2965e-14    -2.426e-16    
162    -4.7913e-15    5.2718e-15    9.4369e-16    4.3299e-15    -3.4833e-15    2.9143e-16    -7.5551e-16    -2.2482e-15    -8.8442e-15    4.6145e-16    
163    4.1633e-15    -1.3323e-14    -3.3443e-15    -3.8511e-15    -3.5525e-15    7.8141e-16    -2.8215e-16    1.1677e-14    7.6159e-15    1.5893e-16    
164    6.4948e-15    3.7123e-15    2.0742e-15    2.5292e-15    -1.064e-15    -9.4667e-16    -9.9732e-16    2.3311e-15    -9.538e-15    3.1629e-16    
165    5.7732e-15    2.3176e-15    -1.3349e-15    -4.7981e-16    6.1434e-15    4.0983e-16    -6.4567e-17    -1.0786e-14    1.8532e-15    6.2374e-18    
166    -7.0543e-15    -5.2131e-15    -2.3086e-15    -5.975e-15    1.1263e-15    -1.248e-15    1.3543e-15    1.7957e-14    -7.2084e-16    5.6648e-16    
167    2.6923e-17    1.9099e-15    2.7816e-15    4.2138e-15    -3.5101e-15    -1.4835e-15    9.1785e-17    5.5637e-15    -4.2086e-15    7.018e-17    
168    -3.7466e-15    -7.821e-15    -3.131e-15    4.3423e-15    3.0748e-15    -9.0562e-17    1.2582e-16    -3.8155e-17    2.1579e-14    -1.0736e-15    
169    -3.7489e-15    -1.958e-15    -1.4535e-15    1.3681e-15    -1.9742e-15    -6.2797e-17    7.7981e-16    -5.513e-15    8.3748e-15    -4.9202e-16    
170    9.7351e-15    2.1566e-15    1.1528e-15    -6.4109e-15    8.2678e-16    1.3098e-15    1.3919e-19    -1.7248e-14    3.9792e-19    3.0719e-18    
#Execution time: 1414.8 s
