#Fermion code
#Is hermitian: 1
1   1 100
2   2 100
3   3 100
4   4 100
5   5 100
6   6 100
7   7 100
8   8 100
9   9 100
10   10 100

11   1 110
12   2 110
13   3 110
14   4 110
15   5 110
16   6 110
17   7 110
18   8 110
19   9 110
20   10 110

21   1 210
22   2 210
23   3 210
24   4 210
25   5 210
26   6 210
27   7 210
28   8 210
29   9 210
30   10 210

31   1 120
32   2 120
33   3 120
34   4 120
35   5 120
36   6 120
37   7 120
38   8 120
39   9 120
40   10 120

41   1 101
42   2 101
43   3 101
44   4 101
45   5 101
46   6 101
47   7 101
48   8 101
49   9 101
50   10 101

51   1 201
52   2 201
53   3 201
54   4 201
55   5 201
56   6 201
57   7 201
58   8 201
59   9 201
60   10 201

61   1 111
62   2 111
63   3 111
64   4 111
65   5 111
66   6 111
67   7 111
68   8 111
69   9 111
70   10 111

71   1 211
72   2 211
73   3 211
74   4 211
75   5 211
76   6 211
77   7 211
78   8 211
79   9 211
80   10 211

81   1 311
82   2 311
83   3 311
84   4 311
85   5 311
86   6 311
87   7 311
88   8 311
89   9 311
90   10 311

91   1 121
92   2 121
93   3 121
94   4 121
95   5 121
96   6 121
97   7 121
98   8 121
99   9 121
100   10 121

101   1 221
102   2 221
103   3 221
104   4 221
105   5 221
106   6 221
107   7 221
108   8 221
109   9 221
110   10 221

111   1 131
112   2 131
113   3 131
114   4 131
115   5 131
116   6 131
117   7 131
118   8 131
119   9 131
120   10 131

121   1 331
122   2 331
123   3 331
124   4 331
125   5 331
126   6 331
127   7 331
128   8 331
129   9 331
130   10 331

131   1 102
132   2 102
133   3 102
134   4 102
135   5 102
136   6 102
137   7 102
138   8 102
139   9 102
140   10 102

141   1 112
142   2 112
143   3 112
144   4 112
145   5 112
146   6 112
147   7 112
148   8 112
149   9 112
150   10 112

151   1 212
152   2 212
153   3 212
154   4 212
155   5 212
156   6 212
157   7 212
158   8 212
159   9 212
160   10 212

161   1 122
162   2 122
163   3 122
164   4 122
165   5 122
166   6 122
167   7 122
168   8 122
169   9 122
170   10 122

#170 operators generated.
#Correlation matrix eigenvalues: 
  -2.2177e-17
  -1.9726e-17
  -1.6831e-17
  -1.6698e-17
  -1.1418e-17
  -8.9629e-18
  -8.7030e-18
  -6.6980e-18
  -6.4735e-18
  -5.3422e-18
  -4.7107e-18
  -3.7974e-18
  -2.7664e-18
  -2.3413e-18
  -1.5419e-18
  -1.2276e-18
  -1.0093e-18
  -1.0063e-18
  -8.9415e-19
  -6.1534e-19
  -5.4029e-19
  -4.3099e-19
  -3.9946e-19
  -3.6264e-19
  -2.9864e-19
  -2.5667e-19
  -2.5629e-19
  -2.4167e-19
  -2.2843e-19
  -2.1781e-19
  -1.9418e-19
  -1.6779e-19
  -1.5287e-19
  -1.2278e-19
  -1.1427e-19
  -1.0760e-19
  -1.0315e-19
  -8.6945e-20
  -8.2482e-20
  -7.0132e-20
  -6.2470e-20
  -5.9179e-20
  -5.3622e-20
  -4.6215e-20
  -4.3253e-20
  -3.7113e-20
  -3.3681e-20
  -3.2326e-20
  -2.9405e-20
  -2.7661e-20
  -2.6941e-20
  -2.1148e-20
  -1.8437e-20
  -1.6095e-20
  -1.4230e-20
  -8.4372e-21
  -8.1617e-21
  -6.5550e-21
  -6.3649e-21
  -4.0724e-21
  -4.0024e-21
  -3.0865e-21
  -1.5755e-21
   3.0911e-22
   5.8611e-22
   2.2646e-21
   5.8503e-21
   6.9451e-21
   1.2344e-20
   1.3082e-20
   1.5005e-20
   1.8101e-20
   2.3805e-20
   2.5107e-20
   2.5314e-20
   2.9743e-20
   3.4558e-20
   3.4840e-20
   4.1852e-20
   5.2539e-20
   5.2752e-20
   6.0038e-20
   6.6162e-20
   7.8002e-20
   8.2981e-20
   8.6779e-20
   9.9179e-20
   1.0388e-19
   1.2325e-19
   1.5651e-19
   2.1805e-19
   2.2079e-19
   2.4714e-19
   3.4525e-19
   3.8058e-19
   4.0951e-19
   4.2939e-19
   5.5258e-19
   6.9971e-19
   8.0489e-19
   1.0883e-18
   1.1859e-18
   1.2322e-18
   1.4426e-18
   1.5079e-18
   1.5914e-18
   1.9231e-18
   2.9855e-18
   3.5761e-18
   4.0838e-18
   5.1692e-18
   6.7283e-18
   6.7537e-18
   6.9575e-18
   7.4965e-18
   8.4932e-18
   8.9047e-18
   1.0775e-17
   1.0877e-17
   1.5869e-17
   2.0020e-17
   2.1349e-17
   2.2916e-17
   3.1281e-17
   2.2757e-06
   2.2757e-06
   8.5758e-06
   8.5758e-06
   8.7502e-06
   8.7502e-06
   1.6330e-04
   1.6330e-04
   1.8323e-04
   1.8323e-04
   2.1377e-04
   2.1377e-04
   3.0815e-04
   3.0815e-04
   3.5107e-04
   3.5107e-04
   9.9746e-04
   9.9746e-04
   1.0941e-03
   1.0941e-03
   1.2679e-03
   1.2679e-03
   1.4755e-03
   1.4755e-03
   3.2761e-03
   3.6975e-03
   3.6975e-03
   3.8346e-03
   5.1799e-03
   5.1799e-03
   5.3730e-03
   1.0084e-02
   1.0084e-02
   1.1119e-02
   1.1119e-02
   1.2629e-02
   1.2629e-02
   2.1952e-02
   2.1952e-02
   2.4859e-02
   2.4859e-02
   3.1089e-02
   3.3445e-02
   3.3843e-02
   1.1505e-01
   1.4607e-01

#Eigenvector: 
1    2.74368e-16    4.78948e-16    -1.37488e-15    1.23503e-14    -1.17213e-14    -2.74711e-15    1.10057e-14    -8.44047e-16    3.15403e-17    3.68357e-15    
2    -1.03308e-16    -2.00503e-16    1.68965e-16    -1.51486e-14    8.94228e-15    1.41033e-14    4.72083e-15    -2.00989e-15    -2.68123e-16    -2.9857e-15    
3    -2.90738e-16    3.92316e-16    -1.79904e-16    -1.97899e-14    1.96484e-14    -4.19639e-15    -1.04238e-14    -5.6782e-16    -8.33486e-16    -1.45265e-15    
4    6.66768e-16    3.44101e-16    -3.28125e-16    4.59081e-15    -2.01027e-15    -1.38439e-14    4.25148e-15    -4.50416e-17    -2.05196e-15    6.1519e-15    
5    3.93828e-16    -1.46122e-18    1.14542e-15    1.61501e-14    -1.68427e-14    9.83985e-15    6.17979e-15    6.27794e-16    -6.82198e-16    -1.20466e-15    
6    -2.03749e-15    -3.22021e-16    4.48572e-16    1.44259e-14    -1.01287e-14    8.81469e-15    -1.1982e-14    1.74264e-15    -9.39624e-16    -6.69959e-15    
7    -4.31868e-16    -9.90148e-16    -1.20067e-15    -1.11623e-14    1.21424e-14    -1.10831e-14    6.72201e-16    9.69768e-16    4.45645e-16    4.17026e-15    
8    2.22606e-15    2.04346e-16    -2.89877e-16    -2.44048e-14    1.60907e-14    -1.95832e-17    1.47669e-14    1.30046e-15    1.94354e-15    4.21834e-15    
9    3.67562e-16    2.80688e-16    1.64777e-15    2.66956e-15    -3.44985e-15    8.51116e-15    -7.14067e-15    -5.3421e-16    9.62767e-16    -5.31239e-15    
10    -4.30219e-16    1.27621e-16    2.81509e-16    2.07657e-14    -1.31184e-14    -8.36312e-15    -1.21319e-14    -1.09489e-15    1.71792e-15    -7.39824e-17    
11    0.316228    2.27035e-14    -8.32759e-15    5.21944e-14    0.278923    -0.0942023    -0.394137    0.32893    -0.28792    0.0739826    
12    -0.316228    -2.22433e-15    -1.50629e-14    1.30868e-14    0.278923    -0.307879    -0.263493    0.172183    0.401803    -0.0424768    
13    0.316228    -3.61309e-15    -1.09835e-14    -2.16216e-14    0.278923    -0.403956    -0.0322033    -0.435345    0.0395914    -0.142712    
14    -0.316228    1.96833e-14    -7.05623e-15    5.09939e-14    0.278923    -0.345736    0.211387    0.0968753    -0.426272    -0.188435    
15    0.316228    2.39992e-15    2.62414e-15    3.09752e-14    0.278923    -0.155457    0.374234    0.375473    0.223859    -0.162183    
16    -0.316228    -2.40319e-14    2.18989e-14    -1.85685e-14    0.278923    0.0942023    0.394137    -0.32893    0.28792    -0.0739826    
17    0.316228    -1.11345e-15    2.82735e-14    3.11834e-14    0.278923    0.307879    0.263493    -0.172183    -0.401803    0.0424768    
18    -0.316228    1.50916e-15    2.43022e-14    3.61933e-14    0.278923    0.403956    0.0322033    0.435345    -0.0395914    0.142712    
19    0.316228    -2.0127e-14    2.10299e-14    -1.92901e-15    0.278923    0.345736    -0.211387    -0.0968753    0.426272    0.188435    
20    -0.316228    -3.27023e-15    7.74901e-15    7.02216e-15    0.278923    0.155457    -0.374234    -0.375473    -0.223859    0.162183    
21    3.26952e-15    9.31657e-16    -2.02057e-15    -8.54074e-15    9.10122e-15    -7.12893e-15    4.43333e-15    -9.62493e-16    -1.96319e-16    2.9801e-15    
22    -1.69717e-15    -2.8352e-15    1.8369e-15    -7.33094e-15    5.3707e-15    4.24234e-15    9.04832e-15    4.84925e-15    -4.44089e-15    1.72247e-15    
23    -1.95059e-15    4.71706e-15    -6.14461e-17    -8.09442e-15    7.09507e-15    3.22086e-15    -6.52089e-15    -1.09014e-16    -2.08924e-15    -3.01565e-15    
24    4.80485e-15    1.21343e-15    -8.38861e-16    1.45405e-14    -9.33281e-15    -9.00277e-15    -4.77396e-15    -2.42857e-15    2.44249e-15    2.0692e-15    
25    -1.13127e-16    -8.60157e-15    2.94988e-15    1.12451e-14    -9.93894e-15    2.26505e-15    8.26972e-15    2.01052e-15    -7.2175e-17    1.70064e-15    
26    -7.11749e-15    1.18594e-15    8.19521e-17    -1.14422e-14    6.87644e-15    1.08741e-14    -1.67921e-15    3.70934e-15    -5.23193e-15    -2.7941e-15    
27    1.74673e-15    6.85368e-15    -2.82007e-15    -6.29546e-15    6.30252e-15    -5.88517e-15    -5.15539e-15    -1.33299e-16    2.08409e-15    -2.00416e-16    
28    8.27473e-15    -2.93113e-15    1.4701e-15    -8.85403e-15    6.46011e-15    -6.61592e-15    6.6197e-15    2.54759e-15    9.22873e-15    5.81425e-15    
29    -2.53458e-15    -3.30098e-15    2.54782e-15    1.12416e-14    -1.18157e-14    7.35606e-15    1.09067e-15    -1.54189e-15    2.43594e-17    -3.45638e-15    
30    -3.36359e-15    3.46288e-15    -1.22837e-15    1.19904e-14    -9.38138e-15    2.05995e-15    -1.0561e-14    -8.8872e-15    -1.8735e-15    -1.46422e-15    
31    2.25762e-15    -3.62214e-15    2.14005e-15    -7.25114e-16    1.04777e-15    9.57512e-15    -4.21885e-15    2.63941e-15    4.78784e-15    -4.5981e-15    
32    -3.35617e-15    8.44732e-16    -1.26718e-15    -6.39183e-15    6.69895e-15    -6.92328e-15    -3.2783e-15    -1.82345e-15    -1.41937e-15    1.53106e-15    
33    2.76514e-15    3.05399e-15    -2.15997e-15    -1.38708e-14    8.56953e-15    -3.8858e-15    9.00668e-15    -8.98846e-15    0    4.68636e-15    
34    2.18449e-15    -3.96687e-15    1.94254e-15    8.45989e-16    -1.40791e-15    8.27411e-15    -2.10466e-15    3.5189e-16    -9.56527e-16    -2.35601e-15    
35    -7.52276e-15    -1.14681e-15    8.66969e-16    2.34257e-14    -1.49117e-14    -1.20226e-15    -1.08663e-14    5.95993e-15    -8.38218e-15    -2.9757e-15    
36    5.83678e-17    6.54275e-15    -3.08352e-15    -1.3342e-15    5.5172e-16    -4.91294e-15    5.60189e-15    1.26956e-15    -5.04643e-16    4.11259e-15    
37    7.50756e-15    -1.38281e-15    1.10331e-16    -8.4828e-15    5.07927e-15    6.8837e-15    7.42462e-15    2.39143e-15    7.16094e-15    -2.25059e-15    
38    -1.85601e-15    -8.31854e-15    3.63997e-15    -1.06708e-14    1.10688e-14    8.26933e-16    -7.79384e-15    9.55574e-16    5.61887e-16    -2.05443e-15    
39    -4.67711e-15    3.61678e-15    -1.52714e-15    1.72085e-15    -4.78784e-16    -1.03807e-14    -1.36002e-15    -2.07441e-15    -2.01922e-15    2.89623e-15    
40    3.8039e-15    4.82777e-15    -2.01109e-15    1.8829e-14    -1.84911e-14    4.30583e-15    6.67339e-15    -1.28663e-15    1.95396e-15    2.20116e-17    
41    6.30975e-15    -0.257312    -0.183822    -0.105409    4.31599e-15    5.96577e-16    5.24624e-15    1.46955e-14    -1.56979e-14    7.6488e-15    
42    -4.21906e-16    0.257312    0.183822    -0.105409    1.20494e-14    2.63248e-16    -6.9042e-16    -1.28204e-15    6.12141e-15    -4.62755e-15    
43    -4.37122e-15    -0.257312    -0.183822    -0.105409    1.27537e-14    3.90677e-15    -2.55004e-15    1.49517e-14    -1.6806e-14    -3.80304e-15    
44    2.31958e-15    0.257312    0.183822    -0.105409    -7.91034e-15    -7.64418e-15    -5.12177e-16    1.6176e-15    5.59795e-15    6.35639e-15    
45    4.6285e-15    -0.257312    -0.183822    -0.105409    1.6747e-14    5.82093e-15    4.35763e-15    1.09557e-14    -1.66169e-14    1.04348e-15    
46    -5.69316e-15    0.257312    0.183822    -0.105409    8.06646e-15    -1.0766e-15    -4.0393e-15    2.85385e-15    4.81473e-15    -8.54574e-15    
47    5.46469e-16    -0.257312    -0.183822    -0.105409    2.28637e-15    -1.84404e-17    -7.906e-16    1.19344e-14    -1.43735e-14    5.4867e-15    
48    4.48375e-15    0.257312    0.183822    -0.105409    5.53377e-15    -3.17589e-15    3.54751e-15    9.97369e-16    2.09511e-15    3.83615e-15    
49    -2.40009e-15    -0.257312    -0.183822    -0.105409    1.58172e-14    6.49455e-15    -1.32706e-16    1.38045e-14    -1.26344e-14    -5.89582e-15    
50    -4.86339e-15    0.257312    0.183822    -0.105409    -1.38778e-16    -4.58214e-15    -5.42448e-15    -1.00366e-16    2.27422e-15    -1.35809e-15    
51    -2.40268e-15    -1.78187e-15    7.89597e-16    -2.07265e-14    1.23443e-14    5.5321e-15    3.73312e-15    8.68761e-15    -2.85189e-15    -9.59085e-16    
52    -3.40473e-16    2.03308e-15    -4.28807e-16    5.8121e-15    -5.92808e-15    -6.60683e-16    -6.02237e-15    1.28834e-15    1.16745e-15    -1.16295e-15    
53    3.37936e-15    7.38337e-16    2.82231e-16    2.34535e-14    -1.4079e-14    -8.44689e-15    -5.55112e-17    3.0056e-17    8.02136e-15    2.79898e-15    
54    -8.72224e-16    -6.1815e-15    -9.60537e-17    5.34277e-15    -6.49663e-15    3.70498e-15    4.19871e-15    -8.61854e-16    1.76533e-15    -3.36902e-17    
55    -6.80133e-16    8.99682e-16    -1.0589e-15    -1.84019e-14    1.10467e-14    5.95331e-15    -4.50334e-15    -3.88653e-15    -5.58581e-16    -2.96649e-15    
56    2.3343e-15    7.99155e-15    7.59137e-16    -1.49186e-14    1.70365e-14    -6.21228e-15    -1.59119e-15    -2.5519e-15    7.0516e-17    1.79359e-15    
57    3.3703e-16    -1.61198e-15    1.658e-15    7.53217e-15    -4.42701e-15    -2.69295e-15    6.75154e-15    -1.94146e-15    9.12465e-16    3.08423e-15    
58    -2.39692e-15    -2.98013e-15    -2.32962e-15    1.72053e-14    -1.89976e-14    5.17795e-15    -2.4083e-15    -6.64525e-16    -2.97024e-15    -2.57448e-15    
59    -6.31119e-16    1.92679e-15    -1.40593e-15    7.6987e-15    -4.52416e-15    -2.68465e-15    -7.97279e-15    -3.28804e-15    -5.54071e-15    -1.19262e-16    
60    1.6825e-15    -4.90744e-16    2.16521e-15    -1.36772e-14    1.47789e-14    -3.20968e-15    5.11857e-15    2.41288e-15    -4.39917e-16    2.83595e-15    
61    2.50929e-14    2.56538e-14    -9.02404e-15    2.24471e-16    5.28786e-16    9.55968e-15    4.35239e-17    -4.7887e-14    3.36002e-14    -2.0804e-15    
62    -1.66415e-14    9.69246e-15    -4.22569e-15    -3.34836e-16    -3.8253e-16    6.42853e-15    8.69256e-15    -1.68227e-14    5.97805e-15    3.1834e-16    
63    3.96751e-15    -1.70176e-16    6.46047e-16    1.7826e-16    6.30592e-16    -7.34645e-15    5.66659e-15    -3.99092e-14    -5.22348e-14    5.11768e-15    
64    -1.31401e-14    1.3141e-14    -3.81584e-15    -3.05877e-16    2.52971e-16    -9.68591e-15    -3.01109e-15    -6.85337e-15    6.42269e-15    2.78402e-15    
65    -2.42382e-14    -2.88406e-14    9.51019e-15    2.10608e-16    -1.98124e-16    3.35681e-15    -8.08063e-15    4.13955e-14    -3.65918e-14    -1.55192e-15    
66    2.09315e-15    1.03235e-14    -3.56342e-15    -3.22181e-16    1.01271e-17    9.87704e-15    -2.46437e-15    -2.48054e-14    -1.95865e-14    -4.23135e-15    
67    2.67971e-16    -5.06908e-15    1.717e-15    9.69497e-17    1.7207e-16    2.01364e-15    9.82036e-15    3.19515e-14    1.59179e-14    3.67495e-15    
68    2.75961e-14    -3.55427e-14    1.12814e-14    -3.92385e-16    -6.47845e-17    -7.37826e-15    8.72925e-15    3.18143e-14    -2.5739e-14    4.97623e-15    
69    -5.09244e-15    8.4393e-15    -2.61946e-15    -1.05203e-16    4.06501e-16    -8.72192e-15    -6.27151e-15    1.27709e-14    3.84425e-14    3.02441e-15    
70    5.51227e-16    2.37734e-15    2.38311e-16    8.53233e-17    -6.73256e-17    1.47207e-16    -1.15436e-14    1.41951e-14    3.45509e-14    -2.97439e-15    
71    -4.29482e-15    -0.129982    0.181947    -0.210819    1.07553e-14    2.83186e-15    -4.13385e-15    2.21058e-14    -8.47933e-15    -2.08005e-14    
72    -1.6138e-14    0.129982    -0.181947    -0.210819    2.82135e-14    8.60551e-15    -9.65113e-15    1.37169e-14    -2.03483e-15    -1.04563e-14    
73    1.84183e-14    -0.129982    0.181947    -0.210819    8.25728e-16    -2.45966e-14    2.79724e-15    2.36566e-14    -1.71391e-14    2.74622e-14    
74    7.01732e-15    0.129982    -0.181947    -0.210819    1.25941e-14    2.28019e-14    1.41866e-14    7.21046e-15    -2.71397e-15    -5.17116e-15    
75    -2.18332e-14    -0.129982    0.181947    -0.210819    2.07473e-14    -6.93779e-15    -1.93448e-14    1.94537e-14    -1.30364e-14    -2.43389e-14    
76    4.59816e-15    0.129982    -0.181947    -0.210819    1.19557e-14    -2.56499e-15    3.62817e-15    1.39126e-14    -1.47105e-15    1.99052e-14    
77    1.69215e-14    -0.129982    0.181947    -0.210819    3.13638e-15    -7.70135e-15    9.70838e-15    2.14157e-14    -1.44572e-14    1.07977e-14    
78    -1.80115e-14    0.129982    -0.181947    -0.210819    2.81303e-14    2.41311e-14    -2.69056e-15    1.41312e-14    -5.47652e-15    -2.78102e-14    
79    -7.31488e-15    -0.129982    0.181947    -0.210819    8.00054e-15    -2.33111e-14    -1.52326e-14    2.04066e-14    -1.42482e-14    7.60739e-15    
80    2.13293e-14    0.129982    -0.181947    -0.210819    9.29118e-15    6.95255e-15    1.85633e-14    8.14842e-15    -4.77656e-15    2.17622e-14    
81    -1.69401e-15    4.96577e-15    -1.50543e-15    6.28255e-15    -6.07597e-15    -4.48849e-15    9.02878e-16    -9.75912e-16    -3.60697e-15    2.26559e-15    
82    2.32445e-15    1.12578e-15    -4.4227e-16    1.57426e-14    -9.45598e-15    -1.67566e-16    6.3699e-15    -2.7018e-15    -2.42514e-15    1.55515e-15    
83    -2.46448e-17    -7.94862e-15    3.02155e-15    -9.22712e-15    7.92578e-15    3.96938e-15    -3.43372e-15    3.22559e-15    -6.7463e-16    -7.77963e-16    
84    -6.18616e-15    1.01247e-15    -7.14347e-16    -2.76688e-15    1.5335e-15    -4.09945e-15    -4.61436e-15    8.31729e-15    -5.93883e-15    -1.2509e-16    
85    1.73468e-15    4.64744e-15    -1.76408e-15    -7.22346e-15    8.74378e-15    -1.0792e-15    4.29843e-15    1.07106e-15    2.72335e-15    2.12619e-15    
86    7.52673e-15    -2.68846e-15    1.01785e-15    7.60503e-15    -5.09315e-15    5.98613e-15    1.75034e-15    4.69824e-15    1.11439e-14    -1.67645e-15    
87    -2.18577e-15    -3.43239e-15    2.07019e-15    1.15873e-14    -1.28013e-14    -2.62858e-15    -4.66214e-15    -1.98899e-15    1.79136e-15    -7.41572e-16    
88    -1.56929e-15    3.53268e-15    -1.20166e-15    -9.93303e-15    7.26676e-15    -5.47692e-15    2.96291e-15    -9.95364e-15    2.27943e-15    3.17533e-15    
89    2.75312e-15    2.84713e-15    -1.66073e-15    -1.45493e-15    2.54191e-15    3.82097e-15    2.3419e-15    -2.99166e-15    -3.32232e-16    -7.55376e-16    
90    -1.44358e-15    -2.30174e-15    1.05104e-15    -1.05298e-14    6.06112e-15    3.47225e-15    -5.16601e-15    -1.39682e-16    -4.70457e-15    -2.34846e-15    
91    1.92377e-14    1.2247e-14    -4.21111e-15    2.48204e-14    0.149004    -0.0986736    -0.161387    0.0920313    0.0209152    -0.0354839    
92    2.583e-15    -1.6068e-14    -5.91554e-15    -7.75768e-15    0.149004    -0.174689    -0.0725659    -0.0483307    0.0810638    0.208571    
93    -1.47707e-14    1.07253e-14    -4.52581e-15    9.47853e-15    0.149004    -0.18398    0.0439729    -0.0621612    -0.0710153    0.372959    
94    1.39755e-14    2.06488e-14    -1.25263e-16    3.23838e-14    0.149004    -0.122996    0.143715    0.0867485    -0.0371739    0.394889    
95    1.16502e-14    -1.88043e-14    7.1208e-15    -4.47559e-15    0.149004    -0.0150322    0.188564    0.00854771    0.0939901    0.265985    
96    -1.94769e-14    -1.50921e-14    1.31346e-14    5.68989e-16    0.149004    0.0986736    0.161387    -0.0920313    -0.0209152    0.0354839    
97    -4.29153e-15    1.2613e-14    1.38371e-14    2.79846e-14    0.149004    0.174689    0.0725659    0.0483307    -0.0810638    -0.208571    
98    1.31864e-14    -1.07635e-14    1.1237e-14    1.18863e-14    0.149004    0.18398    -0.0439729    0.0621612    0.0710153    -0.372959    
99    -1.23719e-14    -1.92882e-14    5.64498e-15    -5.19029e-15    0.149004    0.122996    -0.143715    -0.0867485    0.0371739    -0.394889    
100    -1.06414e-14    1.85802e-14    -3.94609e-16    1.79856e-14    0.149004    0.0150322    -0.188564    -0.00854771    -0.0939901    -0.265985    
101    2.98435e-15    8.46707e-15    -2.5867e-15    -1.64617e-15    3.54302e-15    -7.4418e-15    -4.72024e-15    -1.57392e-15    -5.26622e-15    4.31938e-16    
102    -1.31766e-15    -2.79301e-15    5.65765e-16    -5.71028e-15    4.2839e-15    -7.45143e-15    9.33802e-15    5.24849e-15    -7.35046e-15    4.08358e-15    
103    -3.33205e-15    -4.78698e-15    1.16738e-15    1.21639e-14    -1.36232e-14    8.68395e-15    -8.15421e-17    4.40567e-15    -2.81659e-15    -3.52188e-15    
104    7.21747e-16    2.60587e-15    -5.29251e-16    6.01407e-15    -4.35763e-15    1.01712e-15    -1.00545e-14    5.67348e-15    -4.08094e-15    -3.88695e-15    
105    2.72264e-15    -6.30225e-15    3.1426e-15    -1.11233e-14    1.14913e-14    -6.97522e-15    4.56702e-15    4.7214e-15    3.00097e-15    4.43644e-15    
106    -2.57007e-15    -1.85887e-15    5.41562e-16    -4.02738e-15    1.69482e-15    5.92474e-15    1.03233e-14    1.08863e-14    7.10456e-15    -1.01832e-15    
107    -5.75657e-17    5.54982e-15    -2.95239e-15    -5.12632e-15    4.82978e-15    2.19055e-15    -8.76858e-15    -2.74659e-15    5.13515e-15    -2.88607e-15    
108    9.40466e-15    7.10522e-17    -2.76797e-16    1.6824e-14    -9.87058e-15    -1.02434e-14    -3.66721e-15    -8.24767e-15    1.57595e-14    2.10909e-15    
109    -9.19329e-16    -3.34757e-15    1.54051e-15    5.16957e-15    -5.05101e-15    2.18377e-15    8.31147e-15    -4.65131e-15    -1.32906e-15    4.03288e-16    
110    -5.59177e-15    1.74506e-15    -4.42222e-16    -1.43639e-14    8.9837e-15    1.12708e-14    -2.94383e-15    -1.36063e-14    -1.00076e-14    -5.06084e-15    
111    -1.66694e-15    -4.92142e-16    -6.30235e-16    1.68122e-15    -1.84865e-15    -3.30816e-16    -2.84237e-15    -6.72021e-16    6.13677e-16    -6.41944e-16    
112    7.06712e-16    2.47036e-15    -1.07352e-15    -2.55351e-15    8.18789e-16    -2.86015e-15    -4.30211e-16    -6.57191e-15    3.78864e-15    1.74058e-15    
113    5.0656e-16    -3.45163e-15    -2.09051e-15    2.00178e-16    -3.13905e-16    1.50413e-15    1.35586e-15    -1.5255e-15    -2.02738e-16    -4.66986e-16    
114    -9.00546e-16    -1.31948e-15    -6.0119e-17    2.19963e-15    -1.34615e-15    2.51464e-15    -2.41474e-15    -1.58216e-16    -5.57887e-15    -1.73668e-15    
115    1.02602e-15    7.8935e-15    2.3707e-15    -1.56658e-15    8.43381e-16    -2.08603e-15    -4.95249e-16    8.77954e-17    -1.7429e-15    1.35339e-15    
116    -5.49189e-16    -3.63296e-16    1.17148e-15    2.21351e-15    -1.34615e-15    -1.37572e-15    2.72005e-15    1.57989e-16    1.32533e-15    -7.82577e-16    
117    -2.12794e-15    -8.54382e-15    -2.54955e-15    -1.38336e-15    1.82568e-15    2.75438e-15    -5.04554e-16    1.58312e-15    -1.12508e-15    -3.7306e-16    
118    -7.57657e-16    1.98169e-15    -2.04326e-15    2.77556e-16    -2.08167e-16    -1.48049e-15    -3.56659e-15    1.77383e-15    -4.26048e-15    2.17925e-16    
119    2.4245e-15    3.61354e-15    2.23412e-15    1.58445e-15    -1.72446e-15    -7.28423e-16    1.60874e-15    9.69034e-16    1.86318e-15    7.59479e-16    
120    1.01716e-15    -2.7648e-15    1.49978e-15    -1.00614e-15    1.26288e-15    2.19762e-15    1.09635e-15    5.35429e-15    5.25274e-15    -9.67976e-16    
121    3.0538e-15    5.36287e-15    -2.04686e-15    -1.43565e-16    -5.31603e-16    -4.91691e-15    -3.32038e-16    -2.7953e-15    2.0153e-15    1.6795e-15    
122    1.70414e-15    -2.93313e-15    1.18006e-15    1.39385e-14    -1.05853e-14    -7.96348e-16    5.6153e-15    -1.51031e-15    2.54484e-15    3.23843e-15    
123    -2.8024e-15    2.09971e-15    -1.22501e-15    -5.68984e-15    6.07655e-15    4.44244e-15    -3.12951e-15    -2.53508e-15    -3.21087e-15    -1.98694e-15    
124    7.08006e-16    2.50034e-15    -1.32313e-15    2.83194e-15    -1.74687e-15    -3.63317e-15    -6.01255e-15    -8.50291e-15    -4.81039e-15    1.20672e-16    
125    1.22328e-15    -3.9948e-15    2.21655e-15    -8.21887e-15    6.46954e-15    -7.88548e-16    4.46525e-15    2.30826e-15    -2.21748e-15    3.19741e-15    
126    -6.31468e-15    -5.69121e-16    9.51248e-16    8.09249e-16    3.62557e-16    5.81643e-15    2.37137e-15    8.76165e-15    -9.84109e-15    -1.85756e-15    
127    1.74151e-16    4.28724e-15    -1.35025e-15    1.32392e-14    -1.09879e-14    -1.05978e-15    -4.60328e-15    2.47826e-15    7.68996e-16    -2.61465e-16    
128    6.68204e-15    -1.12615e-15    -1.34451e-16    -8.0231e-15    4.27783e-15    -6.5777e-15    9.76649e-16    5.83641e-15    8.75341e-15    3.25534e-15    
129    -1.61719e-15    -7.21154e-15    2.54582e-15    1.86299e-15    -2.55425e-15    4.17998e-15    2.83066e-15    4.50499e-16    2.95894e-15    -6.80884e-16    
130    -2.34142e-15    2.71263e-15    -5.0223e-16    -8.14973e-15    6.58501e-15    4.42643e-15    -5.28917e-15    -3.77731e-15    2.35575e-15    -1.10261e-15    
131    3.03545e-15    -2.9078e-15    7.37244e-16    1.38778e-14    -1.07761e-14    7.47376e-15    5.27356e-16    6.57564e-15    4.58661e-15    -2.71625e-15    
132    -1.69255e-15    -7.52832e-16    1.37276e-15    -6.36581e-15    8.0441e-15    -3.07901e-15    -5.41228e-15    3.20504e-18    1.77569e-15    3.32092e-16    
133    -6.06219e-17    2.79251e-15    -8.39782e-16    -1.74409e-14    1.19488e-14    -6.5907e-15    4.19803e-15    -5.69621e-15    5.06539e-15    4.0817e-15    
134    1.156e-15    -2.03239e-15    -2.16036e-15    -2.74113e-15    1.57734e-16    5.57073e-15    8.01898e-16    -2.03285e-15    1.29265e-15    -1.06656e-15    
135    2.10887e-16    -1.32703e-15    2.38321e-16    1.56576e-14    -9.34669e-15    2.60821e-15    -7.06379e-15    -1.04091e-15    -3.29251e-15    -2.47404e-15    
136    2.14209e-16    7.95094e-15    1.04801e-15    1.34302e-14    -1.10432e-14    -5.94299e-15    1.30231e-15    -1.47892e-15    -1.67948e-15    2.7819e-15    
137    3.96905e-17    -1.42008e-16    2.82435e-17    -1.02314e-14    5.07233e-15    1.31985e-15    7.56339e-15    -2.8637e-15    -6.80012e-16    5.21068e-16    
138    -1.40802e-15    -6.8418e-15    -4.56242e-16    -1.46555e-14    1.40132e-14    3.29879e-15    -4.84782e-15    1.71952e-15    -1.95875e-15    -1.58884e-15    
139    -2.97037e-15    2.08704e-15    -5.01647e-16    -2.77556e-17    2.57433e-15    -5.85298e-15    -4.64212e-15    2.68463e-15    -6.53644e-15    7.99816e-16    
140    1.76917e-15    2.79055e-15    1.78389e-16    1.17612e-14    -1.23903e-14    5.83696e-16    5.93015e-15    1.93145e-15    1.65956e-15    2.28166e-15    
141    -1.83967e-14    -0.129982    0.181947    -0.210819    -1.01308e-15    -1.48666e-14    -1.89779e-14    2.0836e-14    -2.22626e-14    -8.91035e-15    
142    1.60335e-14    0.129982    -0.181947    -0.210819    2.20934e-14    -1.24885e-15    1.30972e-14    4.32708e-15    -1.07483e-14    2.68987e-14    
143    6.55258e-15    -0.129982    0.181947    -0.210819    2.16008e-14    -3.25899e-16    3.13378e-15    1.35133e-14    -1.94636e-14    -6.59038e-15    
144    -2.25799e-14    0.129982    -0.181947    -0.210819    8.83321e-15    1.70747e-14    -8.93296e-15    9.46268e-15    -5.27096e-15    -2.21909e-14    
145    6.81029e-15    -0.129982    0.181947    -0.210819    4.81559e-15    -2.67668e-14    -6.51215e-15    1.80093e-14    -1.93161e-14    1.96748e-14    
146    1.97677e-14    0.129982    -0.181947    -0.210819    2.89699e-14    1.64126e-14    1.99198e-14    8.14857e-15    -1.05731e-14    9.56117e-15    
147    -1.502e-14    -0.129982    0.181947    -0.210819    8.88872e-15    2.82995e-16    -1.33643e-14    1.57669e-14    -1.75259e-14    -2.61494e-14    
148    -6.82072e-15    0.129982    -0.181947    -0.210819    1.26149e-14    1.04486e-15    -4.08267e-15    4.27373e-15    -1.00675e-14    7.85618e-15    
149    2.21987e-14    -0.129982    0.181947    -0.210819    1.46272e-14    -1.78868e-14    9.45945e-15    1.547e-14    -1.57227e-14    2.35316e-14    
150    -7.18554e-15    0.129982    -0.181947    -0.210819    2.32453e-14    2.69062e-14    4.21451e-15    6.75153e-15    -6.41587e-15    -2.19572e-14    
151    7.8831e-16    -4.66008e-16    5.3776e-16    -4.63952e-15    3.16522e-15    5.03002e-15    2.45247e-15    1.44201e-14    3.11274e-15    -1.71583e-15    
152    -3.54634e-16    -3.59143e-15    1.12331e-15    2.66985e-15    -2.2434e-15    -1.25838e-15    -4.51967e-15    2.58681e-15    6.26525e-15    -8.80592e-16    
153    5.56988e-15    3.85388e-17    -3.70291e-16    -1.17779e-14    8.18551e-15    -5.14781e-15    1.83577e-15    5.87669e-16    1.55019e-14    2.39839e-15    
154    1.27398e-15    2.4674e-15    7.66944e-16    1.41525e-14    -1.39529e-14    3.23584e-15    2.0995e-15    -5.11091e-15    3.94712e-15    -1.55501e-15    
155    -2.33764e-16    3.89762e-16    1.33522e-17    -3.09746e-15    1.92489e-15    4.01326e-15    -4.78393e-15    -1.39669e-14    6.10471e-15    -1.42356e-15    
156    -2.47364e-16    4.9578e-15    -4.50918e-15    -3.7465e-15    3.95704e-15    -4.90228e-15    -2.0709e-16    -5.88626e-15    -3.42054e-15    8.52496e-16    
157    -4.88522e-16    -1.06086e-16    -6.13152e-16    2.93255e-15    -1.94224e-15    -9.30206e-16    4.78654e-15    -1.02988e-14    -1.08915e-14    1.96597e-15    
158    -1.65908e-16    1.06604e-15    1.96675e-15    -1.0093e-14    9.44768e-15    3.16317e-15    -2.93685e-15    1.69597e-15    -7.29702e-15    -1.84127e-15    
159    -5.541e-15    -1.85509e-17    3.15226e-16    1.74241e-14    -1.12464e-14    -3.93609e-15    -5.30131e-15    6.86418e-15    -1.30035e-14    -1.1149e-15    
160    3.62436e-16    -4.74613e-15    5.79091e-16    -2.35191e-15    2.5456e-15    -1.24611e-15    4.78166e-15    7.18175e-15    5.48779e-17    2.09924e-15    
161    -6.8798e-16    1.07036e-14    -2.27509e-15    1.66533e-16    6.66134e-16    -6.03257e-15    5.88418e-15    -5.33215e-15    1.41553e-15    3.9465e-15    
162    5.80959e-15    5.93275e-16    -1.01915e-17    -3.88578e-15    1.38778e-15    7.09242e-15    9.71445e-15    -1.39396e-14    3.88578e-15    -1.1936e-15    
163    -7.77156e-16    -4.996e-15    5.04229e-16    -5.66908e-15    5.47392e-15    2.1607e-15    -9.22006e-15    -1.76791e-15    -4.64993e-15    -2.67555e-15    
164    -1.04361e-14    2.44249e-15    -7.14246e-16    -2.05131e-15    3.17617e-15    -1.14907e-14    -3.50901e-15    -4.1391e-15    -1.70944e-14    3.02744e-15    
165    1.77636e-15    5.66214e-15    -1.99432e-15    1.42655e-14    -1.41525e-14    3.57488e-15    6.827e-15    3.07735e-15    -2.63244e-15    7.17276e-17    
166    3.25694e-15    -3.21347e-15    6.26349e-16    -9.03544e-16    -2.4008e-16    1.09583e-14    -3.56824e-15    1.38089e-14    -2.16818e-15    -4.87309e-15    
167    -2.19405e-15    -6.40991e-15    2.856e-15    -1.8441e-15    2.86249e-15    -8.19253e-15    -4.63389e-15    5.43546e-15    2.1671e-15    8.95574e-16    
168    4.17664e-16    3.85771e-15    -9.0985e-16    -7.51305e-15    4.71929e-15    -6.69107e-15    9.73128e-15    2.27157e-15    5.5665e-15    4.38445e-15    
169    2.65294e-15    -3.85328e-15    -7.06252e-16    -3.95716e-15    1.69907e-15    9.16833e-15    -6.51174e-16    -8.05317e-16    5.65385e-15    -2.8625e-15    
170    7.11463e-16    -2.17286e-15    -3.35178e-17    1.82137e-14    -1.14902e-14    -2.69221e-18    -1.13783e-14    -1.92137e-18    8.73956e-15    -2.91924e-15    
#Execution time: 888.011 s
