#Fermion code
#Is hermitian: 1
1   1 100
2   2 100
3   3 100
4   4 100
5   5 100
6   6 100
7   7 100
8   8 100
9   9 100
10   10 100

11   1 110
12   2 110
13   3 110
14   4 110
15   5 110
16   6 110
17   7 110
18   8 110
19   9 110
20   10 110

21   1 210
22   2 210
23   3 210
24   4 210
25   5 210
26   6 210
27   7 210
28   8 210
29   9 210
30   10 210

31   1 120
32   2 120
33   3 120
34   4 120
35   5 120
36   6 120
37   7 120
38   8 120
39   9 120
40   10 120

41   1 101
42   2 101
43   3 101
44   4 101
45   5 101
46   6 101
47   7 101
48   8 101
49   9 101
50   10 101

51   1 201
52   2 201
53   3 201
54   4 201
55   5 201
56   6 201
57   7 201
58   8 201
59   9 201
60   10 201

61   1 111
62   2 111
63   3 111
64   4 111
65   5 111
66   6 111
67   7 111
68   8 111
69   9 111
70   10 111

71   1 211
72   2 211
73   3 211
74   4 211
75   5 211
76   6 211
77   7 211
78   8 211
79   9 211
80   10 211

81   1 311
82   2 311
83   3 311
84   4 311
85   5 311
86   6 311
87   7 311
88   8 311
89   9 311
90   10 311

91   1 121
92   2 121
93   3 121
94   4 121
95   5 121
96   6 121
97   7 121
98   8 121
99   9 121
100   10 121

101   1 221
102   2 221
103   3 221
104   4 221
105   5 221
106   6 221
107   7 221
108   8 221
109   9 221
110   10 221

111   1 131
112   2 131
113   3 131
114   4 131
115   5 131
116   6 131
117   7 131
118   8 131
119   9 131
120   10 131

121   1 331
122   2 331
123   3 331
124   4 331
125   5 331
126   6 331
127   7 331
128   8 331
129   9 331
130   10 331

131   1 102
132   2 102
133   3 102
134   4 102
135   5 102
136   6 102
137   7 102
138   8 102
139   9 102
140   10 102

141   1 112
142   2 112
143   3 112
144   4 112
145   5 112
146   6 112
147   7 112
148   8 112
149   9 112
150   10 112

151   1 212
152   2 212
153   3 212
154   4 212
155   5 212
156   6 212
157   7 212
158   8 212
159   9 212
160   10 212

161   1 122
162   2 122
163   3 122
164   4 122
165   5 122
166   6 122
167   7 122
168   8 122
169   9 122
170   10 122

#170 operators generated.
#Correlation matrix eigenvalues: 
  -2.6307e-17
  -2.0646e-17
  -1.7817e-17
  -1.6863e-17
  -1.6372e-17
  -1.2288e-17
  -1.0093e-17
  -9.7122e-18
  -7.5508e-18
  -7.1173e-18
  -6.5265e-18
  -5.2459e-18
  -4.2430e-18
  -3.7368e-18
  -3.2281e-18
  -3.1687e-18
  -2.6248e-18
  -2.4442e-18
  -1.5692e-18
  -1.0902e-18
  -1.0560e-18
  -7.0710e-19
  -5.3530e-19
  -4.4766e-19
  -4.1091e-19
  -4.0984e-19
  -3.7002e-19
  -3.4077e-19
  -3.1547e-19
  -3.1148e-19
  -2.6500e-19
  -2.3850e-19
  -2.1090e-19
  -2.1063e-19
  -1.8643e-19
  -1.6298e-19
  -1.4926e-19
  -1.4255e-19
  -1.4222e-19
  -1.2933e-19
  -1.2542e-19
  -1.2119e-19
  -1.0626e-19
  -9.9055e-20
  -9.6934e-20
  -8.8964e-20
  -7.5611e-20
  -6.6919e-20
  -6.5397e-20
  -5.0850e-20
  -5.0609e-20
  -4.5596e-20
  -3.7696e-20
  -3.5116e-20
  -3.2880e-20
  -2.6293e-20
  -2.1893e-20
  -2.1358e-20
  -1.9969e-20
  -1.5630e-20
  -1.2532e-20
  -8.8091e-21
  -6.4503e-21
  -2.2796e-21
   3.2279e-21
   4.4156e-21
   7.3708e-21
   8.2003e-21
   8.7475e-21
   1.0234e-20
   1.3236e-20
   1.5802e-20
   1.8163e-20
   2.1834e-20
   2.7603e-20
   2.7624e-20
   3.0831e-20
   3.9327e-20
   4.1436e-20
   4.1695e-20
   4.4806e-20
   4.6095e-20
   5.8131e-20
   6.0200e-20
   6.7989e-20
   6.9201e-20
   7.4414e-20
   1.0579e-19
   1.0943e-19
   1.1591e-19
   1.2246e-19
   1.2345e-19
   1.3060e-19
   1.6420e-19
   1.9366e-19
   2.2294e-19
   2.3115e-19
   2.3882e-19
   2.7698e-19
   2.9242e-19
   3.5706e-19
   4.6378e-19
   4.8944e-19
   6.0526e-19
   8.5292e-19
   9.2135e-19
   1.1266e-18
   1.1756e-18
   1.5928e-18
   1.8823e-18
   3.0518e-18
   3.3719e-18
   3.9861e-18
   4.3980e-18
   5.2688e-18
   6.2246e-18
   6.6215e-18
   6.8057e-18
   8.2130e-18
   8.9296e-18
   9.5778e-18
   1.4787e-17
   1.8186e-17
   1.8903e-17
   2.2757e-06
   2.2757e-06
   8.5758e-06
   8.5758e-06
   8.7502e-06
   8.7502e-06
   1.6330e-04
   1.6330e-04
   1.8323e-04
   1.8323e-04
   2.1377e-04
   2.1377e-04
   3.0815e-04
   3.0815e-04
   3.5107e-04
   3.5107e-04
   9.9746e-04
   9.9746e-04
   1.0941e-03
   1.0941e-03
   1.2679e-03
   1.2679e-03
   1.4755e-03
   1.4755e-03
   3.2761e-03
   3.6975e-03
   3.6975e-03
   3.8346e-03
   5.1799e-03
   5.1799e-03
   5.3730e-03
   1.0084e-02
   1.0084e-02
   1.1119e-02
   1.1119e-02
   1.2629e-02
   1.2629e-02
   2.1952e-02
   2.1952e-02
   2.4859e-02
   2.4859e-02
   3.1089e-02
   3.3445e-02
   3.3843e-02
   1.1505e-01
   1.4607e-01

#Eigenvector: 
1    2.38e-15    1.66878e-15    -1.12619e-15    -6.03198e-15    -5.59634e-15    3.42152e-15    -3.32776e-15    -8.86562e-16    4.83706e-16    9.68293e-15    
2    1.22923e-15    1.02285e-16    2.83194e-16    -9.59814e-15    -4.33085e-16    6.2918e-16    1.1461e-15    -3.60183e-15    -3.3763e-15    1.58493e-15    
3    3.02252e-16    -2.81814e-16    1.20421e-16    7.96137e-15    -6.69882e-17    6.61528e-16    1.7484e-15    -2.0389e-15    -2.88039e-16    5.64785e-15    
4    1.64182e-15    7.44279e-16    3.98477e-15    1.02395e-14    2.36465e-15    -3.11086e-16    9.58744e-16    3.17769e-15    -3.45526e-15    -1.48375e-15    
5    -1.35945e-15    -1.75322e-15    1.56083e-15    -4.5538e-15    4.799e-15    -2.26334e-15    3.03283e-15    3.87143e-16    -1.66616e-15    -1.14994e-14    
6    -7.76082e-16    1.36126e-16    1.15497e-15    -7.09445e-15    -5.32084e-15    -6.76416e-16    5.3241e-16    4.06099e-15    6.91816e-16    -1.92228e-15    
7    -7.25524e-16    -1.02221e-15    -4.18525e-16    5.87239e-17    -7.41833e-15    -5.12675e-15    -2.91261e-15    1.06949e-15    -6.79336e-16    -1.74804e-14    
8    -1.8612e-15    -7.57665e-17    -1.90126e-15    -1.01536e-16    6.40455e-15    2.96419e-16    -2.45387e-16    -4.90059e-16    4.95919e-15    -1.0185e-16    
9    -9.41951e-16    1.35519e-15    -3.01815e-16    2.20753e-15    7.95594e-15    -1.88039e-15    -3.84181e-15    1.18472e-15    2.00199e-15    -4.02553e-15    
10    4.04437e-17    1.06999e-15    3.54128e-16    6.23288e-15    -3.36658e-15    4.47319e-16    2.15236e-16    -3.40656e-15    7.82116e-16    2.35334e-15    
11    -0.316228    6.88338e-15    -2.16216e-14    -1.18447e-14    -0.278923    -0.334126    0.229297    -0.25699    -0.353623    -0.166437    
12    0.316228    1.22615e-14    -1.96648e-14    -4.64559e-15    -0.278923    -0.405092    -0.0108891    0.415729    -0.135137    -0.187489    
13    -0.316228    5.50502e-15    -1.08802e-14    1.19696e-14    -0.278923    -0.321326    -0.246916    5.50823e-05    0.437142    -0.136927    
14    0.316228    -2.44589e-14    4.07452e-14    -8.84015e-15    -0.278923    -0.114824    -0.38863    -0.415763    -0.135032    -0.034063    
15    -0.316228    -2.26019e-14    4.79478e-14    -1.55848e-14    -0.278923    0.135536    -0.3819    0.256901    -0.353687    0.0818114    
16    0.316228    -2.53084e-15    1.56264e-14    8.78117e-15    -0.278923    0.334126    -0.229297    0.25699    0.353623    0.166437    
17    -0.316228    -1.30535e-14    1.74999e-14    4.44783e-15    -0.278923    0.405092    0.0108891    -0.415729    0.135137    0.187489    
18    0.316228    -7.38286e-15    8.95117e-15    -1.14908e-14    -0.278923    0.321326    0.246916    -5.50823e-05    -0.437142    0.136927    
19    -0.316228    2.3692e-14    -4.34167e-14    -2.92127e-15    -0.278923    0.114824    0.38863    0.415763    0.135032    0.034063    
20    0.316228    2.79636e-14    -5.51503e-14    3.01842e-15    -0.278923    -0.135536    0.3819    -0.256901    0.353687    -0.0818114    
21    1.82522e-15    1.26785e-14    -5.15099e-15    -2.56122e-15    5.63768e-15    1.47953e-15    -1.02277e-14    3.87874e-15    1.18617e-14    1.23221e-14    
22    -1.17938e-14    1.35961e-15    -4.93355e-15    2.68882e-16    -8.2833e-16    2.77718e-16    -1.94197e-15    1.51129e-14    1.51424e-14    1.3636e-15    
23    3.5069e-15    -3.26648e-15    -9.83768e-17    -2.22554e-15    -5.85362e-15    1.41394e-14    -1.02984e-14    -6.01929e-15    -7.99607e-15    5.42877e-14    
24    3.40713e-17    3.38244e-15    -1.69309e-15    -2.31239e-15    4.3715e-16    4.50703e-16    -5.22043e-17    -2.55906e-14    3.85976e-15    1.0443e-15    
25    -3.99462e-17    -3.16534e-15    -5.21602e-17    5.9914e-15    2.24324e-15    1.54939e-14    1.70108e-15    9.42347e-15    5.80378e-15    5.82446e-14    
26    1.13327e-14    -3.12647e-15    7.43849e-15    7.1488e-15    -1.47191e-15    -1.57426e-15    6.00648e-16    1.10328e-14    -1.91722e-14    -5.75126e-15    
27    6.31079e-15    1.29911e-14    -2.99037e-15    -1.22837e-15    1.73194e-16    6.32386e-15    8.1799e-15    -1.28079e-14    1.48575e-15    1.81169e-14    
28    -1.26172e-14    6.4457e-15    8.1532e-16    -7.38645e-15    -2.06692e-15    -2.72113e-15    -7.67669e-16    1.41553e-15    1.27485e-14    -9.14137e-15    
29    -6.54683e-15    -2.09506e-14    5.7737e-15    7.74375e-16    -1.62906e-15    -3.60211e-15    -8.65391e-16    6.61814e-15    -1.18856e-14    -1.01834e-14    
30    1.24681e-14    -8.1805e-15    -1.48492e-15    2.68535e-15    5.12784e-15    -1.45982e-15    -2.35033e-15    -8.18789e-16    -1.22419e-14    -5.67013e-15    
31    -1.49785e-14    5.77716e-15    2.81025e-16    4.04017e-15    2.49974e-15    -7.72711e-16    -2.90783e-16    1.47105e-14    1.75398e-14    -2.21443e-15    
32    -7.21572e-15    -1.54515e-14    7.15442e-15    -1.35262e-15    5.71896e-15    -9.52754e-15    1.34173e-14    2.03123e-15    -1.22416e-14    -4.30098e-14    
33    6.06355e-15    -3.07392e-15    -3.57006e-15    -1.66707e-15    -2.92127e-15    -7.5287e-16    -2.20885e-15    -1.42386e-14    -1.57513e-15    -1.65241e-15    
34    -1.34589e-15    7.3498e-15    -3.1226e-15    -4.47276e-15    -3.63903e-15    -1.09147e-14    9.37124e-16    9.23738e-15    1.18592e-14    -4.24764e-14    
35    -1.78639e-15    -5.14444e-15    -8.57647e-15    -4.04191e-15    5.47305e-15    1.56374e-15    -2.94171e-15    1.12549e-14    1.70697e-15    5.86646e-15    
36    4.20553e-15    8.74536e-15    -2.19149e-15    3.01841e-15    3.04098e-15    -8.1328e-16    -2.00427e-15    -1.2272e-14    -9.28702e-16    -2.97055e-16    
37    -5.99544e-15    2.968e-15    -5.96398e-15    7.27196e-15    -6.58328e-16    2.43062e-15    -1.2194e-15    -1.80272e-14    7.77677e-15    9.95064e-15    
38    -3.03952e-15    -1.36222e-14    4.32111e-15    -3.30973e-15    -1.32904e-15    7.80414e-15    5.48037e-15    8.25307e-15    -4.06288e-15    2.47335e-14    
39    1.62475e-14    -8.48612e-15    2.23432e-15    -4.81386e-15    -3.99073e-15    1.30413e-15    9.37672e-16    6.34215e-15    -2.40242e-14    4.38511e-15    
40    3.73146e-15    1.48743e-14    -3.02212e-15    6.88083e-15    -3.10511e-15    4.95109e-16    1.53494e-14    -7.07742e-15    6.93592e-15    -9.58228e-16    
41    1.5424e-15    -0.257312    -0.183822    -0.105409    -7.35523e-16    2.9699e-15    -4.18486e-15    2.19529e-15    3.41887e-15    -2.98989e-16    
42    -4.39751e-16    0.257312    0.183822    -0.105409    2.45637e-15    -2.6335e-15    5.13944e-15    -6.66134e-16    1.95438e-15    -9.78221e-17    
43    -2.23974e-15    -0.257312    -0.183822    -0.105409    4.06619e-15    2.96071e-15    -6.25349e-15    -1.5786e-15    2.02561e-15    1.23762e-16    
44    5.96393e-16    0.257312    0.183822    -0.105409    -4.12864e-15    -1.96306e-15    4.8562e-15    -1.35655e-15    4.71997e-15    -1.4494e-15    
45    2.18571e-15    -0.257312    -0.183822    -0.105409    1.83187e-15    1.85611e-15    -4.10484e-15    3.83894e-15    2.14293e-15    1.89853e-15    
46    -2.48375e-15    0.257312    0.183822    -0.105409    3.41394e-15    -3.01349e-15    4.59236e-15    -2.50494e-15    8.33535e-16    1.19127e-17    
47    2.02244e-16    -0.257312    -0.183822    -0.105409    7.28584e-16    3.94498e-15    -5.42009e-15    1.02609e-15    3.89662e-15    -1.24676e-15    
48    3.05034e-15    0.257312    0.183822    -0.105409    -8.88178e-16    -2.21202e-15    4.83191e-15    -2.75821e-16    5.95682e-15    -7.45213e-16    
49    1.76452e-16    -0.257312    -0.183822    -0.105409    2.81025e-15    9.509e-16    -4.77778e-15    2.83107e-15    -4.87837e-16    2.10795e-15    
50    -2.62899e-15    0.257312    0.183822    -0.105409    6.03684e-16    -1.56353e-15    4.10463e-15    -4.14425e-15    6.34974e-15    -9.00687e-16    
51    -2.90784e-15    -2.46751e-15    -6.65787e-15    6.71338e-16    -6.61407e-15    2.36139e-16    -6.82072e-16    2.0331e-15    -7.71952e-16    1.10423e-15    
52    3.15258e-15    1.23189e-16    3.05839e-16    -3.13377e-15    -7.15668e-15    5.99293e-15    -1.35531e-15    -9.16044e-15    -4.87697e-15    2.10555e-14    
53    2.2957e-15    -1.46067e-15    -4.12864e-16    -6.54945e-15    5.13782e-15    9.32251e-16    2.31857e-16    -9.51322e-15    -7.46798e-15    2.05978e-15    
54    -2.4303e-15    -9.14507e-15    3.02191e-15    6.38805e-15    4.63362e-15    7.62609e-15    2.53316e-15    4.73697e-15    -2.73704e-15    2.92754e-14    
55    7.62048e-15    -5.24669e-15    2.25167e-15    1.00146e-14    -9.76216e-16    3.04363e-16    8.3451e-16    1.77011e-14    -1.00406e-14    -6.81014e-16    
56    2.456e-15    5.87644e-15    -2.04951e-15    -8.17337e-15    4.69774e-16    4.95958e-15    6.79944e-15    -3.10193e-15    1.23742e-15    1.4754e-14    
57    -1.40471e-14    4.74383e-15    -3.12597e-15    -9.22352e-15    -3.031e-15    -6.2404e-16    7.94937e-16    3.43475e-15    2.13267e-14    -3.79079e-15    
58    -5.72005e-15    -8.94011e-15    4.18914e-15    6.5206e-15    -4.8585e-15    2.52239e-16    3.86553e-15    6.0047e-15    -4.54058e-15    -1.86623e-15    
59    7.0311e-15    -4.21136e-16    4.51028e-17    5.7402e-15    5.59709e-15    -3.87548e-16    -5.8986e-16    -1.44815e-14    -3.20403e-15    -2.99501e-15    
60    5.27873e-15    1.18463e-14    -5.19169e-15    -2.16073e-15    7.93721e-15    3.27126e-16    -3.02378e-16    4.61661e-16    1.1694e-14    2.29276e-15    
61    -5.06278e-14    4.65599e-14    -1.54328e-14    -3.25808e-17    2.23443e-16    -7.96215e-16    2.31409e-15    2.35006e-15    -2.69875e-14    -4.1554e-18    
62    3.72116e-14    1.57835e-13    -5.31016e-14    -2.34471e-16    -1.67099e-16    1.56821e-15    6.61109e-16    -2.12713e-13    -7.55129e-14    9.22594e-17    
63    4.38918e-14    3.50277e-14    -1.18487e-14    -1.86134e-16    4.32507e-17    1.87723e-15    -6.31669e-16    -9.10763e-14    3.28406e-14    -1.00425e-15    
64    8.41703e-14    1.48575e-14    -5.54587e-15    -2.0981e-16    -2.46491e-16    -6.75157e-16    -1.48319e-15    6.8217e-14    -1.91237e-13    9.53847e-16    
65    1.31078e-13    -1.63547e-14    5.18649e-15    6.31802e-17    1.26429e-17    -2.47889e-15    -8.43996e-16    1.09661e-14    -1.71105e-13    1.04593e-15    
66    -2.44691e-14    -8.83595e-14    3.03639e-14    -2.16397e-16    -2.95708e-16    -6.32637e-16    1.51551e-15    1.33599e-13    9.37396e-15    8.14278e-16    
67    -8.78242e-15    -1.22583e-13    4.20656e-14    -1.02303e-16    2.90177e-16    1.17307e-15    9.36278e-16    1.67842e-13    8.12221e-14    -7.11168e-16    
68    -1.07266e-14    -1.10602e-13    3.71771e-14    -2.32625e-16    -3.34176e-16    1.36982e-15    -2.72891e-16    8.2142e-14    8.5076e-14    1.24499e-16    
69    -1.14807e-13    5.59097e-14    -2.01446e-14    -5.35439e-17    1.96821e-16    -5.9343e-16    -1.80092e-15    -9.40999e-14    8.55016e-14    -6.02262e-16    
70    -8.62154e-14    2.64708e-14    -8.44834e-15    -1.93378e-16    -1.93644e-17    -1.40586e-15    -8.83301e-16    -7.01456e-14    1.75105e-13    1.33105e-15    
71    4.29358e-15    0.129982    -0.181947    0.210819    -6.38378e-16    1.44055e-14    -2.44265e-14    -3.9465e-15    -1.26197e-14    -7.01686e-15    
72    4.96264e-15    -0.129982    0.181947    0.210819    -9.87058e-15    -1.36871e-14    2.6599e-14    9.07737e-15    7.06065e-15    5.28048e-15    
73    -5.47167e-15    0.129982    -0.181947    0.210819    8.04912e-16    9.32238e-15    -2.46451e-14    -5.60316e-15    -1.87446e-14    3.23752e-15    
74    -5.22462e-15    -0.129982    0.181947    0.210819    0    -1.01863e-14    2.22584e-14    -1.22059e-15    7.92853e-15    -3.04825e-15    
75    1.47658e-15    0.129982    -0.181947    0.210819    -3.02536e-15    1.35285e-14    -2.14484e-14    -3.85109e-15    -1.40803e-14    -4.16708e-15    
76    -1.90187e-15    -0.129982    0.181947    0.210819    -5.47826e-15    -1.50597e-14    2.41106e-14    9.15457e-15    2.61103e-16    5.61216e-15    
77    -3.8302e-15    0.129982    -0.181947    0.210819    3.19189e-16    1.18269e-14    -2.5829e-14    -7.34135e-15    -2.44344e-14    -2.47334e-15    
78    3.42391e-15    -0.129982    0.181947    0.210819    -5.37764e-15    -9.87317e-15    2.5205e-14    4.90428e-15    5.82569e-15    2.65365e-16    
79    3.06693e-15    0.129982    -0.181947    0.210819    -1.58207e-15    1.01339e-14    -2.20623e-14    6.41848e-16    -1.59803e-14    1.85797e-15    
80    -9.34223e-16    -0.129982    0.181947    0.210819    -5.41234e-16    -1.36981e-14    2.23547e-14    9.03856e-15    1.9279e-15    2.31258e-15    
81    -1.14501e-15    -2.25477e-15    7.71956e-16    -3.09761e-15    -1.29197e-15    -5.37264e-15    2.04179e-15    -3.39074e-16    -4.37079e-15    -2.10872e-14    
82    -1.87481e-15    7.86112e-16    -9.67889e-15    -2.95684e-15    6.16813e-15    1.49423e-16    -2.19901e-15    -2.83107e-14    8.5626e-15    3.11148e-15    
83    7.73656e-16    3.25697e-15    -2.18079e-15    -3.55136e-16    2.45181e-15    4.15851e-15    -2.97355e-15    6.19706e-15    9.16274e-15    1.60171e-14    
84    1.11256e-14    -7.01407e-15    -3.6247e-15    4.39796e-15    -7.19585e-16    1.27136e-15    -7.98041e-16    -2.22045e-16    -1.74708e-14    5.92937e-15    
85    8.96204e-15    1.2444e-14    -3.70757e-15    -2.96378e-15    -1.34142e-15    1.00947e-14    5.40345e-15    -1.47705e-14    2.76575e-15    3.8039e-14    
86    -6.79401e-15    2.2273e-15    -8.17055e-16    -1.84011e-15    -2.6113e-15    3.59142e-19    9.16612e-16    6.73073e-16    1.32836e-15    1.07689e-15    
87    -5.42032e-15    -1.99713e-14    7.08389e-15    7.23428e-15    -2.18198e-15    5.73155e-15    1.41305e-14    3.93986e-15    -1.33837e-14    1.40034e-14    
88    1.17041e-14    -6.21247e-15    2.36356e-15    3.09605e-15    3.81639e-17    -1.74398e-15    5.80888e-16    8.38912e-15    -1.41475e-14    -4.50524e-15    
89    -1.91484e-15    9.00434e-15    -1.61877e-15    -1.08849e-15    3.56513e-15    -4.86224e-15    1.0992e-14    4.12391e-15    7.29332e-15    -2.22641e-14    
90    -1.37368e-14    2.62949e-15    -5.95097e-15    -1.79631e-15    -2.29406e-15    -1.68698e-15    -1.67858e-15    1.68233e-14    2.38039e-14    -3.21795e-15    
91    -3.36493e-15    -8.36282e-15    1.29896e-14    9.66935e-15    0.149004    0.181409    -0.053599    -0.0291531    0.0897624    -0.398614    
92    -1.26733e-14    -8.33659e-15    8.98587e-15    -7.21645e-16    0.149004    0.178268    0.0632673    -0.0763604    -0.0554643    -0.365377    
93    -1.70207e-14    1.05912e-14    -9.1871e-15    -2.48412e-15    0.149004    0.107034    0.155968    0.0763464    -0.0554836    -0.192579    
94    -6.55452e-15    1.98551e-14    -2.74572e-14    7.00134e-15    0.149004    -0.00508293    0.189094    0.0291757    0.0897551    0.0537773    
95    2.15974e-15    5.97839e-15    -2.00048e-14    -5.30825e-16    0.149004    -0.115259    0.149992    -0.0943779    1.18921e-05    0.279593    
96    4.17554e-15    5.29005e-15    -9.69363e-15    -3.8719e-15    0.149004    -0.181409    0.053599    0.0291531    -0.0897624    0.398614    
97    1.33518e-14    1.18409e-14    -8.06993e-15    6.01255e-15    0.149004    -0.178268    -0.0632673    0.0763604    0.0554643    0.365377    
98    1.61747e-14    -6.60248e-15    9.56873e-15    5.63438e-15    0.149004    -0.107034    -0.155968    -0.0763464    0.0554836    0.192579    
99    5.00067e-15    -2.25523e-14    2.93238e-14    -4.93702e-15    0.149004    0.00508293    -0.189094    -0.0291757    -0.0897551    -0.0537773    
100    -1.57238e-15    -1.25627e-14    2.41959e-14    1.23512e-15    0.149004    0.115259    -0.149992    0.0943779    -1.18921e-05    -0.279593    
101    -2.30385e-15    -1.8327e-14    7.26964e-15    1.08862e-15    -5.37844e-16    6.5008e-15    3.53783e-15    2.07223e-15    -1.22528e-14    2.27157e-14    
102    1.96568e-14    -1.46523e-14    1.67574e-15    6.3312e-15    2.90398e-15    -1.12682e-16    -8.80799e-16    1.57938e-14    -3.59897e-14    -7.60525e-16    
103    1.09897e-15    3.12161e-15    -2.4242e-15    -2.98761e-15    2.30535e-15    6.51303e-15    6.50696e-15    -1.40478e-15    -5.14509e-17    2.01793e-14    
104    -1.60792e-14    -1.61067e-16    -3.8513e-15    -1.22753e-15    -5.20672e-15    -5.35491e-16    -8.53043e-16    3.58802e-14    2.28474e-14    -1.02868e-15    
105    -7.58096e-15    -1.19663e-14    6.36056e-15    4.35144e-15    -6.03027e-15    5.14131e-15    5.2506e-15    6.68991e-15    -9.65106e-15    1.56306e-14    
106    -6.22326e-15    4.24414e-15    -4.7989e-15    -7.77265e-16    1.17387e-15    -2.0652e-16    -1.41271e-15    -1.66603e-14    2.33421e-14    -1.10337e-15    
107    8.3642e-18    6.82764e-15    -2.75455e-15    3.13178e-15    5.17047e-15    3.23386e-15    4.7535e-15    1.50895e-14    1.14759e-14    1.54917e-14    
108    3.74321e-15    -2.19432e-15    -4.95047e-15    2.65033e-15    -1.94761e-15    3.46084e-16    -1.39979e-15    -1.04352e-14    -3.47714e-15    1.60826e-16    
109    1.07807e-14    1.9366e-14    -6.2016e-15    -6.64316e-15    -9.81132e-16    6.18624e-15    3.77474e-15    -1.82342e-14    8.67387e-15    1.88056e-14    
110    -2.68825e-15    6.25813e-16    -3.41263e-15    -7.84377e-15    3.37593e-15    2.296e-16    -1.1341e-15    -1.72909e-14    -5.69065e-15    1.45288e-16    
111    -5.54783e-15    -1.19576e-14    5.76577e-15    1.07483e-15    3.20878e-16    -2.87462e-15    6.28648e-15    -1.51709e-15    -1.03809e-14    -1.32609e-14    
112    6.53094e-15    -1.54422e-15    3.91354e-15    7.94503e-16    -7.12971e-16    4.26417e-16    -7.14489e-17    -2.63678e-15    -5.00294e-15    -1.17931e-15    
113    -2.26021e-15    1.20295e-15    4.62606e-16    -1.47447e-15    7.75128e-16    -6.92132e-15    2.02094e-15    7.89315e-15    5.29617e-15    -2.5312e-14    
114    -3.08981e-15    -1.56957e-15    -2.7825e-15    -1.75207e-15    1.25854e-15    1.02126e-15    -6.13658e-16    1.48215e-14    4.83641e-15    1.35799e-15    
115    2.10425e-15    4.37885e-15    -2.57743e-15    -3.59308e-16    -7.98997e-16    -3.3757e-15    -2.49194e-15    -5.61288e-15    -8.22198e-16    -1.35011e-14    
116    -7.98439e-15    3.13288e-15    -5.98133e-15    5.55112e-16    7.34655e-16    1.79956e-15    -7.34981e-16    -1.50574e-14    1.38084e-14    4.53378e-15    
117    -4.37111e-15    -5.48297e-15    3.68739e-15    -5.48298e-16    6.08943e-16    2.03222e-15    -1.91359e-15    7.23719e-15    1.02995e-15    6.0119e-15    
118    1.25931e-14    -3.58053e-15    4.37844e-15    9.29812e-16    -1.2863e-15    2.01293e-15    -1.89735e-16    -3.1225e-15    -1.66984e-14    3.95254e-15    
119    7.80916e-15    1.18447e-14    -4.97681e-15    1.39005e-15    -1.37714e-15    2.1497e-15    4.43356e-15    -7.3357e-15    6.54725e-15    6.57004e-15    
120    -8.51361e-15    1.36871e-15    -2.32453e-15    -8.08381e-16    -5.08274e-16    1.03558e-15    1.04842e-16    7.43849e-15    3.88578e-15    1.06856e-15    
121    1.39836e-15    8.20365e-15    -1.93474e-15    -2.37345e-15    -7.12807e-16    -2.86189e-15    5.13222e-15    -1.36887e-15    3.43324e-15    -1.29028e-14    
122    -1.5995e-14    1.35504e-15    -5.89112e-15    1.0443e-15    3.28882e-15    -3.56635e-16    -2.24044e-15    2.07681e-14    2.18181e-14    -2.9539e-15    
123    -5.25153e-15    -1.28266e-14    3.75746e-15    -3.27742e-15    3.4666e-15    8.25977e-16    -5.41416e-15    4.81384e-15    -1.02203e-14    5.68398e-15    
124    2.22075e-15    -1.05448e-15    -7.04905e-15    1.29931e-15    7.96672e-16    1.69873e-15    -1.38537e-15    -1.75832e-14    8.96071e-15    3.35121e-15    
125    2.32051e-15    8.86498e-15    -3.74718e-15    2.72568e-16    -4.43798e-15    1.11981e-14    -4.21257e-15    8.86016e-15    1.46244e-14    4.42562e-14    
126    9.02053e-16    -7.90522e-16    -2.58214e-15    -8.70831e-16    -2.14802e-15    1.29353e-15    2.32439e-16    2.01575e-15    -6.60496e-16    3.46527e-15    
127    7.98848e-15    9.77693e-15    -2.84926e-15    4.43353e-15    8.00203e-16    1.46269e-14    5.51332e-15    -1.27549e-14    -7.34837e-17    4.88807e-14    
128    -2.21486e-15    4.11042e-15    1.74947e-15    4.41964e-15    -2.49757e-15    -1.80127e-16    5.87638e-16    -1.65319e-14    -3.06569e-15    -3.10869e-15    
129    -3.29749e-15    -1.42925e-14    5.35136e-15    7.65889e-16    1.01403e-15    4.86659e-15    1.11111e-14    3.76796e-15    -5.76031e-15    1.37337e-14    
130    1.49333e-14    -9.61052e-15    3.21704e-15    -5.49127e-15    2.66714e-17    -1.42174e-15    -1.13544e-15    1.50886e-14    -2.3169e-14    -7.28944e-15    
131    -6.3551e-15    8.62104e-16    -2.97679e-15    7.32053e-15    3.50371e-15    -9.83046e-16    2.76688e-16    8.25728e-16    8.34402e-16    -2.19337e-15    
132    -3.81455e-15    -1.18462e-14    4.32771e-15    -1.958e-15    8.01886e-15    -1.63988e-15    6.62324e-15    -2.34374e-15    -9.79566e-15    -1.09284e-14    
133    8.96177e-15    -6.6263e-15    -8.18789e-16    -6.71338e-16    -4.07443e-15    -1.82363e-16    -5.63948e-16    3.60822e-16    -1.24831e-14    -5.39513e-16    
134    -2.01336e-15    1.46073e-15    4.63808e-16    -1.51381e-15    -8.23882e-15    -1.44749e-15    9.27622e-16    4.95115e-15    4.24787e-15    -4.48551e-15    
135    -4.65571e-15    -2.64799e-15    -4.01068e-15    -5.19463e-15    2.44856e-15    6.93103e-16    -3.88741e-16    2.0435e-14    8.8575e-15    2.53863e-15    
136    1.6219e-15    7.32786e-17    -1.42782e-15    4.35844e-15    5.6686e-15    3.6313e-15    9.5572e-16    -2.07385e-15    -4.23335e-15    1.48316e-14    
137    -7.47551e-15    3.57201e-15    -5.73153e-15    1.02522e-14    -1.09331e-15    5.53214e-16    9.80336e-16    -1.50088e-14    1.48579e-14    2.54231e-15    
138    -3.50075e-15    -2.27272e-15    2.34983e-15    -4.82606e-15    -5.6758e-16    6.59817e-15    4.69687e-15    7.42428e-15    3.29373e-15    2.03472e-14    
139    9.9416e-15    -1.95033e-15    2.67147e-15    -1.04413e-14    -1.77896e-15    -2.21015e-16    1.1176e-15    -4.98213e-15    -1.11577e-14    -6.59263e-16    
140    8.2394e-15    1.33284e-14    -4.14404e-15    3.52712e-15    -4.0639e-15    2.07965e-15    8.73052e-15    -7.14022e-15    6.6908e-15    5.30525e-15    
141    3.00743e-15    0.129982    -0.181947    0.210819    8.18789e-16    1.06929e-14    -2.22342e-14    -5.4054e-15    -2.12673e-14    1.4218e-16    
142    -6.53986e-15    -0.129982    0.181947    0.210819    -3.00454e-15    -1.51303e-14    2.24407e-14    5.41234e-16    1.84764e-15    7.83116e-15    
143    3.84471e-16    0.129982    -0.181947    0.210819    -3.2474e-15    1.31469e-14    -2.45476e-14    -4.56406e-15    -1.51034e-14    -5.0843e-15    
144    8.64675e-15    -0.129982    0.181947    0.210819    -6.2797e-16    -1.14541e-14    2.74386e-14    1.17634e-14    5.24472e-15    -3.54981e-16    
145    -3.52362e-16    0.129982    -0.181947    0.210819    4.64906e-15    1.02773e-14    -2.35945e-14    -3.60822e-15    -2.17409e-14    2.12219e-15    
146    -9.35108e-16    -0.129982    0.181947    0.210819    -7.61544e-15    -1.11978e-14    2.04813e-14    1.21756e-15    7.82691e-15    2.50668e-16    
147    6.526e-15    0.129982    -0.181947    0.210819    -2.63678e-15    1.2921e-14    -2.25389e-14    -6.20164e-15    -1.00371e-14    -3.38229e-15    
148    -2.75632e-15    -0.129982    0.181947    0.210819    1.63064e-16    -1.53052e-14    2.6818e-14    5.91194e-15    4.71601e-15    6.56722e-15    
149    -9.86254e-15    0.129982    -0.181947    0.210819    1.38778e-15    1.24156e-14    -2.52411e-14    -1.00423e-14    -1.65215e-14    -2.82029e-15    
150    1.79268e-15    -0.129982    0.181947    0.210819    -5.08274e-15    -9.2511e-15    2.34119e-14    2.40541e-15    4.58428e-15    -4.42412e-15    
151    -9.94992e-15    1.24652e-15    -3.96905e-15    -4.97432e-15    3.03314e-15    -7.42201e-16    -2.33849e-15    1.86687e-14    2.49947e-14    -3.44192e-15    
152    -5.60613e-15    2.5477e-15    -2.03809e-15    -3.18592e-15    1.13235e-15    -1.01719e-14    -9.29647e-15    1.25345e-14    4.99543e-15    -3.04399e-14    
153    -8.99403e-15    6.83913e-15    -7.54973e-15    1.84889e-15    3.83539e-15    1.15182e-15    -1.46824e-15    -1.7532e-14    2.85352e-14    4.64916e-15    
154    5.89753e-15    1.42085e-14    -4.72838e-15    -2.98521e-15    -8.71336e-17    3.37726e-15    -1.16732e-14    -1.14239e-16    1.24102e-14    1.94474e-14    
155    5.19041e-15    3.56047e-15    -1.24748e-15    3.72803e-16    -2.49987e-15    1.46049e-15    6.63013e-16    -3.29715e-14    -9.4633e-15    6.0022e-15    
156    9.55981e-15    5.40871e-15    -3.6773e-15    3.58773e-15    -3.97186e-15    1.04988e-14    -1.00109e-15    -1.11364e-14    3.99544e-15    3.75296e-14    
157    1.24035e-14    -4.58212e-15    6.53926e-15    1.43906e-15    -2.56959e-15    -4.58485e-16    1.33888e-15    9.09862e-16    -3.29251e-14    -1.11448e-15    
158    -1.20036e-15    -7.11406e-15    4.72072e-15    4.71645e-15    1.21992e-15    1.28661e-15    9.51078e-15    -7.34906e-15    -9.42118e-15    -1.75254e-15    
159    2.04425e-15    -2.8095e-15    8.52909e-15    -3.72966e-17    -2.2878e-15    -1.57795e-15    -9.34548e-17    3.03251e-14    -7.89169e-15    -6.41477e-15    
160    -8.63063e-15    -1.33679e-14    4.28021e-15    -2.76374e-15    3.59133e-16    -1.06788e-14    3.9422e-15    7.70937e-15    -1.00698e-14    -4.37898e-14    
161    4.25898e-15    1.1456e-14    -2.9976e-15    -1.22125e-15    -3.16761e-15    5.05021e-15    4.89886e-15    2.77556e-15    1.52794e-14    1.65612e-14    
162    1.09212e-14    -6.27189e-15    -1.11022e-16    -7.71605e-15    2.22045e-15    -9.79685e-16    -1.90386e-16    -3.16414e-15    -2.54657e-14    -8.53918e-16    
163    8.82627e-15    7.77156e-15    -2.15019e-15    4.72712e-16    2.06302e-15    3.83016e-15    6.52148e-15    -2.07135e-14    -2.37137e-15    1.32108e-14    
164    -3.9968e-15    -3.55271e-15    -4.25528e-15    5.40518e-15    3.71155e-15    -1.06694e-15    -1.88049e-15    3.02308e-15    -7.24599e-15    -5.29593e-16    
165    -7.54952e-15    -2.55351e-14    8.32581e-15    -5.85014e-15    2.3035e-15    4.16732e-15    6.2122e-15    8.76447e-15    -1.55453e-14    9.08966e-15    
166    1.07937e-14    -1.16427e-14    -4.07558e-17    -4.0829e-15    -1.49681e-15    -3.00287e-16    -1.65633e-15    2.26598e-14    -1.27903e-14    -3.3541e-16    
167    -1.36263e-15    9.66166e-15    -1.9346e-15    2.99823e-15    -6.10633e-15    3.3748e-15    5.30845e-15    4.0149e-15    6.91841e-15    1.21306e-14    
168    -2.20482e-14    6.28133e-15    -7.78168e-15    2.78868e-15    1.36521e-17    3.98737e-16    -1.30019e-15    1.35731e-14    3.79548e-14    1.19761e-15    
169    -1.97464e-15    -3.83893e-15    1.18415e-15    3.91843e-15    4.12565e-15    4.52018e-15    5.75154e-15    4.45108e-15    -2.29587e-15    1.6167e-14    
170    2.37212e-15    3.00318e-15    -6.06978e-15    3.0655e-15    -4.54161e-15    9.90643e-17    -1.62574e-16    -4.06561e-14    7.10753e-15    1.11216e-15    
#Execution time: 2118.69 s
