#Fermion code
#Is hermitian: 1
1   1 100
2   2 100
3   3 100
4   4 100
5   5 100
6   6 100
7   7 100
8   8 100
9   9 100
10   10 100
11   11 100

12   1 110
13   2 110
14   3 110
15   4 110
16   5 110
17   6 110
18   7 110
19   8 110
20   9 110
21   10 110
22   11 110

23   1 210
24   2 210
25   3 210
26   4 210
27   5 210
28   6 210
29   7 210
30   8 210
31   9 210
32   10 210
33   11 210

34   1 120
35   2 120
36   3 120
37   4 120
38   5 120
39   6 120
40   7 120
41   8 120
42   9 120
43   10 120
44   11 120

45   1 101
46   2 101
47   3 101
48   4 101
49   5 101
50   6 101
51   7 101
52   8 101
53   9 101
54   10 101
55   11 101

56   1 201
57   2 201
58   3 201
59   4 201
60   5 201
61   6 201
62   7 201
63   8 201
64   9 201
65   10 201
66   11 201

67   1 111
68   2 111
69   3 111
70   4 111
71   5 111
72   6 111
73   7 111
74   8 111
75   9 111
76   10 111
77   11 111

78   1 211
79   2 211
80   3 211
81   4 211
82   5 211
83   6 211
84   7 211
85   8 211
86   9 211
87   10 211
88   11 211

89   1 311
90   2 311
91   3 311
92   4 311
93   5 311
94   6 311
95   7 311
96   8 311
97   9 311
98   10 311
99   11 311

100   1 121
101   2 121
102   3 121
103   4 121
104   5 121
105   6 121
106   7 121
107   8 121
108   9 121
109   10 121
110   11 121

111   1 221
112   2 221
113   3 221
114   4 221
115   5 221
116   6 221
117   7 221
118   8 221
119   9 221
120   10 221
121   11 221

122   1 131
123   2 131
124   3 131
125   4 131
126   5 131
127   6 131
128   7 131
129   8 131
130   9 131
131   10 131
132   11 131

133   1 331
134   2 331
135   3 331
136   4 331
137   5 331
138   6 331
139   7 331
140   8 331
141   9 331
142   10 331
143   11 331

144   1 102
145   2 102
146   3 102
147   4 102
148   5 102
149   6 102
150   7 102
151   8 102
152   9 102
153   10 102
154   11 102

155   1 112
156   2 112
157   3 112
158   4 112
159   5 112
160   6 112
161   7 112
162   8 112
163   9 112
164   10 112
165   11 112

166   1 212
167   2 212
168   3 212
169   4 212
170   5 212
171   6 212
172   7 212
173   8 212
174   9 212
175   10 212
176   11 212

177   1 122
178   2 122
179   3 122
180   4 122
181   5 122
182   6 122
183   7 122
184   8 122
185   9 122
186   10 122
187   11 122

#187 operators generated.
#Correlation matrix eigenvalues: 
  -8.1765e-18
  -5.2705e-18
  -2.4807e-18
  -2.2940e-18
  -1.8596e-18
  -1.7180e-18
  -1.6627e-18
  -1.3355e-18
  -1.0626e-18
  -9.0936e-19
  -7.0438e-19
  -6.8269e-19
  -4.6911e-19
  -3.8660e-19
  -3.1676e-19
  -1.9563e-19
  -1.4406e-19
  -6.9159e-20
  -6.2705e-20
  -1.3542e-20
  -8.0061e-21
  -4.8209e-21
  -4.1640e-21
  -3.6067e-21
  -3.2738e-21
  -3.1266e-21
  -2.3000e-21
  -2.1847e-21
  -1.8650e-21
  -1.5649e-21
  -1.5544e-21
  -9.5202e-22
  -5.7235e-22
  -4.0139e-22
  -3.7270e-22
  -8.6177e-23
  -4.8699e-23
  -3.7854e-23
  -2.7735e-23
  -2.1022e-23
  -1.1119e-23
  -1.0532e-23
  -8.5252e-24
  -6.7451e-24
  -5.8522e-24
  -4.3900e-24
  -3.4751e-24
  -3.0538e-24
  -2.5498e-24
  -2.5050e-24
  -1.8011e-24
  -1.7291e-24
  -1.5158e-24
  -1.4547e-24
  -1.0728e-24
  -8.1725e-25
  -7.5026e-25
  -7.1155e-25
  -5.8664e-25
  -5.4061e-25
  -3.9791e-25
  -3.1510e-25
  -2.9404e-25
  -2.5034e-25
  -1.5881e-25
  -1.4073e-25
  -5.8930e-26
  -4.3097e-26
  -3.1284e-26
  -2.6343e-26
  -2.5107e-26
  -1.7077e-26
  -8.2948e-27
  -2.0500e-27
   8.2840e-29
   4.4817e-28
   8.5699e-28
   1.0253e-27
   1.5046e-27
   2.1775e-27
   2.5903e-27
   3.4493e-27
   4.9927e-27
   7.8232e-27
   1.2768e-26
   2.8897e-26
   3.3282e-26
   8.0333e-26
   8.3897e-26
   1.2979e-25
   1.7761e-25
   1.8850e-25
   3.2256e-25
   4.1879e-25
   5.1043e-25
   7.8179e-25
   9.5433e-25
   9.8128e-25
   1.0509e-24
   1.5831e-24
   1.7101e-24
   1.7135e-24
   1.9920e-24
   2.0541e-24
   3.0883e-24
   4.1179e-24
   4.4520e-24
   5.1238e-24
   6.0795e-24
   6.3267e-24
   7.5918e-24
   9.9630e-24
   1.4861e-23
   3.5330e-23
   3.9499e-23
   1.8726e-22
   2.9462e-22
   4.6069e-22
   8.3130e-22
   1.2952e-21
   1.5447e-21
   1.6138e-21
   2.1570e-21
   2.1943e-21
   2.5866e-21
   2.9411e-21
   3.9797e-21
   5.2083e-21
   8.1008e-21
   7.1477e-20
   2.5245e-19
   2.5889e-19
   3.8788e-19
   4.6333e-19
   7.2241e-19
   9.4204e-19
   1.1304e-18
   1.2365e-18
   1.4645e-18
   1.9851e-18
   2.3727e-18
   2.5199e-18
   4.0587e-18
   1.2381e-06
   1.2381e-06
   1.6839e-06
   1.6839e-06
   2.4870e-06
   2.4870e-06
   3.0766e-06
   3.0766e-06
   3.6033e-06
   3.6033e-06
   6.7371e-06
   6.7371e-06
   9.1491e-06
   9.1491e-06
   1.9108e-05
   1.9108e-05
   2.1823e-05
   2.1823e-05
   2.3072e-05
   2.3072e-05
   4.1478e-05
   4.1478e-05
   6.8106e-05
   6.8106e-05
   1.3975e-04
   1.3975e-04
   1.6121e-04
   1.6121e-04
   1.7325e-04
   1.7325e-04
   6.3392e-04
   6.3392e-04
   6.9666e-04
   6.9666e-04
   7.6287e-04
   7.6287e-04
   7.7742e-04
   1.1386e-03
   1.1386e-03
   1.3900e-03
   1.3900e-03
   5.1491e-03
   8.0492e-03
   6.2393e-02

#Eigenvector: 
1    3.31647e-16    2.39018e-16    7.01927e-16    8.64949e-17    1.73035e-15    1.90694e-16    1.20592e-15    3.16886e-16    1.86553e-15    -2.89875e-17    
2    2.28676e-16    2.77928e-16    7.88103e-16    8.65147e-16    2.70277e-16    -1.59482e-15    7.16168e-16    1.8352e-15    9.35243e-17    -1.81261e-16    
3    8.69453e-17    2.44639e-16    -6.22789e-16    7.01092e-16    -1.47032e-15    -2.24162e-15    1.05547e-15    -1.08475e-15    -6.01731e-16    -4.61421e-16    
4    -3.83942e-16    -6.23597e-16    -1.13102e-15    -4.14374e-16    -9.80377e-16    -1.3564e-15    7.01117e-16    -9.55962e-16    -3.32382e-16    7.84137e-16    
5    -3.41122e-16    -3.51769e-16    1.47397e-16    -1.21135e-15    1.06843e-15    -1.61252e-16    -3.69323e-16    -3.00207e-16    3.37118e-16    6.6021e-16    
6    -4.10541e-18    -3.70037e-16    3.11689e-17    -5.27243e-16    1.51757e-15    3.76403e-16    -1.5077e-15    -5.20493e-16    8.49473e-16    8.18294e-16    
7    1.27806e-16    1.23234e-15    5.32788e-17    9.25913e-16    8.69827e-16    2.2255e-16    -1.20119e-15    1.45295e-16    3.74833e-16    -2.41015e-16    
8    -5.88148e-17    9.67616e-16    -6.00886e-16    9.84593e-16    -5.90042e-16    4.56682e-16    3.04405e-16    1.87056e-15    9.36596e-17    -9.80389e-16    
9    -1.18319e-16    3.13799e-16    -6.40744e-16    2.41854e-17    -1.65521e-15    1.18219e-15    9.61285e-16    -7.86242e-16    -7.86387e-16    -3.52769e-16    
10    -5.43542e-17    -7.7852e-16    -5.04354e-16    -1.2683e-15    -8.27945e-16    1.1756e-15    1.51457e-15    -3.22694e-15    3.93322e-16    7.55261e-16    
11    -8.31591e-17    -3.55652e-16    -8.55809e-17    -8.05855e-16    1.4773e-15    1.21014e-15    1.73369e-15    -6.2266e-16    1.09519e-15    2.43921e-16    
12    -0.189496    -5.61782e-15    -0.0201533    -0.0777614    0.249917    -0.17777    0.134182    -0.233654    0.0513667    0.0874235    
13    -0.189496    -1.55726e-14    -0.0201533    0.195029    0.174554    0.132766    -0.17883    -0.233654    -0.00405232    0.101316    
14    -0.189496    1.78701e-15    -0.0201533    0.239798    -0.104893    -0.0770056    0.208991    -0.233654    -0.0581847    0.0830418    
15    -0.189496    3.66293e-15    -0.0201533    0.00420182    -0.261702    0.0150068    -0.22222    -0.233654    -0.0938439    0.0384022    
16    -0.189496    -9.47078e-15    -0.0201533    -0.236307    -0.112537    0.0482078    0.217447    -0.233654    -0.0997083    -0.0184299    
17    -0.189496    -3.3376e-15    -0.0201533    -0.200532    0.168203    -0.107517    -0.195057    -0.233654    -0.073916    -0.0694106    
18    -0.189496    1.43717e-14    -0.0201533    0.0696982    0.252285    0.158116    0.156865    -0.233654    -0.0246559    -0.0983539    
19    -0.189496    7.46332e-15    -0.0201533    0.25844    0.0414031    -0.195905    -0.105964    -0.233654    0.0324323    -0.0960705    
20    -0.189496    -8.84581e-15    -0.0201533    0.145021    -0.217886    0.217823    0.0464793    -0.233654    0.0792234    -0.0632855    
21    -0.189496    1.59774e-15    -0.0201533    -0.137952    -0.222429    -0.222094    0.0167712    -0.233654    0.100862    -0.0104077    
22    -0.189496    1.34202e-14    -0.0201533    -0.259636    0.033085    0.208373    -0.0786631    -0.233654    0.0904771    0.0457744    
23    -7.26225e-17    -1.40897e-15    -1.26925e-15    1.99813e-16    7.17196e-16    -6.71366e-16    1.38535e-15    -7.95614e-16    9.96417e-16    -2.67924e-15    
24    -3.17123e-16    -1.27354e-15    -5.71113e-16    5.78806e-16    -3.04159e-16    -1.47609e-15    1.28519e-15    3.61694e-16    1.02293e-15    -1.4381e-15    
25    -2.84901e-16    -5.3161e-16    -2.60836e-16    2.98617e-16    -9.89553e-16    -1.50938e-15    1.06688e-15    1.05113e-15    7.26379e-16    -5.39672e-16    
26    -3.88022e-16    -1.00297e-15    1.11744e-15    -9.57927e-16    -9.00475e-16    -9.13072e-16    1.75689e-16    8.3839e-16    2.22948e-15    2.61956e-16    
27    -1.62217e-16    4.62875e-16    1.52901e-15    -1.658e-15    6.82114e-16    2.72477e-16    -2.08055e-16    -5.38198e-16    1.58535e-15    7.5856e-16    
28    -1.31435e-16    1.46796e-15    8.25028e-16    -2.45801e-16    2.50196e-16    7.97608e-16    -9.50436e-16    -3.02553e-16    1.77847e-15    1.045e-15    
29    3.02516e-16    3.14788e-15    5.14944e-16    2.55601e-16    -6.52482e-17    7.79718e-16    -4.78551e-16    -3.19668e-15    -4.29851e-16    1.40446e-15    
30    -1.62088e-18    2.05592e-15    -2.17815e-16    3.58655e-16    -1.21515e-15    9.89357e-16    3.4274e-16    -1.97811e-15    -1.58211e-15    6.02818e-16    
31    -1.22454e-16    1.05539e-15    -1.01055e-15    -7.16924e-16    -9.24016e-16    1.60363e-15    1.51662e-15    -1.57703e-15    -1.43984e-15    -2.04193e-16    
32    2.90999e-16    -3.46368e-16    -1.37494e-15    -3.53898e-16    -5.80228e-16    7.72343e-16    1.5343e-15    -2.3849e-15    1.88827e-16    -1.4973e-15    
33    1.40657e-16    -1.5855e-15    -1.04909e-15    -7.57973e-16    5.52052e-16    5.22533e-16    1.61251e-15    -2.79732e-16    -3.49163e-17    -1.71622e-15    
34    5.07384e-17    1.51102e-15    1.92473e-15    9.51642e-16    1.61596e-15    -1.19354e-15    1.13001e-15    2.40085e-15    1.52362e-15    1.48788e-15    
35    5.79809e-16    1.8894e-15    1.47198e-15    5.19393e-16    -2.63865e-16    -1.88905e-15    1.0909e-15    -2.69105e-16    5.51296e-16    2.0967e-15    
36    1.34002e-16    8.39086e-16    2.03401e-16    -1.4493e-16    -2.72139e-16    -1.64318e-15    3.07724e-16    5.86131e-16    -1.18679e-15    2.27255e-15    
37    -2.36024e-17    5.09962e-16    -4.28855e-16    -8.43836e-16    2.81919e-16    -1.4668e-15    -5.34066e-16    -2.96666e-15    -9.25194e-16    8.20399e-16    
38    -1.38001e-16    -1.69834e-16    -2.3319e-15    -4.9836e-16    1.27553e-15    -8.14067e-16    -1.48797e-15    -2.1784e-15    -1.97897e-15    1.56013e-15    
39    -7.4083e-17    6.54802e-16    -1.31931e-15    8.36286e-16    1.39024e-15    -1.1725e-16    -1.19404e-15    5.44598e-16    -5.79542e-16    -5.36217e-16    
40    5.51039e-17    -6.24753e-16    -1.4756e-15    7.20643e-16    8.48951e-16    2.2806e-16    -2.67417e-16    1.91299e-15    -9.72168e-16    -1.21909e-15    
41    -2.33771e-16    -1.25462e-15    -1.16281e-15    6.28477e-16    -7.78873e-16    1.03522e-15    -2.70587e-16    2.22701e-15    -2.83336e-17    -2.18022e-15    
42    -1.1663e-16    -1.97464e-15    -1.03394e-15    -7.74024e-16    -6.21085e-16    1.19683e-15    1.41668e-15    4.87574e-16    1.8785e-15    -9.02118e-16    
43    -1.36076e-16    -1.06297e-15    2.20762e-16    -2.36189e-16    8.58044e-16    1.02436e-15    1.82026e-15    6.11599e-17    2.05334e-15    1.50946e-16    
44    6.53617e-17    -3.06627e-16    1.7515e-15    -5.02096e-16    1.64389e-15    6.2786e-16    1.79222e-15    -1.15512e-15    2.90912e-15    2.45454e-15    
45    -0.0917912    -1.31394e-14    -0.0854182    0.0432047    0.156387    0.165302    0.163994    0.0818113    0.0407443    0.162531    
46    -0.0917912    -6.81887e-15    -0.0854182    0.160202    0.025665    -0.204808    -0.11078    0.0818113    -0.0535948    0.158758    
47    -0.0917912    1.42827e-14    -0.0854182    0.0898961    -0.135063    0.227722    0.0485917    0.0818113    -0.130918    0.10458    
48    -0.0917912    2.441e-15    -0.0854182    -0.0855137    -0.13788    -0.232188    0.0175334    0.0818113    -0.166675    0.0171989    
49    -0.0917912    -1.49856e-14    -0.0854182    -0.160943    0.0205088    0.217843    -0.0822381    0.0818113    -0.149515    -0.0756429    
50    -0.0917912    3.48156e-15    -0.0854182    -0.0482029    0.154919    -0.18585    0.14028    0.0818113    -0.0848842    -0.144469    
51    -0.0917912    1.4694e-14    -0.0854182    0.120895    0.108203    0.1388    -0.186958    0.0818113    0.00669653    -0.167427    
52    -0.0917912    -6.35159e-15    -0.0854182    0.148646    -0.065021    -0.0805053    0.218489    0.0818113    0.0961511    -0.137228    
53    -0.0917912    -1.27683e-14    -0.0854182    0.00260463    -0.162224    0.0156888    -0.23232    0.0818113    0.155078    -0.0634601    
54    -0.0917912    7.95578e-15    -0.0854182    -0.146482    -0.0697595    0.0503987    0.227329    0.0818113    0.164769    0.0304557    
55    -0.0917912    7.15956e-15    -0.0854182    -0.124306    0.104266    -0.112403    -0.203922    0.0818113    0.122147    0.114702    
56    5.14362e-17    -7.20307e-16    -1.96939e-15    1.40901e-15    -6.11741e-16    -8.00414e-16    1.25524e-15    -4.41562e-16    -5.59152e-16    -7.90688e-16    
57    -7.99202e-17    -1.08216e-15    -8.02096e-16    8.12069e-16    -4.1425e-16    -7.49223e-16    1.12693e-15    -5.22834e-16    -4.8256e-16    -1.49247e-16    
58    -6.89565e-16    -1.61127e-15    1.97491e-16    -4.30783e-16    -4.08531e-16    6.64291e-16    -4.26402e-16    -5.24854e-17    1.72061e-15    4.47275e-16    
59    -5.32829e-16    -7.56458e-16    7.45544e-16    -2.02234e-16    8.7777e-16    2.08561e-16    -3.00337e-16    -1.96679e-16    2.24393e-15    1.1028e-15    
60    2.94551e-17    7.89063e-16    1.0385e-15    8.19414e-16    1.34624e-16    7.65859e-16    -8.85616e-17    6.64019e-16    2.32037e-15    9.12429e-16    
61    8.91331e-17    1.85259e-15    8.42198e-16    1.04171e-15    -5.14622e-16    3.45744e-16    5.75656e-16    6.91929e-16    7.66106e-16    1.04147e-15    
62    -1.73476e-16    1.89305e-15    3.38336e-16    1.26777e-15    -1.45984e-15    4.93815e-16    4.80991e-16    1.34808e-16    -7.68677e-16    1.32372e-15    
63    -6.02021e-17    8.92435e-16    2.86431e-16    -2.38568e-16    -6.76517e-16    9.54136e-16    1.19665e-15    -1.965e-15    -1.67526e-15    1.32927e-15    
64    4.44993e-16    4.55462e-16    -8.35045e-16    3.8694e-16    6.3866e-16    7.61276e-16    4.88889e-16    -1.67852e-15    -1.34406e-15    1.01898e-15    
65    4.56856e-16    -6.20031e-16    -7.23731e-16    1.53807e-17    8.98105e-17    5.71134e-16    3.69494e-16    -9.74841e-16    -1.0196e-15    4.65559e-16    
66    2.32615e-16    -3.76844e-16    -7.6736e-16    9.79746e-16    5.3462e-16    -4.53172e-16    9.84848e-17    5.29546e-16    -7.08772e-16    -1.39842e-15    
67    4.48247e-16    5.98841e-15    1.95694e-15    3.23571e-15    -2.08112e-15    -3.08411e-15    -9.07331e-16    -1.55413e-16    -1.92593e-14    1.15065e-15    
68    -2.33868e-16    5.96757e-15    -9.07568e-16    5.87628e-16    3.47466e-15    -2.15148e-15    -1.77447e-15    4.83414e-15    -1.30943e-14    -6.50447e-15    
69    3.08563e-16    2.2935e-15    -2.44938e-15    -3.84488e-15    2.34856e-16    -8.50919e-16    -1.43052e-15    2.22679e-15    -9.44714e-15    -1.5785e-14    
70    2.5357e-16    -8.45144e-16    -6.40864e-15    5.1443e-17    -2.77838e-15    1.25513e-15    7.94274e-16    7.91869e-15    -1.41233e-15    -1.48473e-14    
71    3.28995e-16    -4.29792e-15    -6.08762e-15    4.16515e-15    -9.30393e-16    8.62421e-16    1.71983e-15    5.31477e-15    9.41251e-15    -1.372e-14    
72    3.77247e-16    -6.28455e-15    -3.1396e-15    -3.737e-16    3.03229e-15    2.48382e-16    2.11357e-15    2.62612e-15    1.45523e-14    -8.04064e-15    
73    4.43763e-16    -7.01773e-15    -2.63452e-15    -2.05537e-15    -2.01372e-15    -6.75138e-16    -8.40693e-16    -3.89249e-15    1.46153e-14    4.66846e-15    
74    7.3273e-16    -6.15448e-15    -3.41064e-16    1.22502e-15    -4.64277e-15    1.946e-16    -1.88635e-15    -5.34105e-15    1.56221e-14    9.13669e-15    
75    2.3986e-16    4.50989e-16    2.69304e-15    2.6863e-15    1.48084e-15    2.45138e-15    -2.54348e-15    -4.15009e-15    4.21912e-15    1.64809e-14    
76    6.63533e-17    1.80142e-15    7.01003e-15    -3.0013e-15    1.05439e-15    1.36553e-15    -9.2904e-17    -3.89423e-15    -2.97604e-15    1.58226e-14    
77    4.65026e-16    4.97606e-15    4.32498e-15    -1.37396e-15    -3.58715e-15    -2.72569e-17    -2.77416e-16    -2.77992e-16    -1.04047e-14    1.00418e-14    
78    -0.11346    0.213201    -0.105583    0.0446156    0.203124    0.124231    0.143246    0.101124    0.0894828    0.202464    
79    -0.11346    0.213201    -0.105583    0.203302    0.0437968    -0.159556    -0.102443    0.101124    -0.0341828    0.218702    
80    -0.11346    0.213201    -0.105583    0.124294    -0.166736    0.181954    0.0533415    0.101124    -0.146996    0.165503    
81    -0.11346    0.213201    -0.105583    -0.100035    -0.182326    -0.189612    8.16551e-05    0.101124    -0.213138    0.0597583    
82    -0.11346    0.213201    -0.105583    -0.207406    0.015254    0.181908    -0.0534982    0.101124    -0.211611    -0.0649594    
83    -0.11346    0.213201    -0.105583    -0.0722839    0.194999    -0.159468    0.102581    0.101124    -0.142899    -0.169053    
84    -0.11346    0.213201    -0.105583    0.14735    0.146757    0.124108    -0.143353    0.101124    -0.0288173    -0.219473    
85    -0.11346    0.213201    -0.105583    0.194707    -0.073069    -0.0786933    0.172511    0.101124    0.0944136    -0.200213    
86    -0.11346    0.213201    -0.105583    0.0144182    -0.207465    0.0269038    -0.187694    0.101124    0.187669    -0.117386    
87    -0.11346    0.213201    -0.105583    -0.182728    -0.0992994    0.0270654    0.18767    0.101124    0.221341    0.00271036    
88    -0.11346    0.213201    -0.105583    -0.166234    0.124964    -0.0788419    -0.172443    0.101124    0.184738    0.121946    
89    -1.59528e-17    -3.84147e-16    1.35035e-15    -4.09515e-16    1.81897e-15    1.5271e-16    6.42149e-16    -5.19218e-16    1.7252e-15    2.59095e-15    
90    -5.49664e-16    -2.17843e-16    7.17697e-16    6.4763e-16    1.15978e-15    -3.78043e-16    3.92954e-16    1.72089e-15    1.23469e-15    2.67727e-15    
91    -1.4113e-16    7.86328e-16    4.3932e-16    4.89952e-16    4.07708e-16    -1.39664e-15    -4.93825e-16    -1.05795e-15    4.09897e-16    1.56729e-15    
92    2.9429e-16    7.09109e-16    1.36431e-16    4.82493e-16    -2.31123e-16    -1.03978e-15    2.38193e-16    -1.65948e-15    4.80001e-16    1.89579e-15    
93    1.7601e-16    7.17976e-16    8.34724e-17    3.6679e-16    5.54885e-16    -3.59992e-16    6.26531e-17    1.10182e-15    -1.29131e-15    -3.33587e-16    
94    -5.47884e-17    5.44116e-16    -7.02612e-16    5.23156e-16    7.40393e-16    2.98209e-16    -4.80922e-16    1.29177e-15    -1.1619e-15    -2.5477e-16    
95    2.79053e-17    3.91491e-16    4.08904e-16    6.41399e-16    9.89187e-16    1.49392e-16    -5.57514e-16    5.03875e-17    -9.8301e-16    -1.51837e-15    
96    3.83205e-17    -1.29016e-16    5.31705e-16    7.32284e-16    6.91145e-16    1.92539e-16    4.29778e-16    1.37036e-16    5.89449e-16    -1.80924e-15    
97    -3.46737e-16    -1.03949e-15    3.29828e-16    1.36316e-15    -9.89437e-16    -3.69781e-16    5.44537e-16    2.13485e-15    7.67894e-16    -5.36985e-16    
98    -8.95502e-17    -1.22594e-15    4.16061e-16    2.07122e-16    -8.3399e-16    -3.19398e-16    1.11995e-15    -2.48936e-16    2.21734e-15    -4.22581e-16    
99    -1.33346e-16    -1.35952e-15    -5.97701e-16    -1.79137e-16    4.671e-17    -5.71455e-16    1.01926e-15    1.22503e-15    1.78672e-15    1.34779e-15    
100    -0.14432    -7.06077e-15    0.246802    0.00589431    0.0213355    -0.0553871    -0.0549489    0.095758    0.0518466    0.206819    
101    -0.14432    -8.26547e-15    0.246802    0.021856    0.00350142    0.0686244    0.0371187    0.095758    -0.0681988    0.202018    
102    -0.14432    -4.77951e-15    0.246802    0.0122643    -0.0184264    -0.0763022    -0.0162815    0.095758    -0.166592    0.133077    
103    -0.14432    -4.28373e-15    0.246802    -0.0116664    -0.0188106    0.0777984    -0.00587487    0.095758    -0.212093    0.0218854    
104    -0.14432    -2.59901e-15    0.246802    -0.0219572    0.00279796    -0.0729919    0.0275552    0.095758    -0.190256    -0.0962548    
105    -0.14432    7.46288e-15    0.246802    -0.00657621    0.0211352    0.062272    -0.0470033    0.095758    -0.108014    -0.183835    
106    -0.14432    1.24901e-14    0.246802    0.0164934    0.0147618    -0.0465072    0.0626434    0.095758    0.00852126    -0.213049    
107    -0.14432    6.16978e-15    0.246802    0.0202795    -0.00887067    0.0269747    -0.0732084    0.095758    0.122351    -0.174621    
108    -0.14432    5.5568e-15    0.246802    0.000355344    -0.0221319    -0.00525679    0.0778426    0.095758    0.197336    -0.0807524    
109    -0.14432    7.81173e-15    0.246802    -0.0199842    -0.00951714    -0.0168869    -0.0761705    0.095758    0.209667    0.0387545    
110    -0.14432    1.79462e-15    0.246802    -0.0169588    0.0142247    0.0376626    0.0683274    0.095758    0.155431    0.145957    
111    -2.91499e-16    -1.70289e-15    -1.06881e-15    1.80766e-16    3.93343e-16    -1.38175e-15    2.03259e-15    1.4832e-15    8.67281e-16    3.06552e-16    
112    -3.9949e-16    -1.73101e-15    -4.14764e-16    1.19149e-15    2.44078e-16    -1.79813e-15    1.96445e-15    3.78592e-15    7.82406e-16    2.86212e-15    
113    -5.83056e-16    -8.28182e-16    -6.20571e-16    1.5014e-17    -8.58387e-16    -1.71938e-15    -3.07049e-17    1.69789e-16    4.74343e-16    1.91224e-15    
114    -5.33699e-16    -2.60448e-16    -1.44316e-16    -9.76319e-16    -5.39037e-16    -7.08931e-16    -3.29732e-16    -2.99564e-15    4.19436e-17    4.05944e-15    
115    -1.23284e-16    1.62939e-15    1.05818e-15    -1.46092e-16    7.25304e-17    7.69054e-17    -7.4221e-16    -1.21965e-15    -5.38695e-17    2.35657e-15    
116    4.13013e-16    1.8855e-15    3.29402e-16    1.5446e-16    1.93583e-17    8.74406e-16    -9.82718e-16    -1.01907e-15    -3.77984e-16    9.24067e-16    
117    -8.15083e-17    2.37461e-15    -1.0551e-15    1.76198e-16    -1.40415e-15    7.94646e-16    -9.09916e-17    6.48817e-17    -2.79998e-15    -1.98291e-16    
118    -1.63258e-16    1.12729e-15    -7.03532e-16    -5.16293e-16    -2.8352e-16    1.24333e-15    1.36177e-15    -2.77667e-15    -1.00128e-15    -6.82772e-16    
119    2.79691e-16    1.38088e-16    5.86815e-16    3.38375e-16    -2.25814e-17    1.13047e-15    1.96548e-15    -3.19404e-15    -9.59748e-16    -2.04535e-15    
120    1.87048e-16    -2.00898e-15    -7.47849e-16    3.85689e-16    8.29539e-18    -1.14225e-16    2.29917e-15    -1.60438e-15    1.54363e-15    -6.94082e-16    
121    -1.7387e-16    -2.25567e-15    -1.11204e-15    5.37654e-16    -1.13774e-16    -1.30028e-15    2.17732e-15    -4.7338e-16    1.49391e-15    -2.13348e-16    
122    2.92224e-16    3.18629e-16    2.24503e-16    7.24095e-16    -7.12171e-16    -5.65982e-16    -9.6781e-17    1.03751e-15    -8.16836e-16    2.79324e-16    
123    1.1582e-16    -6.15901e-16    4.45846e-16    -5.49133e-16    -5.76963e-16    1.44989e-16    -6.02845e-16    4.09199e-17    -4.7911e-16    1.3499e-15    
124    -1.07727e-16    -5.9228e-16    -3.02848e-16    -3.25439e-16    -4.92699e-17    5.0278e-16    -2.39232e-16    -1.57424e-15    -4.07271e-16    4.25992e-16    
125    -1.29461e-16    -3.63432e-16    -1.28099e-15    2.80833e-16    -1.67926e-16    2.00916e-16    -1.0228e-15    2.13366e-16    -9.45067e-16    1.072e-15    
126    8.73163e-17    3.94435e-16    -1.98836e-16    2.45236e-16    -5.14747e-16    -1.07826e-16    -2.69535e-16    -2.5246e-16    2.54788e-16    8.04757e-16    
127    -4.00377e-17    -1.72963e-16    1.05186e-16    -5.33601e-16    -1.8793e-16    -7.887e-17    6.83757e-16    3.1956e-16    -8.73854e-16    2.22708e-16    
128    -2.58748e-16    -8.83958e-16    -5.4253e-16    -5.24432e-16    -1.56582e-16    5.02202e-16    2.59109e-16    1.12885e-15    -5.20619e-16    5.95722e-16    
129    6.36054e-17    -4.57502e-16    -5.79511e-16    -3.60532e-16    -1.9551e-16    4.39261e-17    1.7128e-16    6.56786e-16    4.62226e-16    6.8317e-16    
130    3.98091e-16    9.95652e-18    -1.46054e-16    -5.12184e-16    5.38639e-16    -9.4416e-17    3.09755e-16    -8.245e-16    -3.8967e-16    3.22716e-16    
131    1.78781e-16    -2.20765e-16    3.41061e-16    -2.65861e-16    8.09097e-16    -9.66529e-17    -2.89723e-17    4.5406e-16    2.85581e-16    1.48611e-15    
132    -1.09161e-16    7.02383e-16    2.89447e-17    1.05963e-15    1.85047e-16    -2.34942e-16    -1.61043e-16    1.84282e-15    9.63933e-18    1.64991e-16    
133    4.52404e-16    -6.35638e-16    7.52783e-16    3.78834e-16    -1.13352e-15    -7.6778e-16    1.08371e-15    -2.7861e-16    2.01704e-15    -3.00654e-16    
134    -7.35661e-17    -9.47266e-16    1.13739e-15    -4.99433e-16    -1.43775e-16    3.42248e-17    2.86334e-16    2.72678e-16    1.55641e-15    1.79711e-15    
135    -2.54724e-16    -2.25717e-17    7.20087e-16    1.51219e-17    2.27647e-16    1.6225e-16    -5.83136e-17    1.62726e-15    5.80679e-16    9.74104e-16    
136    2.39419e-17    -1.13153e-16    9.35966e-16    3.32504e-16    -5.79892e-16    -1.03867e-15    -1.08849e-15    2.06479e-15    1.84858e-16    2.04053e-15    
137    1.51788e-16    9.00265e-16    -1.76686e-17    -5.19424e-16    -1.46203e-15    -8.03263e-16    -2.31762e-16    1.06949e-15    -8.42986e-16    4.99414e-16    
138    -9.00063e-17    3.26975e-16    -6.97439e-16    -5.58281e-16    -1.66148e-15    -3.32029e-16    2.65305e-16    2.00489e-15    -1.16259e-15    5.86005e-16    
139    1.75792e-16    6.36726e-16    -1.10215e-15    -1.09273e-15    -3.58611e-16    7.92148e-16    -4.57459e-16    -6.53503e-16    -2.08365e-15    -4.48937e-16    
140    7.93867e-17    2.27074e-16    -7.80007e-16    -4.66662e-16    2.18864e-16    6.10838e-16    -5.30656e-16    -6.85856e-16    -1.24057e-15    -8.9569e-16    
141    -1.21839e-16    2.11718e-16    -3.42009e-16    -1.87576e-16    7.34241e-16    2.70201e-16    3.74825e-16    1.18953e-15    -1.49678e-15    -1.63533e-15    
142    -6.31108e-17    -4.56052e-16    6.87892e-17    5.57587e-16    -5.50491e-16    -3.51854e-16    4.22075e-16    1.43511e-16    1.46778e-15    -1.48115e-15    
143    1.29527e-17    -3.54487e-16    -5.17183e-16    5.60987e-16    -1.1552e-15    -4.71978e-16    6.77436e-16    1.41444e-15    1.27567e-15    -9.19289e-16    
144    4.58763e-16    2.17754e-15    1.62139e-15    1.1433e-15    1.1045e-15    -1.17066e-16    9.97745e-16    -1.09871e-15    2.41968e-16    7.90081e-16    
145    3.55513e-16    1.99799e-15    3.8025e-16    8.34321e-16    -3.30947e-16    -1.26263e-15    7.52961e-16    1.0899e-15    -9.71122e-16    1.55314e-16    
146    3.91384e-16    1.22787e-15    2.61266e-16    1.60568e-16    -1.02803e-15    -7.06669e-16    -1.21852e-16    -3.22719e-16    -1.49543e-15    -5.03011e-16    
147    -8.96994e-17    -1.5171e-16    -1.00866e-15    -2.13401e-17    -7.16113e-16    -1.39687e-15    -1.68017e-16    1.29603e-15    -1.26153e-15    -1.52161e-15    
148    -2.08793e-16    -5.45741e-16    -1.67153e-15    -1.56574e-16    1.70175e-16    -3.8826e-16    -4.28618e-16    1.61724e-15    -9.37197e-16    -1.40066e-15    
149    -9.3437e-17    -2.90408e-16    -1.47938e-15    6.93337e-16    8.65668e-16    3.34602e-16    -1.3423e-16    1.89338e-15    2.90459e-17    -2.37617e-15    
150    4.27194e-17    -3.86835e-16    -6.36217e-16    1.38079e-15    3.48033e-16    3.91919e-18    -7.06674e-16    1.20385e-15    -3.2322e-17    -2.13114e-15    
151    -4.46243e-16    -7.19433e-16    1.98313e-19    9.70089e-16    -7.67847e-16    3.11121e-16    -3.54029e-16    3.0518e-15    -1.74025e-17    -1.79588e-15    
152    -2.54307e-16    -8.68853e-16    -7.72741e-16    2.04113e-16    -1.14585e-15    1.04206e-15    5.14051e-16    1.02529e-16    7.05798e-16    -4.06211e-16    
153    2.24821e-16    -2.25257e-16    -2.18357e-17    -1.74678e-16    -5.26727e-16    8.45885e-16    9.25585e-16    -2.41049e-15    1.79281e-15    1.58395e-15    
154    4.46223e-16    1.14145e-15    1.91785e-15    9.52071e-17    1.17429e-15    8.2593e-16    7.17486e-16    -1.06838e-15    1.32578e-15    2.06644e-15    
155    -0.11346    -0.213201    -0.105583    0.0659865    0.19722    0.144228    0.123089    0.101124    0.0166068    0.220733    
156    -0.11346    -0.213201    -0.105583    0.206809    0.0219045    -0.173064    -0.0774698    0.101124    -0.105367    0.194671    
157    -0.11346    -0.213201    -0.105583    0.105837    -0.179021    0.187879    0.025574    0.101124    -0.193887    0.106802    
158    -0.11346    -0.213201    -0.105583    -0.118877    -0.17064    -0.187474    0.0283936    0.101124    -0.22085    -0.0149758    
159    -0.11346    -0.213201    -0.105583    -0.204603    0.0372476    0.171881    -0.080061    0.101124    -0.177694    -0.131999    
160    -0.11346    -0.213201    -0.105583    -0.0511135    0.201587    -0.142362    0.125242    0.101124    -0.0781219    -0.207113    
161    -0.11346    -0.213201    -0.105583    0.162136    0.130237    0.101311    -0.160277    0.101124    0.0462536    -0.216471    
162    -0.11346    -0.213201    -0.105583    0.185821    -0.0933821    -0.0520517    0.182327    0.101124    0.155944    -0.1571    
163    -0.11346    -0.213201    -0.105583    -0.00775043    -0.207821    -0.00142429    -0.189607    0.101124    0.216123    -0.0478514    
164    -0.11346    -0.213201    -0.105583    -0.192261    -0.079282    0.0547849    0.181525    0.101124    0.207685    0.0765898    
165    -0.11346    -0.213201    -0.105583    -0.151985    0.141951    -0.103707    -0.158737    0.101124    0.133308    0.176714    
166    1.97365e-16    1.24201e-15    -2.65049e-16    1.07119e-15    3.48016e-16    3.33067e-16    1.05905e-15    -3.31343e-15    -1.1676e-15    -6.18775e-16    
167    1.8496e-16    8.9311e-16    -4.54955e-16    4.44089e-16    -6.28905e-16    2.55872e-17    6.91293e-16    -3.42065e-16    -6.9698e-16    -8.39081e-16    
168    2.21344e-16    6.95565e-16    1.66925e-16    -6.66134e-16    -7.26143e-16    1.03216e-15    -4.11622e-16    -7.74264e-16    -1.97816e-16    -2.55361e-15    
169    -2.84065e-17    -4.75136e-17    1.95245e-16    -9.36751e-17    -1.61413e-16    -3.87711e-16    6.36048e-18    -2.84228e-16    1.36036e-15    -1.31192e-15    
170    -3.44176e-16    8.12351e-16    2.57886e-17    2.42177e-16    6.1837e-16    6.12867e-16    2.29685e-16    3.02845e-16    4.5035e-16    -1.1024e-15    
171    -4.2885e-16    5.08265e-16    -4.77432e-16    5.18509e-16    1.36477e-16    9.06102e-16    9.86643e-16    5.59448e-16    9.66024e-16    8.17352e-16    
172    8.34902e-17    2.458e-16    -1.85465e-16    1.44514e-15    -8.93708e-16    1.30259e-16    -8.42586e-17    -1.09635e-15    9.54098e-17    8.04277e-16    
173    6.88969e-17    -1.88457e-16    -1.21662e-16    -2.40351e-19    -9.27908e-16    5.97932e-16    2.81872e-16    0    1.11022e-16    5.30101e-17    
174    3.55795e-16    -3.62718e-16    -1.63754e-15    4.69186e-16    1.34358e-16    1.31372e-15    1.92798e-16    -1.66533e-16    -1.02696e-15    1.07889e-15    
175    4.1106e-16    -4.79942e-16    -6.88347e-16    -4.9438e-16    2.10173e-16    9.90918e-16    1.97542e-16    -2.77556e-15    -9.71445e-17    1.09659e-15    
176    -4.69436e-17    7.11834e-16    -5.31928e-16    4.87412e-16    1.01536e-15    5.70823e-16    -3.39789e-16    -1.52656e-15    -2.63331e-15    -1.34027e-16    
177    2.43532e-16    8.88237e-16    1.29981e-15    2.82049e-16    3.29597e-17    -1.52034e-15    1.9984e-15    1.0339e-15    2.02616e-15    4.51881e-17    
178    1.55253e-16    8.97138e-16    1.31755e-15    -5.40834e-16    4.16334e-16    -1.66792e-15    3.88578e-16    -4.44089e-16    -1.66533e-15    3.07755e-15    
179    3.23612e-16    7.48123e-16    1.01443e-15    5.10674e-16    -1.11022e-16    -1.88731e-15    2.77556e-16    -1.1241e-15    -1.55431e-15    1.58296e-15    
180    2.93885e-16    -9.53014e-17    -1.04235e-15    4.27836e-17    -2.22045e-16    -2.59518e-15    -1.33227e-15    2.42861e-16    -2.53964e-15    1.11255e-15    
181    1.10183e-17    6.73073e-16    -2.46331e-15    6.21192e-16    4.44089e-16    -1.05502e-15    -1.29063e-15    1.44329e-15    -3.38618e-15    4.04913e-16    
182    -8.09747e-17    -2.498e-16    -1.91513e-15    6.30541e-16    9.99201e-16    3.74829e-16    -4.44089e-16    1.47451e-15    -2.77556e-15    -1.14827e-15    
183    2.52619e-17    3.33067e-16    -1.30451e-15    1.53813e-15    6.245e-16    1.70236e-15    -1.45977e-15    1.29844e-15    -3.17107e-15    -3.32531e-15    
184    -2.94903e-16    -9.99201e-16    -2.88658e-15    1.529e-16    -8.88178e-16    1.09626e-15    1.66533e-16    2.78944e-15    -3.05311e-16    -3.02801e-15    
185    -5.55112e-16    -5.55112e-16    -2.55351e-15    -4.71946e-16    -9.57567e-16    2.1658e-15    1.63758e-15    3.87017e-15    1.66533e-16    -2.2034e-15    
186    -1.11022e-16    -3.19189e-16    8.32667e-16    5.49464e-16    -6.10623e-16    -4.7322e-16    3.6221e-15    -3.0826e-15    -1.17961e-16    2.87345e-16    
187    4.2359e-16    2.85041e-16    2.61624e-15    -6.84254e-21    1.29075e-15    -1.39841e-18    2.43465e-15    -2.63727e-16    1.7639e-15    -8.0865e-17    
#Execution time: 9703.42 s
