#Fermion code
#Is hermitian: 1
1   1 100
2   2 100
3   3 100
4   4 100
5   5 100
6   6 100
7   7 100
8   8 100
9   9 100
10   10 100
11   11 100

12   1 110
13   2 110
14   3 110
15   4 110
16   5 110
17   6 110
18   7 110
19   8 110
20   9 110
21   10 110
22   11 110

23   1 210
24   2 210
25   3 210
26   4 210
27   5 210
28   6 210
29   7 210
30   8 210
31   9 210
32   10 210
33   11 210

34   1 120
35   2 120
36   3 120
37   4 120
38   5 120
39   6 120
40   7 120
41   8 120
42   9 120
43   10 120
44   11 120

45   1 101
46   2 101
47   3 101
48   4 101
49   5 101
50   6 101
51   7 101
52   8 101
53   9 101
54   10 101
55   11 101

56   1 201
57   2 201
58   3 201
59   4 201
60   5 201
61   6 201
62   7 201
63   8 201
64   9 201
65   10 201
66   11 201

67   1 111
68   2 111
69   3 111
70   4 111
71   5 111
72   6 111
73   7 111
74   8 111
75   9 111
76   10 111
77   11 111

78   1 211
79   2 211
80   3 211
81   4 211
82   5 211
83   6 211
84   7 211
85   8 211
86   9 211
87   10 211
88   11 211

89   1 311
90   2 311
91   3 311
92   4 311
93   5 311
94   6 311
95   7 311
96   8 311
97   9 311
98   10 311
99   11 311

100   1 121
101   2 121
102   3 121
103   4 121
104   5 121
105   6 121
106   7 121
107   8 121
108   9 121
109   10 121
110   11 121

111   1 221
112   2 221
113   3 221
114   4 221
115   5 221
116   6 221
117   7 221
118   8 221
119   9 221
120   10 221
121   11 221

122   1 131
123   2 131
124   3 131
125   4 131
126   5 131
127   6 131
128   7 131
129   8 131
130   9 131
131   10 131
132   11 131

133   1 331
134   2 331
135   3 331
136   4 331
137   5 331
138   6 331
139   7 331
140   8 331
141   9 331
142   10 331
143   11 331

144   1 102
145   2 102
146   3 102
147   4 102
148   5 102
149   6 102
150   7 102
151   8 102
152   9 102
153   10 102
154   11 102

155   1 112
156   2 112
157   3 112
158   4 112
159   5 112
160   6 112
161   7 112
162   8 112
163   9 112
164   10 112
165   11 112

166   1 212
167   2 212
168   3 212
169   4 212
170   5 212
171   6 212
172   7 212
173   8 212
174   9 212
175   10 212
176   11 212

177   1 122
178   2 122
179   3 122
180   4 122
181   5 122
182   6 122
183   7 122
184   8 122
185   9 122
186   10 122
187   11 122

#187 operators generated.
#Correlation matrix eigenvalues: 
  -3.4556e-18
  -3.1194e-18
  -2.0302e-18
  -1.7389e-18
  -1.2937e-18
  -1.0275e-18
  -9.9025e-19
  -7.7371e-19
  -4.8513e-19
  -4.3175e-19
  -3.0959e-19
  -2.5923e-19
  -2.2004e-19
  -1.4925e-19
  -1.3704e-19
  -9.8265e-20
  -4.2172e-20
  -1.4106e-20
  -1.1361e-20
  -8.3022e-21
  -7.6465e-21
  -5.9114e-21
  -5.3692e-21
  -4.8119e-21
  -4.0300e-21
  -3.5235e-21
  -2.6564e-21
  -2.0954e-21
  -1.8842e-21
  -1.8540e-21
  -1.6588e-21
  -9.3033e-22
  -5.9839e-22
  -3.5002e-22
  -3.0383e-22
  -8.8071e-23
  -4.4960e-23
  -4.0128e-23
  -3.1476e-23
  -2.9816e-23
  -2.0416e-23
  -1.7039e-23
  -1.5649e-23
  -1.5378e-23
  -1.2381e-23
  -1.0352e-23
  -1.0314e-23
  -8.9789e-24
  -7.5770e-24
  -6.7981e-24
  -6.0035e-24
  -4.3072e-24
  -3.9147e-24
  -3.7448e-24
  -2.4276e-24
  -2.2639e-24
  -2.0544e-24
  -1.7305e-24
  -1.2188e-24
  -8.7085e-25
  -7.9570e-25
  -6.5963e-25
  -3.9555e-25
  -2.3171e-25
  -2.0634e-25
  -1.8210e-25
  -1.5680e-25
  -1.2930e-25
  -9.3202e-26
  -6.3942e-26
  -3.4946e-26
  -2.9398e-26
  -4.5776e-27
  -6.5854e-29
   3.2071e-28
   1.1531e-27
   5.6324e-27
   8.7443e-27
   2.7995e-26
   4.8380e-26
   5.6806e-26
   7.2003e-26
   1.0479e-25
   1.1116e-25
   1.1442e-25
   1.5968e-25
   2.4484e-25
   2.9174e-25
   3.9430e-25
   5.9804e-25
   8.9014e-25
   1.1408e-24
   1.6630e-24
   2.0493e-24
   2.1608e-24
   2.4771e-24
   4.0541e-24
   4.1333e-24
   4.7356e-24
   5.6034e-24
   6.4766e-24
   8.1243e-24
   9.4088e-24
   1.0243e-23
   1.1185e-23
   1.3642e-23
   1.5276e-23
   1.6512e-23
   2.1639e-23
   3.0721e-23
   3.7485e-23
   5.8375e-23
   3.3937e-22
   7.9757e-22
   8.9604e-22
   1.3926e-21
   1.5189e-21
   1.9604e-21
   2.9562e-21
   3.1243e-21
   3.8752e-21
   4.6384e-21
   5.0758e-21
   6.2623e-21
   7.2034e-21
   1.0061e-20
   1.4988e-20
   3.0393e-20
   7.9272e-20
   1.1415e-19
   1.1915e-19
   2.5147e-19
   2.9375e-19
   3.0945e-19
   3.6257e-19
   4.7574e-19
   7.1077e-19
   8.7402e-19
   1.0146e-18
   1.1846e-18
   1.4818e-18
   1.5309e-18
   4.0315e-18
   4.2867e-07
   4.2867e-07
   6.5646e-07
   6.5646e-07
   9.2026e-07
   9.2026e-07
   1.0998e-06
   1.0998e-06
   1.1995e-06
   1.1995e-06
   6.8749e-06
   6.8749e-06
   1.8810e-05
   1.8810e-05
   3.7041e-05
   3.7041e-05
   5.0484e-05
   5.0484e-05
   5.5413e-05
   5.5413e-05
   6.2338e-05
   6.2338e-05
   9.4078e-05
   9.4078e-05
   1.4089e-04
   1.4089e-04
   1.8442e-04
   1.8442e-04
   2.8222e-04
   2.8222e-04
   3.6965e-04
   3.6965e-04
   3.9595e-04
   3.9595e-04
   4.9553e-04
   5.2744e-04
   5.2744e-04
   1.5060e-03
   1.5060e-03
   1.7732e-03
   1.7732e-03
   6.7134e-03
   8.6631e-03
   4.4610e-02

#Eigenvector: 
1    1.0949e-15    6.51097e-16    -3.88582e-15    -9.00085e-16    -1.27155e-15    3.08437e-15    8.73886e-16    1.16064e-15    1.85135e-15    1.46272e-16    
2    8.97195e-16    -8.80651e-16    1.09244e-15    9.64636e-16    1.45251e-15    -1.87826e-15    3.97273e-15    2.1776e-16    -1.59461e-15    2.51537e-15    
3    -1.10375e-15    -3.12591e-16    3.01683e-15    6.80659e-16    7.03003e-16    -2.42821e-15    -3.04172e-15    -1.09551e-15    -1.47933e-15    -9.67723e-16    
4    4.97712e-16    3.08694e-16    -5.34561e-15    -8.82361e-16    -1.31142e-15    2.14276e-15    -2.39024e-15    3.84902e-16    2.27223e-15    -2.12173e-15    
5    -3.4443e-16    8.02593e-16    3.01402e-15    -6.24017e-16    -3.88e-16    2.22212e-15    2.57791e-15    6.04349e-16    4.28117e-16    3.07921e-16    
6    6.84234e-16    -1.37054e-16    1.79191e-15    9.09098e-16    1.61875e-15    -3.6779e-15    2.19629e-15    -9.02681e-16    -2.31385e-15    1.13714e-15    
7    4.58786e-16    -1.24646e-15    -4.62815e-15    3.33779e-16    -4.23364e-16    -2.24124e-16    -3.80903e-15    -7.73707e-16    1.00858e-17    -1.48387e-15    
8    -1.89439e-15    1.29174e-15    3.38144e-15    -1.18536e-15    -1.5329e-15    2.81619e-15    -1.19844e-15    5.00766e-16    2.65206e-15    -2.92928e-15    
9    1.41148e-15    1.71237e-16    -5.95295e-16    1.08827e-16    3.96367e-16    4.32416e-16    4.29998e-15    4.92571e-16    -8.41507e-16    2.32206e-15    
10    9.06955e-16    -1.31337e-15    -2.20594e-15    1.06485e-15    1.44165e-15    -3.77975e-15    -5.66691e-16    -1.21663e-15    -1.72772e-15    2.07711e-15    
11    -2.15458e-15    6.5064e-16    3.92634e-15    -2.95077e-16    -9.17522e-16    1.42548e-15    -3.48255e-15    -4.73611e-16    1.47757e-15    -2.88883e-15    
12    -0.226774    -2.79033e-15    0.0327493    0.192116    0.251577    -0.240121    -0.119314    -0.181028    0.0270818    -0.195985    
13    -0.226774    -1.72315e-15    0.0327493    -0.149035    0.279263    0.19678    0.182131    -0.00104317    -0.18304    -0.195985    
14    -0.226774    1.14959e-15    0.0327493    -0.315938    -0.0195567    -0.137497    -0.230192    0.181325    0.0250167    -0.195985    
15    -0.226774    1.4273e-15    0.0327493    -0.113456    -0.295512    0.0670748    0.259605    -0.0505674    0.175919    -0.195985    
16    -0.226774    1.67244e-15    0.0327493    0.221675    -0.225963    0.00878146    -0.267987    -0.166932    -0.0750886    -0.195985    
17    -0.226774    -1.19102e-15    0.0327493    0.297631    0.107775    -0.0839263    0.254657    0.0980812    -0.154547    -0.195985    
18    -0.226774    -9.2207e-16    0.0327493    0.0256051    0.315506    0.152272    -0.220697    0.139015    0.119077    -0.195985    
19    -0.226774    -1.39803e-15    0.0327493    -0.276357    0.154357    -0.208281    0.168857    -0.137649    0.120654    -0.195985    
20    -0.226774    1.00051e-16    0.0327493    -0.255211    -0.187261    0.247417    -0.103338    -0.0998364    -0.153419    -0.195985    
21    -0.226774    3.3817e-15    0.0327493    0.0643203    -0.309939    -0.266509    0.0294464    0.166066    -0.0769864    -0.195985    
22    -0.226774    6.67318e-16    0.0327493    0.30865    -0.0702456    0.264009    0.0468306    0.0525692    0.175332    -0.195985    
23    -8.77329e-16    -1.56825e-15    3.58381e-15    9.24445e-16    3.55487e-16    3.58616e-15    4.4557e-15    8.5424e-16    -1.42242e-15    4.71064e-16    
24    -1.36354e-15    2.15058e-15    4.4523e-15    3.72641e-16    3.74398e-16    -3.0691e-15    2.13361e-15    -3.19537e-16    3.11597e-16    -7.42064e-16    
25    2.53512e-15    -4.95017e-16    -9.67061e-15    -6.61666e-16    1.41004e-16    -2.60732e-15    1.40547e-15    7.32824e-16    1.13333e-15    5.24765e-16    
26    -2.2868e-15    -1.72081e-15    7.73607e-15    2.00622e-16    -3.12829e-16    1.96055e-15    -2.99365e-15    5.94238e-16    -1.96131e-15    1.32871e-15    
27    5.38682e-16    1.1953e-15    -2.12923e-16    1.7316e-15    8.10323e-16    -5.09634e-16    6.14859e-15    -3.82454e-16    -9.82594e-16    1.99624e-15    
28    1.65009e-15    -2.21415e-15    -7.66498e-15    1.07723e-15    2.33305e-16    -1.90102e-15    1.07021e-15    5.71024e-16    1.19451e-15    3.31759e-15    
29    -3.35545e-15    2.43695e-15    8.01086e-15    -6.31409e-16    2.55075e-16    -4.00091e-15    -1.01999e-15    1.01929e-15    3.52518e-16    3.74922e-16    
30    2.36956e-15    -2.85568e-16    -2.99153e-15    1.32834e-15    4.54796e-16    4.58234e-15    5.85942e-16    2.27526e-16    -2.86218e-15    2.42032e-15    
31    1.59551e-16    -1.66812e-15    -3.68757e-15    6.41774e-16    4.09427e-16    -2.9837e-15    4.14587e-15    -5.46048e-16    -4.08048e-16    2.08739e-15    
32    -3.32523e-15    2.34986e-15    7.95623e-15    -5.62273e-16    3.58926e-16    -1.6909e-15    1.27694e-15    -3.67269e-16    2.12173e-15    -2.5504e-15    
33    2.62258e-15    -4.10142e-17    -8.39673e-15    -6.51053e-16    -9.72724e-16    -1.83901e-15    -3.05489e-15    7.1964e-16    3.55842e-17    2.0054e-15    
34    1.11724e-15    6.26665e-16    -8.00806e-15    -1.24919e-15    -4.86707e-16    3.47366e-15    9.02791e-16    -6.22677e-16    3.92275e-16    7.57656e-17    
35    8.90347e-16    5.4339e-16    -9.86853e-16    -2.43798e-16    1.36135e-15    -5.09718e-15    2.62695e-15    -5.00603e-16    1.1515e-16    1.32143e-15    
36    -2.97597e-15    -5.08747e-16    9.74794e-15    -2.14429e-16    -6.27049e-16    1.17966e-15    -7.71289e-15    -1.19162e-15    -1.6543e-15    -1.55886e-16    
37    2.12578e-15    -9.78933e-16    -9.79448e-15    4.35015e-16    -1.02438e-15    3.20207e-15    -1.10019e-16    2.74471e-16    1.18839e-15    1.46135e-15    
38    -1.73528e-15    1.32573e-15    3.18419e-15    -1.5659e-16    -7.79113e-16    2.96565e-15    4.00452e-15    4.55602e-16    1.68042e-15    2.28424e-15    
39    -9.47953e-16    1.2216e-16    5.64697e-15    -8.23182e-16    1.2598e-15    -5.89606e-15    -2.34869e-15    4.45069e-16    -4.68087e-16    2.04948e-15    
40    2.52682e-15    -1.54356e-15    -8.96264e-15    -1.26789e-16    -7.20585e-16    4.64387e-15    -4.03435e-15    6.26086e-16    -2.47011e-15    2.0383e-15    
41    -2.80625e-15    1.27039e-15    8.68288e-15    -7.49241e-16    -8.25992e-16    3.74257e-15    -3.30774e-17    1.44801e-16    1.4815e-15    -3.50127e-15    
42    7.41954e-16    3.26418e-16    -1.18211e-15    -9.98364e-16    7.77613e-17    -1.58627e-15    4.99069e-15    2.19203e-15    -7.46188e-17    -3.87721e-16    
43    2.46684e-15    -1.14631e-15    -6.91345e-15    -6.72567e-16    1.17226e-15    -3.32194e-15    -6.67806e-15    3.88104e-16    -1.80711e-15    -3.08852e-16    
44    -3.18609e-15    -3.29072e-16    1.17495e-14    4.90378e-16    -9.85363e-16    4.62387e-15    -1.76185e-15    6.17541e-16    -2.43579e-15    -5.2646e-15    
45    0.0397735    2.34467e-15    -0.0145803    -0.00388941    -0.0479253    0.151267    -0.21924    -0.0494447    -0.0423531    -0.0484583    
46    0.0397735    -3.97436e-16    -0.0145803    0.0419787    -0.0234468    -0.206907    0.167743    0.0489588    -0.042914    -0.0484583    
47    0.0397735    -5.74906e-16    -0.0145803    0.0387666    0.028445    0.245784    -0.102656    0.0355096    0.0545677    -0.0484583    
48    0.0397735    -1.20589e-15    -0.0145803    -0.00977026    0.0470798    -0.264749    0.029252    -0.0590658    0.0273824    -0.0484583    
49    0.0397735    2.20585e-16    -0.0145803    -0.046884    0.0106703    0.262267    0.0465214    -0.0186977    -0.0623616    -0.0484583    
50    0.0397735    3.33418e-16    -0.0145803    -0.0291824    -0.0382146    -0.238536    -0.118526    0.0643878    -0.00963241    -0.0484583    
51    0.0397735    1.5098e-15    -0.0145803    0.0226384    -0.0424201    0.195481    0.180928    0.000371031    0.0651032    -0.0484583    
52    0.0397735    1.11056e-16    -0.0145803    0.047991    0.00297066    -0.136589    -0.228673    -0.0644934    -0.0088979    -0.0484583    
53    0.0397735    -1.30252e-15    -0.0145803    0.017234    0.0448882    0.0666321    0.257892    0.0179857    -0.0625706    -0.0484583    
54    0.0397735    -3.24422e-16    -0.0145803    -0.0336725    0.0343238    0.0087235    -0.266218    0.0593741    0.0267074    -0.0484583    
55    0.0397735    -5.05442e-16    -0.0145803    -0.0452101    -0.016371    -0.0833723    0.252976    -0.0348853    0.0549689    -0.0484583    
56    -3.94439e-15    3.82698e-15    1.46334e-14    1.00488e-15    5.1885e-16    -3.41565e-15    5.03102e-15    2.10749e-16    1.04253e-15    -7.03674e-15    
57    3.68344e-15    -1.43588e-15    -1.25305e-14    -4.18895e-16    -1.05298e-17    2.07467e-17    -3.21113e-15    4.06026e-16    7.88521e-16    -1.12711e-15    
58    -2.95857e-16    -2.67438e-15    -1.35659e-15    2.56994e-17    2.51416e-16    -5.07336e-16    1.35097e-15    6.28686e-16    -5.33999e-16    4.11943e-15    
59    -2.79769e-15    3.5733e-15    1.33131e-14    9.78769e-16    1.44502e-15    2.57353e-15    3.47738e-15    -5.16831e-16    -8.95965e-16    -2.46498e-15    
60    5.34392e-15    -1.57345e-15    -1.60235e-14    6.13832e-16    6.89905e-16    -5.81136e-15    1.3392e-15    -9.86354e-16    3.95571e-16    -6.21679e-16    
61    -2.97411e-15    1.1888e-17    6.2794e-15    -5.59947e-16    -8.01904e-16    1.4487e-15    -7.50838e-16    1.7415e-16    1.60747e-15    -9.83604e-16    
62    -9.11783e-16    2.1398e-15    7.00001e-15    3.44273e-16    4.479e-16    -4.24087e-16    3.40985e-16    -6.63385e-16    4.97645e-16    2.28998e-15    
63    4.2759e-15    -2.78572e-15    -1.51868e-14    1.66356e-15    4.58275e-16    8.04976e-17    5.64943e-15    5.37566e-16    -1.08854e-15    2.84173e-15    
64    -4.72284e-15    1.98353e-15    1.20069e-14    -6.60388e-16    -4.30103e-16    -3.69311e-15    -2.41017e-15    -1.46458e-15    1.25825e-15    -3.62595e-15    
65    1.1532e-15    1.30634e-15    -3.04515e-15    -4.23428e-16    -5.36199e-16    9.83898e-16    1.3298e-15    -5.19535e-16    7.68347e-16    2.13289e-15    
66    3.28765e-15    -3.63227e-15    -7.58111e-15    1.26338e-15    4.36611e-16    1.67461e-15    7.10272e-16    -5.98918e-16    4.54001e-16    2.81944e-15    
67    -1.81433e-15    -3.39967e-15    -1.18073e-15    -1.15139e-15    6.7553e-16    -2.97803e-16    2.66271e-16    -1.21841e-15    1.211e-15    3.18565e-14    
68    -1.4107e-15    2.37873e-16    4.55257e-15    2.41318e-16    5.2055e-17    2.67427e-16    2.93818e-16    3.02235e-16    3.04407e-15    2.83196e-14    
69    -2.40205e-15    3.19282e-15    -1.64664e-15    1.27672e-15    -6.02271e-16    -9.42661e-16    -1.02042e-15    1.3562e-15    -1.02692e-15    2.85555e-14    
70    -2.25159e-15    -3.20841e-15    2.9769e-16    9.43544e-16    -7.08779e-16    -2.56955e-16    7.8676e-16    2.80357e-15    -4.3943e-16    3.20284e-14    
71    -1.41049e-15    2.18962e-15    3.71448e-15    -1.88985e-15    1.09091e-15    9.67452e-16    -5.53496e-17    -1.58262e-15    -1.08467e-15    2.9338e-14    
72    -2.01694e-15    1.56222e-15    -1.2296e-15    6.96648e-16    7.83262e-16    1.09529e-16    -4.05672e-16    -6.44385e-16    2.50878e-15    2.63048e-14    
73    -1.58759e-15    -2.70055e-15    1.75338e-15    6.59164e-16    -1.21864e-15    -6.74022e-17    5.4598e-16    -2.68845e-15    -5.78181e-16    3.11701e-14    
74    -1.94288e-15    4.1311e-15    3.01201e-15    5.48839e-16    3.56894e-17    1.14362e-15    -1.08271e-16    3.27132e-15    -2.20464e-15    3.05528e-14    
75    -1.2852e-15    -1.11538e-15    -2.18194e-15    3.54053e-16    1.12702e-15    2.68099e-16    1.62343e-16    2.61374e-16    2.37733e-15    3.33354e-14    
76    -1.43032e-15    -1.41703e-15    4.34829e-15    6.36574e-16    1.04553e-15    -2.19144e-16    -1.73272e-16    -3.15271e-16    -1.04401e-15    2.44326e-14    
77    -2.26962e-15    4.12132e-15    -1.84956e-16    -7.01263e-16    1.87935e-17    -7.24002e-16    1.22203e-16    7.79955e-17    5.87417e-16    3.44914e-14    
78    -0.12871    -0.213201    0.0471827    0.0702527    0.185864    0.0678582    0.107277    -0.0658963    0.138345    0.156814    
79    -0.12871    -0.213201    0.0471827    -0.139884    0.141115    -0.0348861    -0.122049    -0.127559    -0.0849142    0.156814    
80    -0.12871    -0.213201    0.0471827    -0.186473    -0.0686219    -0.000912297    0.126934    0.102203    -0.114176    0.156814    
81    -0.12871    -0.213201    0.0471827    -0.0150429    -0.198128    0.0366368    -0.121535    0.0984688    0.117412    0.156814    
82    -0.12871    -0.213201    0.0471827    0.173975    -0.0959889    -0.0693931    0.10629    -0.130231    0.080757    0.156814    
83    -0.12871    -0.213201    0.0471827    0.159586    0.118378    0.0965277    -0.0824346    -0.0614013    -0.140398    0.156814    
84    -0.12871    -0.213201    0.0471827    -0.0413856    0.194341    -0.115842    0.0519004    0.147707    -0.0407956    0.156814    
85    -0.12871    -0.213201    0.0471827    -0.193971    0.0430863    0.125772    -0.0171616    0.0193595    0.15201    0.156814    
86    -0.12871    -0.213201    0.0471827    -0.119771    -0.158543    -0.125512    -0.0189676    -0.153217    -0.00247079    0.156814    
87    -0.12871    -0.213201    0.0471827    0.0944613    -0.174809    0.115084    0.0535601    0.0242508    -0.151306    0.156814    
88    -0.12871    -0.213201    0.0471827    0.198252    0.0133068    -0.0953328    -0.0838135    0.146315    0.0455371    0.156814    
89    -7.57546e-16    -1.21424e-15    1.86226e-15    4.07658e-16    4.49915e-16    -5.76774e-15    4.29635e-17    -5.319e-16    7.14703e-16    -4.56558e-15    
90    1.79303e-15    -2.30556e-16    -7.50761e-15    -7.83955e-17    -1.47086e-16    2.54879e-15    7.59162e-16    -9.44089e-16    -1.38753e-15    1.89056e-15    
91    -1.31547e-15    1.87847e-15    6.91099e-15    1.32126e-15    8.41551e-16    -3.3e-16    2.0421e-15    -1.25121e-15    5.73334e-16    -1.42531e-15    
92    5.31101e-16    -5.42041e-16    -3.39441e-16    5.18568e-16    7.24408e-16    -1.96081e-15    6.13517e-15    -3.40369e-16    3.34787e-16    1.87404e-15    
93    8.90928e-16    9.56141e-17    -6.44296e-15    3.40158e-16    7.3398e-16    -3.31486e-15    -2.808e-15    9.10505e-16    -2.08304e-16    2.69338e-15    
94    -2.2772e-15    -3.72249e-16    7.75861e-15    7.20813e-16    -4.60939e-17    1.49221e-15    3.96903e-15    -5.56619e-17    -3.13506e-16    2.35216e-15    
95    1.15242e-15    5.70834e-16    -4.69193e-15    8.45108e-16    3.20914e-16    8.96216e-16    1.6271e-15    -9.51022e-16    -3.9896e-16    3.87396e-15    
96    4.89025e-16    1.8453e-15    -6.36172e-16    -4.9861e-16    1.20242e-16    -5.50608e-15    4.56204e-15    1.26849e-15    6.91785e-16    1.1673e-15    
97    -1.55996e-15    -7.05868e-16    4.94455e-15    3.45511e-16    -1.52881e-16    1.24784e-15    -3.18933e-15    6.70663e-16    -7.03554e-16    -2.88263e-15    
98    2.31137e-15    -4.72991e-16    -6.38991e-15    5.13144e-16    -7.64264e-16    -1.32375e-15    3.40181e-15    -3.13185e-16    -1.81264e-15    -7.2596e-16    
99    -2.34403e-16    1.88395e-15    3.72047e-15    -2.03182e-16    1.31614e-15    1.4212e-15    4.37306e-15    -1.28528e-15    -1.31306e-15    -2.33088e-15    
100    0.0690524    2.79724e-15    0.291842    -0.0015019    -0.0185064    0.0466585    -0.067625    0.236671    0.202727    -0.0311334    
101    0.0690524    -9.11573e-17    0.291842    0.0162101    -0.00905403    -0.0638206    0.0517405    -0.234345    0.205411    -0.0311334    
102    0.0690524    -1.13312e-15    0.291842    0.0149698    0.0109841    0.0758124    -0.0316643    -0.16997    -0.261193    -0.0311334    
103    0.0690524    -1.03482e-15    0.291842    -0.0037728    0.0181799    -0.0816623    0.00902283    0.282724    -0.131068    -0.0311334    
104    0.0690524    3.8949e-16    0.291842    -0.0181043    0.00412035    0.0808965    0.0143496    0.0894982    0.298499    -0.0311334    
105    0.0690524    -4.68412e-17    0.291842    -0.0112688    -0.0147566    -0.0735768    -0.0365595    -0.308198    0.0461064    -0.0311334    
106    0.0690524    1.01104e-15    0.291842    0.00874185    -0.0163806    0.0602964    0.0558076    -0.00177597    -0.311622    -0.0311334    
107    0.0690524    1.47231e-15    0.291842    0.0185318    0.00114713    -0.0421312    -0.0705344    0.308703    0.0425906    -0.0311334    
108    0.0690524    -2.57065e-15    0.291842    0.00665493    0.0173337    0.0205527    0.079547    -0.0860901    0.2995    -0.0311334    
109    0.0690524    -2.84797e-15    0.291842    -0.0130027    0.0132542    0.00269077    -0.0821152    -0.284199    -0.127837    -0.0311334    
110    0.0690524    1.62882e-15    0.291842    -0.017458    -0.00632167    -0.0257163    0.0780309    0.166982    -0.263113    -0.0311334    
111    -4.37713e-15    2.24166e-15    1.37405e-14    6.0918e-16    7.44019e-16    -3.76927e-15    2.24158e-15    -9.04588e-16    5.53388e-16    -3.197e-15    
112    4.87617e-15    -3.4647e-16    -1.60067e-14    -1.22869e-15    -2.20218e-17    -9.6086e-16    -2.12212e-15    3.45435e-16    1.73585e-15    8.9679e-16    
113    -1.84819e-15    -4.25565e-15    4.61507e-15    6.14142e-16    1.29137e-16    -1.756e-15    -2.26069e-15    2.21612e-15    2.0755e-16    -5.41011e-16    
114    -2.88709e-15    3.77734e-15    8.3218e-15    1.4678e-15    -3.49909e-16    2.36753e-15    2.93918e-15    -1.3005e-15    -9.52561e-17    -2.91725e-15    
115    6.17913e-15    -1.75222e-15    -1.89118e-14    1.09827e-15    1.12257e-16    -5.10281e-15    -9.28773e-16    -3.49432e-16    1.39428e-15    2.68399e-15    
116    -4.32482e-15    -5.83974e-16    1.17669e-14    9.82274e-17    -8.82877e-16    -9.37515e-16    -4.61525e-16    8.52271e-16    1.67558e-15    6.36041e-16    
117    -1.70003e-16    2.24782e-15    1.76815e-15    1.34089e-15    -3.8345e-16    1.3458e-16    -2.57664e-15    5.18547e-16    -1.12871e-15    6.41036e-16    
118    4.3738e-15    -2.74516e-15    -1.54133e-14    2.03235e-15    1.59904e-17    -1.02777e-15    4.88296e-15    -6.04708e-16    -9.18498e-17    7.44333e-16    
119    -5.56759e-15    1.83278e-16    1.50259e-14    5.25349e-16    -2.46435e-16    -2.03309e-15    -2.42743e-15    -8.03545e-16    2.53586e-15    -2.32954e-15    
120    2.36641e-15    3.3782e-15    -8.54714e-15    2.07259e-16    -1.57387e-16    -1.18158e-15    -7.98525e-16    8.14436e-16    9.26126e-16    4.34841e-15    
121    1.41183e-15    -3.1555e-15    -4.56734e-15    1.22226e-15    1.03114e-15    3.19993e-15    -7.72241e-16    1.02227e-15    1.68588e-16    1.86822e-15    
122    4.13983e-15    7.71146e-16    -1.18161e-14    -8.92256e-16    7.71186e-16    -2.08355e-16    -1.76356e-15    3.41306e-16    1.32594e-16    3.85671e-15    
123    -3.59328e-15    -3.09765e-15    1.07244e-14    -3.50209e-16    -5.04722e-16    -1.41762e-15    -7.0509e-15    2.73391e-16    5.34438e-17    1.84273e-15    
124    -2.41474e-16    6.63941e-16    -3.01828e-16    -5.88927e-17    -8.31187e-16    7.15109e-15    2.4249e-15    8.48547e-16    -3.03459e-16    9.24794e-16    
125    2.95323e-15    7.75065e-16    -1.10825e-14    2.89154e-16    -1.21024e-16    -2.80815e-15    7.92458e-16    -2.28554e-16    1.12972e-15    1.36316e-15    
126    -3.77948e-15    -1.03002e-15    1.36107e-14    -1.44514e-15    -2.58576e-16    -8.8085e-16    -1.14623e-15    1.83259e-16    1.16687e-15    3.39456e-16    
127    2.30579e-15    1.76224e-15    -5.57073e-15    -9.03562e-16    -4.29799e-16    3.36236e-15    -7.9004e-15    1.25471e-16    -1.16033e-15    9.35546e-16    
128    1.31522e-15    -1.61588e-15    -2.56582e-15    3.46945e-16    -5.64101e-16    3.72018e-15    5.9996e-15    1.62817e-15    4.04203e-16    -3.14541e-15    
129    -3.70787e-15    -5.40052e-16    8.70139e-15    -7.80798e-16    1.57359e-16    -1.25684e-15    -2.17934e-15    -5.48535e-16    1.17981e-16    -5.19625e-15    
130    3.54261e-15    1.50936e-15    -9.80491e-15    -1.43461e-15    7.74288e-16    -2.84055e-15    -3.03673e-15    -8.60409e-16    2.52258e-16    2.58083e-15    
131    -1.26304e-15    -2.84858e-15    5.92919e-15    4.91114e-16    -5.05489e-16    8.34666e-15    -4.13925e-15    8.2837e-16    1.00488e-16    -1.17776e-15    
132    -2.38222e-15    1.89758e-15    3.77936e-15    2.26168e-16    -5.82339e-16    -2.03887e-15    3.75637e-15    3.79311e-16    1.82697e-15    -3.56777e-15    
133    1.30036e-15    1.63691e-16    -1.37425e-15    -3.31048e-16    -7.40117e-16    7.1057e-15    -3.42323e-15    1.61601e-15    2.61577e-17    -2.25545e-16    
134    3.40161e-16    -2.03049e-15    -1.392e-15    -6.63564e-16    1.81797e-16    -2.39493e-16    2.06737e-15    -1.17887e-16    1.28008e-15    -1.97325e-16    
135    -1.49282e-15    3.62526e-16    4.67775e-15    -6.67509e-16    8.83069e-16    1.88882e-16    1.5067e-15    -6.28937e-16    5.47623e-16    -1.79626e-15    
136    1.2132e-15    -5.1209e-16    -5.77131e-15    2.88225e-16    -1.35014e-15    -2.07106e-15    -5.77367e-15    6.41677e-16    -1.58231e-15    3.49055e-15    
137    -1.97142e-16    -1.09157e-15    2.44653e-15    -4.19511e-16    -1.09775e-15    6.04693e-15    1.83743e-15    1.16546e-15    1.67329e-15    2.45454e-15    
138    7.04544e-17    2.03508e-15    4.11597e-15    1.0654e-16    3.38934e-16    -8.82755e-16    4.38359e-16    -1.12023e-15    -1.07013e-17    -6.23215e-16    
139    1.4479e-15    -1.69378e-15    -5.22776e-15    -5.29642e-16    3.35084e-17    -2.39151e-15    1.46437e-15    1.48207e-15    -9.03015e-16    1.89129e-15    
140    -2.22994e-15    -9.09225e-16    3.20784e-15    -5.59902e-16    -3.76725e-16    3.32778e-15    -6.54158e-15    3.23005e-17    -1.10559e-15    -1.78513e-15    
141    4.57688e-16    2.51717e-15    1.6348e-15    -6.12424e-16    -2.12184e-16    2.601e-15    3.83926e-15    -1.00606e-15    1.01054e-15    2.91967e-16    
142    9.11885e-16    -2.08177e-15    -3.01243e-15    -9.52452e-16    1.15009e-15    1.38733e-15    1.7431e-17    1.01123e-16    1.53436e-15    -1.8185e-15    
143    -2.87135e-15    1.45814e-15    3.11141e-15    -2.43163e-16    2.35246e-17    -3.51519e-15    -2.56618e-15    6.42128e-17    6.53109e-16    -6.53505e-16    
144    5.00622e-15    -2.57013e-16    -1.74556e-14    -1.00837e-15    -4.12047e-16    4.91071e-15    4.87346e-15    2.39711e-16    1.80873e-15    -2.09268e-15    
145    -2.61589e-15    -3.89925e-16    1.11616e-14    -2.34637e-16    1.48178e-15    -3.75031e-15    -1.28872e-15    -1.6212e-15    -1.50915e-16    -2.24216e-15    
146    -8.99819e-16    5.30118e-16    2.90478e-15    -2.30543e-16    -4.26046e-16    -1.79593e-15    -3.56692e-15    -1.93957e-16    -1.71037e-15    1.42988e-15    
147    3.93171e-15    -1.18237e-15    -1.40441e-14    -4.86186e-16    -1.39425e-15    6.42292e-15    -4.27454e-15    1.33974e-15    1.41145e-15    -1.25785e-16    
148    -3.78233e-15    1.95752e-15    1.57182e-14    -6.04573e-16    -2.91364e-16    -4.05134e-16    5.58306e-15    -1.49289e-15    1.32888e-15    -6.05447e-15    
149    2.51338e-15    -1.54559e-15    -5.98892e-15    -5.25903e-16    7.05368e-16    -2.34788e-15    -2.50418e-15    -1.16521e-15    -1.44764e-15    2.27862e-15    
150    7.71215e-16    -8.08922e-16    -6.63124e-15    -5.93193e-16    -8.48565e-16    -4.70278e-16    -4.90956e-15    2.67532e-16    6.39716e-16    2.25327e-15    
151    -4.26497e-15    2.2814e-15    1.57511e-14    8.07402e-17    -1.34416e-15    7.70421e-15    6.92955e-16    6.72989e-16    1.81822e-15    -6.01456e-15    
152    4.75388e-15    -5.17618e-16    -1.41383e-14    -1.13943e-15    5.98105e-16    -3.75082e-15    3.30639e-15    -4.57606e-16    -5.10805e-16    1.9642e-15    
153    -1.36733e-15    -1.01029e-15    2.81758e-15    1.08776e-16    1.5736e-15    -3.38395e-16    -2.32315e-15    -9.20154e-16    -1.6435e-15    3.33857e-15    
154    -2.90479e-15    3.33886e-16    1.1503e-14    1.60515e-16    -1.15919e-15    2.9414e-15    -6.41627e-15    1.54786e-16    5.76498e-16    -4.86373e-15    
155    -0.12871    0.213201    0.0471827    -0.0393628    0.19476    -0.124378    -0.0253586    0.126583    -0.0863626    0.156814    
156    -0.12871    0.213201    0.0471827    -0.193512    0.0451007    0.112196    0.0593728    0.0674689    0.137585    0.156814    
157    -0.12871    0.213201    0.0471827    -0.121413    -0.157289    -0.0909239    -0.088577    -0.145786    0.0472018    0.156814    
158    -0.12871    0.213201    0.0471827    0.0926387    -0.175781    0.0622858    0.110605    -0.0259738    -0.15102    0.156814    
159    -0.12871    0.213201    0.0471827    0.19838    0.0112449    -0.0286017    -0.123673    0.153179    -0.00421698    0.156814    
160    -0.12871    0.213201    0.0471827    0.0721813    0.185124    -0.00739955    0.126721    -0.0176256    0.15222    0.156814    
161    -0.12871    0.213201    0.0471827    -0.13841    0.142562    0.0428013    -0.119504    -0.148163    -0.0391094    0.156814    
162    -0.12871    0.213201    0.0471827    -0.187176    -0.0666795    -0.0747356    0.102604    0.0597971    -0.141089    0.156814    
163    -0.12871    0.213201    0.0471827    -0.017102    -0.197961    0.100615    -0.0773926    0.131143    0.0792674    0.156814    
164    -0.12871    0.213201    0.0471827    0.172967    -0.0977925    -0.118344    0.0459111    -0.0971241    0.118527    0.156814    
165    -0.12871    0.213201    0.0471827    0.160808    0.116712    0.126485    -0.0107101    -0.103498    -0.113004    0.156814    
166    -4.56754e-17    -1.68062e-15    1.60393e-15    -2.22045e-16    9.12158e-16    1.11022e-16    2.98465e-15    -6.78629e-16    -8.62387e-16    -3.10211e-16    
167    -2.55968e-15    1.66997e-15    8.66177e-15    2.22045e-16    -4.87158e-16    -4.85723e-16    -9.27451e-16    9.38885e-16    9.18747e-16    -1.03061e-15    
168    4.17896e-15    -5.96345e-16    -1.1622e-14    3.33067e-16    2.05687e-16    -3.33067e-16    2.20945e-15    -4.72074e-16    2.08996e-16    6.81457e-16    
169    -2.63311e-15    -1.03574e-15    6.77593e-15    2.98372e-16    -5.43468e-16    1.09635e-15    1.00447e-15    -4.02318e-16    -6.92342e-16    9.63499e-16    
170    -1.03703e-15    1.62311e-15    3.06111e-15    4.27826e-16    8.2848e-16    -2.52543e-15    2.98575e-15    2.1178e-16    -4.77971e-16    3.35224e-15    
171    2.90331e-15    -1.89638e-15    -1.06443e-14    5.80394e-16    -2.32073e-16    9.4601e-16    9.35762e-16    1.02602e-15    -4.4062e-16    7.42765e-15    
172    -3.40415e-15    1.18975e-15    9.94055e-15    -1.41638e-16    3.48898e-16    -6.07773e-16    1.13018e-15    -1.52027e-16    -4.71845e-16    -4.44089e-16    
173    1.86995e-15    1.22214e-15    -1.89628e-15    3.3076e-16    -2.60257e-16    1.90689e-15    2.33282e-15    4.10727e-16    -1.249e-15    1.98452e-15    
174    1.69637e-15    -1.98179e-15    -6.39995e-15    -3.26805e-16    7.25848e-16    -1.24795e-15    -2.29792e-16    6.11796e-16    7.77156e-16    -2.10942e-15    
175    -3.17388e-15    1.29264e-15    1.24271e-14    5.6613e-16    7.41594e-16    1.34338e-15    8.86662e-16    -1.43888e-16    0    -4.94049e-15    
176    1.8399e-15    1.28235e-15    -1.10295e-14    -1.20592e-15    -5.78815e-16    -5.18612e-16    -3.69483e-16    1.01438e-16    -3.33067e-16    2.63678e-15    
177    5.42199e-15    1.58531e-15    -1.9721e-14    5.11204e-17    -5.67471e-16    3.87644e-15    -4.03757e-16    -2.10901e-16    1.66533e-15    -1.79023e-15    
178    -2.24397e-15    -2.05305e-15    8.73502e-15    1.32584e-16    4.51028e-17    -3.73197e-15    -3.8268e-15    3.17492e-16    3.88578e-16    -6.66134e-15    
179    -2.08732e-15    2.4761e-15    6.95977e-15    -4.42378e-16    3.33067e-16    2.40865e-16    -5.77316e-15    -7.17669e-16    -2.08167e-15    -3.83027e-15    
180    5.53999e-15    -5.77663e-16    -1.52137e-14    -1.1948e-16    -1.22125e-15    3.11155e-15    -5.77316e-15    1.29497e-16    9.08995e-16    2.25514e-15    
181    -4.91629e-15    -8.04912e-16    1.38891e-14    -1.68258e-15    -3.33067e-16    1.37756e-15    7.77156e-16    5.74607e-16    1.05471e-15    -6.88338e-15    
182    8.6713e-16    1.11022e-15    -4.20844e-15    -5.39973e-16    7.2815e-16    -2.03221e-15    -6.4948e-15    1.88808e-16    -2.01228e-16    8.88178e-16    
183    2.57536e-15    -1.27676e-15    -8.62851e-15    -9.95807e-16    -2.16493e-15    3.55718e-16    -5.77316e-15    -1.06099e-15    -8.56953e-16    3.13638e-15    
184    -4.76702e-15    1.2837e-15    1.79856e-14    -7.38122e-16    -1.01308e-15    5.00138e-15    -4.77396e-15    -6.86352e-16    1.94289e-15    -3.63598e-15    
185    4.55191e-15    1.60288e-15    -1.35447e-14    -2.42429e-16    -9.74915e-16    -3.32475e-15    -9.02056e-16    2.54264e-15    5.20417e-17    -3.61516e-15    
186    -1.11022e-16    -3.30205e-15    6.10623e-16    2.11326e-17    -2.42861e-16    9.41562e-17    -8.76382e-15    2.67037e-16    -4.09395e-15    9.57567e-16    
187    -4.12399e-15    -1.37948e-16    1.4869e-14    -6.53885e-22    -1.82672e-15    -9.54811e-22    -6.37814e-15    -1.50906e-19    -1.66844e-15    -7.59445e-15    
#Execution time: 9814.44 s
