#Fermion code
#Is hermitian: 1
1   1 100
2   2 100
3   3 100
4   4 100
5   5 100
6   6 100
7   7 100
8   8 100
9   9 100
10   10 100
11   11 100

12   1 110
13   2 110
14   3 110
15   4 110
16   5 110
17   6 110
18   7 110
19   8 110
20   9 110
21   10 110
22   11 110

23   1 210
24   2 210
25   3 210
26   4 210
27   5 210
28   6 210
29   7 210
30   8 210
31   9 210
32   10 210
33   11 210

34   1 120
35   2 120
36   3 120
37   4 120
38   5 120
39   6 120
40   7 120
41   8 120
42   9 120
43   10 120
44   11 120

45   1 101
46   2 101
47   3 101
48   4 101
49   5 101
50   6 101
51   7 101
52   8 101
53   9 101
54   10 101
55   11 101

56   1 201
57   2 201
58   3 201
59   4 201
60   5 201
61   6 201
62   7 201
63   8 201
64   9 201
65   10 201
66   11 201

67   1 111
68   2 111
69   3 111
70   4 111
71   5 111
72   6 111
73   7 111
74   8 111
75   9 111
76   10 111
77   11 111

78   1 211
79   2 211
80   3 211
81   4 211
82   5 211
83   6 211
84   7 211
85   8 211
86   9 211
87   10 211
88   11 211

89   1 311
90   2 311
91   3 311
92   4 311
93   5 311
94   6 311
95   7 311
96   8 311
97   9 311
98   10 311
99   11 311

100   1 121
101   2 121
102   3 121
103   4 121
104   5 121
105   6 121
106   7 121
107   8 121
108   9 121
109   10 121
110   11 121

111   1 221
112   2 221
113   3 221
114   4 221
115   5 221
116   6 221
117   7 221
118   8 221
119   9 221
120   10 221
121   11 221

122   1 131
123   2 131
124   3 131
125   4 131
126   5 131
127   6 131
128   7 131
129   8 131
130   9 131
131   10 131
132   11 131

133   1 331
134   2 331
135   3 331
136   4 331
137   5 331
138   6 331
139   7 331
140   8 331
141   9 331
142   10 331
143   11 331

144   1 102
145   2 102
146   3 102
147   4 102
148   5 102
149   6 102
150   7 102
151   8 102
152   9 102
153   10 102
154   11 102

155   1 112
156   2 112
157   3 112
158   4 112
159   5 112
160   6 112
161   7 112
162   8 112
163   9 112
164   10 112
165   11 112

166   1 212
167   2 212
168   3 212
169   4 212
170   5 212
171   6 212
172   7 212
173   8 212
174   9 212
175   10 212
176   11 212

177   1 122
178   2 122
179   3 122
180   4 122
181   5 122
182   6 122
183   7 122
184   8 122
185   9 122
186   10 122
187   11 122

#187 operators generated.
#Correlation matrix eigenvalues: 
  -1.0402e-17
  -6.0910e-18
  -3.7420e-18
  -3.1108e-18
  -2.2814e-18
  -1.8991e-18
  -1.5900e-18
  -1.4712e-18
  -1.2870e-18
  -1.2390e-18
  -9.1956e-19
  -8.4087e-19
  -7.6664e-19
  -6.9881e-19
  -5.7930e-19
  -5.7822e-19
  -4.2036e-19
  -3.4379e-19
  -2.7875e-19
  -2.7328e-19
  -1.5253e-19
  -1.3087e-19
  -1.2018e-19
  -1.1885e-19
  -1.1372e-19
  -8.8140e-20
  -8.7953e-20
  -7.0645e-20
  -6.8980e-20
  -5.5911e-20
  -4.9762e-20
  -4.2621e-20
  -3.6198e-20
  -3.3274e-20
  -3.0184e-20
  -2.5703e-20
  -2.1872e-20
  -1.8919e-20
  -1.7201e-20
  -1.2630e-20
  -1.0452e-20
  -8.8771e-21
  -4.7847e-21
  -3.6853e-21
  -3.3453e-21
  -2.9683e-21
  -2.3500e-21
  -2.1340e-21
  -1.8456e-21
  -1.7726e-21
  -1.2129e-21
  -1.1790e-21
  -9.3148e-22
  -7.4218e-22
  -7.3847e-22
  -6.1750e-22
  -6.0318e-22
  -4.5689e-22
  -4.1095e-22
  -3.3656e-22
  -3.3333e-22
  -2.5451e-22
  -2.4552e-22
  -2.0069e-22
  -1.5924e-22
  -1.2603e-22
  -1.1672e-22
  -8.1198e-23
  -6.9809e-23
  -5.5586e-23
  -3.9026e-23
  -2.6112e-23
  -8.5441e-24
  -8.7863e-25
  -1.5228e-25
   1.0968e-25
   7.0411e-25
   8.2690e-25
   4.6031e-24
   7.3388e-24
   2.2953e-23
   3.7661e-23
   4.4492e-23
   6.5029e-23
   7.2875e-23
   8.2791e-23
   1.4293e-22
   2.0654e-22
   2.5420e-22
   3.2158e-22
   3.6263e-22
   3.9857e-22
   4.5933e-22
   5.6084e-22
   7.3078e-22
   8.8925e-22
   9.9337e-22
   1.0380e-21
   1.1704e-21
   1.5523e-21
   1.6906e-21
   1.9226e-21
   1.9317e-21
   2.6864e-21
   3.2601e-21
   3.4601e-21
   3.5423e-21
   4.5190e-21
   6.7460e-21
   1.0248e-20
   1.0339e-20
   1.6748e-20
   1.7101e-20
   2.0026e-20
   2.8075e-20
   2.9372e-20
   3.8751e-20
   4.1713e-20
   4.7701e-20
   5.4310e-20
   6.0157e-20
   9.5518e-20
   9.7755e-20
   1.0983e-19
   1.1082e-19
   1.4122e-19
   1.4444e-19
   1.7853e-19
   2.0784e-19
   2.2087e-19
   4.1805e-19
   4.8495e-19
   7.5837e-19
   7.6584e-19
   9.1626e-19
   1.1284e-18
   1.7476e-18
   2.1327e-18
   2.6997e-18
   3.2752e-18
   3.9772e-18
   8.8771e-18
   4.2702e-05
   4.2702e-05
   9.9007e-05
   9.9007e-05
   1.0226e-04
   1.0226e-04
   1.3119e-04
   1.3119e-04
   1.4274e-04
   1.4274e-04
   1.8166e-04
   1.8166e-04
   2.0350e-04
   2.0350e-04
   2.2185e-04
   2.2185e-04
   3.6325e-04
   3.6325e-04
   3.8665e-04
   3.8665e-04
   3.8873e-04
   3.8873e-04
   6.9952e-04
   6.9952e-04
   7.0998e-04
   7.0998e-04
   7.8968e-04
   7.8968e-04
   1.0874e-03
   1.0874e-03
   1.4235e-03
   1.4235e-03
   1.8423e-03
   1.8423e-03
   3.1057e-03
   3.1057e-03
   3.3617e-03
   3.3617e-03
   3.5657e-03
   4.0271e-03
   4.8375e-03
   4.8375e-03
   1.8624e-02
   2.7041e-02
   8.7941e-02

#Eigenvector: 
1    -1.12315e-14    2.44651e-15    -3.99897e-15    -1.80158e-15    1.31172e-14    -5.76839e-17    3.88075e-15    4.53576e-16    -2.70077e-16    -5.22499e-15    
2    -4.46276e-15    4.98863e-15    -1.31343e-15    1.3531e-14    -1.39503e-15    -6.12444e-17    1.59549e-14    9.11502e-16    2.51733e-16    1.45613e-14    
3    1.50019e-14    -6.41469e-15    4.3557e-15    -2.00803e-15    -1.27055e-14    4.74875e-17    -2.15542e-14    -7.37935e-17    7.32786e-16    7.90438e-16    
4    -3.6797e-15    -3.11725e-15    7.36624e-15    -1.301e-14    4.94212e-15    1.83451e-16    1.70767e-14    -6.32923e-16    1.96872e-16    -1.39619e-14    
5    -1.72515e-14    5.10402e-15    9.47169e-15    5.62303e-15    1.12594e-14    -1.51782e-16    3.68352e-14    -6.08481e-16    -3.18787e-16    2.35153e-15    
6    6.71711e-15    2.03732e-15    -1.12864e-15    1.11849e-14    -8.15368e-15    -1.27009e-16    -1.4224e-14    -3.20707e-16    -6.43133e-16    1.46649e-14    
7    1.14936e-14    -6.65021e-15    7.59169e-16    -9.0303e-15    -8.9356e-15    7.39558e-17    -4.91705e-15    1.61723e-15    -1.721e-16    -8.02006e-15    
8    -8.21719e-15    6.19155e-16    -1.26623e-15    -8.60334e-15    1.0849e-14    4.05174e-17    3.86007e-15    6.67831e-16    4.25866e-16    -1.11519e-14    
9    -1.0176e-14    6.57703e-15    2.78608e-15    1.14875e-14    5.93701e-15    8.08405e-17    9.25896e-15    -7.57261e-16    9.52839e-16    1.0028e-14    
10    1.3305e-14    -2.94703e-15    -8.42718e-15    5.66729e-15    -1.25242e-14    2.13295e-17    -1.19176e-14    -3.65552e-16    -2.16217e-16    8.74301e-15    
11    8.35827e-15    -6.59416e-15    -4.36065e-15    -1.32356e-14    -2.26416e-15    -1.20179e-16    -2.89687e-14    -3.66503e-16    -1.54649e-15    -1.25841e-14    
12    -0.243541    -1.55032e-17    0.0896098    -0.277829    -0.201906    1.31267e-16    0.153516    -0.159832    -0.122645    0.183234    
13    -0.243541    1.33002e-15    0.0896098    0.323459    0.115454    -1.39813e-15    0.153516    0.0119786    0.201108    0.358378    
14    -0.243541    -1.2325e-16    0.0896098    -0.342884    -0.019648    -3.46747e-15    0.153516    0.144143    -0.14075    0.114517    
15    -0.243541    1.3637e-15    0.0896098    0.33453    -0.0777493    1.48546e-15    0.153516    -0.200766    -0.016764    -0.263234    
16    -0.243541    -1.22144e-15    0.0896098    -0.299075    0.168848    -3.26072e-15    0.153516    0.118804    0.162707    -0.33322    
17    -0.243541    -3.98035e-16    0.0896098    0.23939    -0.246267    1.77657e-15    0.153516    0.0451653    -0.196336    -0.0136153    
18    -0.243541    -8.63186e-16    0.0896098    -0.160311    0.303736    -1.06875e-15    0.153516    -0.177958    0.0944394    0.321908    
19    -0.243541    1.6144e-15    0.0896098    0.0682455    -0.336597    -7.58272e-16    0.153516    0.18791    0.0726471    0.281066    
20    -0.243541    -1.33981e-15    0.0896098    0.0293494    0.34219    -3.34572e-15    0.153516    -0.068152    -0.189587    -0.0883899    
21    -0.243541    5.49073e-16    0.0896098    -0.124567    -0.32006    2.81353e-15    0.153516    -0.0986501    0.175659    -0.354503    
22    -0.243541    -1.04559e-16    0.0896098    0.209692    0.272001    -1.56945e-15    0.153516    0.197356    -0.0404773    -0.206142    
23    -1.42102e-15    4.81705e-15    -1.38067e-14    -2.02346e-14    6.72016e-15    3.24036e-17    6.98308e-15    -1.05376e-15    5.98248e-16    1.91253e-15    
24    1.43008e-14    2.0809e-15    -1.28919e-14    1.00247e-14    1.96961e-14    -1.26381e-16    -4.77724e-14    -4.18475e-16    -1.08667e-15    -2.46716e-15    
25    -3.35688e-15    -5.94367e-15    -2.46269e-14    1.67692e-14    -1.21206e-14    -3.99938e-18    -2.84167e-14    1.13828e-16    -4.32432e-16    -5.40681e-15    
26    2.19393e-15    2.67453e-15    -5.21159e-15    -1.50224e-14    -1.63076e-14    -1.26345e-17    2.6827e-15    1.4074e-15    4.46289e-16    3.77557e-15    
27    5.48061e-15    2.20238e-15    -9.78264e-15    -1.29332e-14    1.70379e-14    5.26737e-17    -3.51457e-14    -4.52363e-16    4.79833e-16    4.75293e-15    
28    -5.08711e-17    -3.65476e-16    5.26373e-15    1.89814e-14    1.12799e-14    5.85843e-17    1.6091e-14    -6.51179e-16    9.34247e-16    -9.34062e-15    
29    -1.00541e-14    -5.119e-15    3.07276e-15    7.78356e-15    -2.01931e-14    -1.28736e-16    3.35875e-14    -1.14912e-15    -1.19317e-15    3.3587e-15    
30    1.01712e-15    5.07268e-15    1.41946e-14    -2.10776e-14    -5.76778e-15    -1.48077e-17    -4.66125e-15    -1.09463e-15    -4.75282e-16    3.17519e-15    
31    2.04969e-15    3.14543e-15    -1.07477e-15    -1.80602e-15    2.13244e-14    1.11969e-16    1.65479e-14    6.6484e-16    2.98483e-16    2.9538e-15    
32    -4.10622e-15    -2.71563e-16    -2.84952e-15    2.11529e-14    -5.40555e-16    -5.40588e-18    6.80728e-15    6.84503e-16    -3.61631e-16    -8.57078e-15    
33    -5.92085e-16    -1.50296e-16    6.41706e-15    -4.18059e-15    -2.187e-14    1.30192e-16    -7.51744e-15    -9.63978e-16    2.25257e-15    5.77685e-15    
34    -7.22198e-15    3.30836e-15    4.92969e-15    3.27121e-15    2.93522e-14    1.11381e-16    3.36867e-14    6.80066e-17    4.86702e-16    -9.6275e-15    
35    -6.06491e-15    3.13533e-15    1.30744e-14    2.81131e-14    -7.34558e-15    -6.32144e-17    2.84508e-14    4.3692e-16    -1.49657e-15    6.95082e-15    
36    2.0051e-15    -5.83334e-15    7.91272e-16    -1.07731e-14    -2.7252e-14    -1.3212e-16    -1.83305e-14    -2.82074e-16    2.33948e-16    1.31202e-15    
37    7.86345e-15    8.48202e-15    -2.85132e-15    -2.40734e-14    1.50218e-14    1.41274e-17    -1.93509e-15    1.23176e-15    -3.55826e-16    -6.55509e-16    
38    -8.29009e-15    -5.38389e-16    -7.39113e-15    1.8694e-14    2.28408e-14    -1.50233e-16    -8.47461e-15    5.17757e-16    3.15171e-16    -4.96727e-15    
39    5.97626e-15    9.44182e-16    -1.06874e-14    1.98597e-14    -2.17879e-14    1.40512e-18    -2.86914e-14    -1.46906e-15    5.78333e-16    6.57601e-15    
40    2.99637e-15    -4.95234e-15    -3.74233e-16    -2.41321e-14    -1.68828e-14    1.57532e-16    4.67671e-15    6.01529e-17    -3.12344e-16    2.35684e-15    
41    7.36544e-15    5.21644e-15    -1.01903e-14    -1.3022e-14    2.63298e-14    -9.31532e-17    -4.20766e-14    -5.31517e-16    -2.31993e-16    -7.37794e-15    
42    -1.11331e-14    -3.87995e-16    5.10156e-15    2.74615e-14    9.26243e-15    -4.8369e-17    2.07622e-14    4.16201e-16    4.8531e-17    1.56754e-15    
43    1.63674e-15    -3.03765e-15    4.27645e-15    5.33832e-15    -2.89466e-14    6.00793e-17    2.28947e-14    1.72667e-15    6.97799e-16    2.36616e-15    
44    -7.90747e-17    1.10858e-15    2.78167e-14    -2.92779e-14    -8.57204e-16    3.89191e-17    9.41093e-15    -8.66527e-16    1.36972e-15    1.70073e-15    
45    0.0408762    5.24092e-16    -0.0346034    -0.0888217    0.168287    -2.68389e-15    0.0850456    0.191621    -0.10169    -0.0406433    
46    0.0408762    -6.93371e-16    -0.0346034    0.0378119    -0.186494    1.67306e-15    0.0850456    -0.202338    -0.0782248    -0.0354867    
47    0.0408762    -2.34459e-16    -0.0346034    0.0162612    0.189593    -3.22166e-15    0.0850456    0.0733846    0.204143    0.0111599    
48    0.0408762    -2.02411e-16    -0.0346034    -0.069017    -0.177332    -1.53124e-16    0.0850456    0.106224    -0.189146    0.0447587    
49    0.0408762    6.47352e-16    -0.0346034    0.116181    0.150704    -4.72527e-16    0.0850456    -0.212509    0.0435851    0.026027    
50    0.0408762    1.33762e-17    -0.0346034    -0.153933    -0.111867    -2.59602e-15    0.0850456    0.172103    0.132061    -0.0231347    
51    0.0408762    -1.90961e-16    -0.0346034    0.179215    0.0639679    -7.22743e-16    0.0850456    -0.0128983    -0.216549    -0.045248    
52    0.0408762    -8.67575e-16    -0.0346034    -0.189977    -0.0108861    -2.45541e-16    0.0850456    -0.15521    0.151557    -0.0144587    
53    0.0408762    -2.68816e-16    -0.0346034    0.185349    -0.0430776    -2.05497e-15    0.0850456    0.21618    0.0180511    0.0332353    
54    0.0408762    5.34428e-16    -0.0346034    -0.165704    0.0935514    -1.3396e-15    0.0850456    -0.127926    -0.175199    0.0420716    
55    0.0408762    7.64473e-16    -0.0346034    0.132636    -0.136446    -1.06435e-16    0.0850456    -0.048633    0.211411    0.00171903    
56    1.44679e-14    5.81006e-18    -5.95613e-15    1.1094e-15    1.24605e-15    -6.28745e-17    -2.34048e-14    1.76018e-15    -2.34187e-15    -2.16702e-15    
57    -1.35228e-14    -3.93177e-15    4.89829e-15    6.3572e-16    -1.44145e-15    -1.00296e-17    2.01963e-14    4.35573e-16    2.45031e-15    -4.62796e-15    
58    2.24228e-15    2.83269e-15    4.7304e-15    -1.5576e-15    -8.74764e-16    -1.05228e-16    5.60822e-15    -5.16089e-16    7.95369e-16    1.54298e-15    
59    2.27977e-15    6.9728e-16    7.78483e-16    -7.51485e-16    2.03153e-15    4.30266e-17    -3.37539e-15    -1.04495e-15    -1.49267e-16    5.66431e-15    
60    -1.88937e-16    -1.97217e-15    4.86786e-17    1.14487e-15    3.51316e-16    -8.17866e-18    1.9919e-15    -1.03884e-15    -1.39524e-16    -7.91208e-15    
61    -2.11344e-15    -3.33261e-16    5.14933e-15    -1.67632e-16    -2.20902e-15    8.12825e-17    9.63701e-15    2.07669e-15    -1.60047e-15    1.19208e-15    
62    -4.81952e-15    1.47957e-15    8.82264e-15    -1.13209e-15    2.70608e-16    2.15905e-18    1.14524e-14    2.37169e-17    6.81508e-16    1.97319e-15    
63    2.94898e-15    2.77858e-15    -7.90653e-17    5.34975e-16    1.61288e-15    -6.10828e-17    2.72721e-15    1.04125e-15    1.62804e-15    4.66099e-15    
64    2.39103e-15    -4.06505e-15    7.35599e-16    1.35163e-15    -2.70263e-16    6.68295e-17    -3.97697e-15    -1.13186e-15    -4.62255e-16    -8.28648e-15    
65    -2.57986e-15    1.97757e-15    -6.25119e-15    -1.13393e-15    -1.3745e-15    1.78529e-18    -1.169e-14    -1.81053e-15    -2.43397e-16    3.1437e-15    
66    -2.00266e-15    1.60142e-15    -4.65923e-15    -1.06208e-15    8.93772e-16    8.50037e-17    -2.94655e-15    1.20435e-16    -7.43667e-17    4.06154e-15    
67    -1.66643e-15    -2.26079e-15    -1.2222e-15    -1.13658e-15    1.68848e-15    0.301511    4.70886e-15    5.00891e-15    -4.24425e-17    -8.82188e-16    
68    -2.30481e-15    -3.93487e-15    -3.30998e-16    -1.03879e-15    1.69463e-15    0.301511    -4.19987e-16    -1.94748e-15    -9.17063e-16    1.82619e-15    
69    1.77941e-15    -5.40067e-15    -5.84326e-15    -4.42742e-16    1.87786e-15    0.301511    4.53505e-15    -3.0759e-15    -4.08238e-15    -1.18552e-15    
70    2.71956e-15    -1.11264e-15    -1.08369e-15    -5.86822e-16    1.71482e-15    0.301511    1.06862e-14    6.04535e-15    2.60178e-15    3.07612e-15    
71    3.58019e-16    -6.42033e-16    -1.57616e-15    -3.71917e-16    1.72386e-15    0.301511    -2.57853e-16    1.99078e-15    9.84171e-16    -1.65254e-16    
72    1.295e-15    -2.72762e-15    1.30478e-15    -3.57487e-16    2.10098e-15    0.301511    1.66452e-15    -8.79407e-17    -1.88239e-15    2.10418e-15    
73    2.36319e-15    4.01354e-15    -1.40615e-15    -4.81515e-16    1.40255e-15    0.301511    7.14391e-15    1.57613e-15    3.22357e-15    2.16087e-15    
74    6.51009e-16    5.65592e-15    -1.75068e-15    -1.42e-15    1.9627e-15    0.301511    1.67993e-15    4.85139e-15    4.04454e-15    5.3233e-16    
75    -1.58213e-15    1.49254e-15    -2.47849e-15    -4.92457e-17    1.60456e-15    0.301511    -2.96381e-15    3.16797e-16    -2.96422e-15    3.99169e-16    
76    -2.05442e-15    -1.51207e-15    1.00544e-15    -9.05486e-16    1.22933e-15    0.301511    3.32373e-15    2.85505e-15    -3.82043e-15    3.19501e-17    
77    5.27457e-16    2.7453e-15    -5.76456e-15    -1.30067e-15    1.96202e-15    0.301511    2.1515e-15    3.42316e-15    3.78414e-15    4.83825e-17    
78    -0.0817523    -0.213201    0.0692067    0.0860637    -0.0800008    1.98962e-15    -0.170091    -0.0566268    0.183926    0.0867067    
79    -0.0817523    -0.213201    0.0692067    -0.0600386    0.101007    3.04282e-16    -0.170091    0.176085    -0.0776503    0.120003    
80    -0.0817523    -0.213201    0.0692067    0.0291496    -0.113831    2.69535e-15    -0.170091    -0.173995    -0.0822259    0.0129954    
81    -0.0817523    -0.213201    0.0692067    0.00410089    0.117432    -4.28925e-16    -0.170091    0.0518005    0.185343    -0.109206    
82    -0.0817523    -0.213201    0.0692067    -0.0370192    -0.11152    3.10055e-15    -0.170091    0.106151    -0.160522    -0.103727    
83    -0.0817523    -0.213201    0.0692067    0.0669384    0.096573    3.70567e-15    -0.170091    -0.190829    0.0248961    0.0230265    
84    -0.0817523    -0.213201    0.0692067    -0.0914347    -0.0738023    6.98068e-16    -0.170091    0.143782    0.127915    0.122858    
85    -0.0817523    -0.213201    0.0692067    0.108523    0.0450527    1.57828e-15    -0.170091    0.00251504    -0.192429    0.0790478    
86    -0.0817523    -0.213201    0.0692067    -0.11682    -0.0126532    2.70422e-15    -0.170091    -0.147076    0.124114    -0.0571829    
87    -0.0817523    -0.213201    0.0692067    0.115653    -0.0207715    1.80407e-15    -0.170091    0.190113    0.029875    -0.126557    
88    -0.0817523    -0.213201    0.0692067    -0.105116    0.0525133    2.53625e-15    -0.170091    -0.101919    -0.163242    -0.0479645    
89    -2.58874e-15    -3.10268e-15    1.98898e-15    1.8394e-14    -3.4484e-15    5.10516e-17    1.01328e-14    1.0385e-15    2.35636e-15    -6.37009e-16    
90    5.91842e-15    -1.0853e-15    2.56524e-16    -6.63052e-15    -1.75076e-14    -5.35854e-17    -3.02394e-14    -1.11784e-15    6.48978e-16    -4.02792e-15    
91    -3.9873e-15    9.2879e-15    -3.87164e-15    -1.63484e-14    8.30006e-15    3.91163e-17    1.56185e-14    -1.81739e-17    -1.01611e-15    1.64257e-15    
92    1.51232e-15    2.92399e-16    -3.79782e-15    1.15324e-14    1.459e-14    -1.36133e-17    -1.21981e-14    1.38229e-15    7.06363e-16    1.71545e-15    
93    5.22602e-15    -4.21697e-15    -3.46917e-15    1.37103e-14    -1.27818e-14    3.38816e-17    -2.14545e-14    2.5811e-15    -1.88683e-15    -1.23946e-15    
94    -2.33108e-15    1.24393e-15    1.00335e-14    -1.50084e-14    -1.09026e-14    8.73764e-17    2.69027e-14    4.80688e-16    1.66943e-15    -2.88192e-15    
95    -4.48229e-15    8.68413e-15    -6.11996e-16    -9.30597e-15    1.53778e-14    1.5536e-17    -8.78938e-15    -6.17014e-16    5.82932e-16    3.30505e-15    
96    1.41228e-15    -1.36234e-15    9.6856e-15    1.78501e-14    6.42483e-15    -1.9412e-16    1.15234e-14    -4.24702e-16    -1.03828e-15    3.32687e-16    
97    -3.80492e-16    -3.69156e-15    4.06083e-15    4.1901e-15    -1.75266e-14    -7.93825e-18    2.14216e-14    -8.0912e-16    -8.74442e-16    -4.03079e-16    
98    -7.64199e-15    5.97973e-15    1.67838e-14    -1.9213e-14    -8.78267e-16    7.64587e-17    2.33011e-15    7.34976e-16    -2.57563e-16    -2.93943e-15    
99    2.93771e-15    5.26882e-15    -5.83796e-15    8.59244e-16    1.8314e-14    -2.06552e-17    6.06557e-15    1.08603e-15    3.786e-16    4.47114e-15    
100    0.128682    -9.00951e-16    0.268519    0.00291476    -0.00552249    5.625e-16    0.0474055    0.125232    -0.0664585    -0.119185    
101    0.128682    -2.22599e-15    0.268519    -0.00124083    0.00611997    2.34983e-15    0.0474055    -0.132236    -0.051123    -0.104063    
102    0.128682    -1.12573e-15    0.268519    -0.000533627    -0.00622166    1.05022e-15    0.0474055    0.0479597    0.133415    0.0327259    
103    0.128682    5.90032e-16    0.268519    0.00226485    0.00581929    3.0151e-17    0.0474055    0.0694217    -0.123614    0.131253    
104    0.128682    2.26821e-15    0.268519    -0.0038126    -0.00494549    1.01968e-15    0.0474055    -0.138883    0.0284846    0.0763229    
105    0.128682    1.38468e-15    0.268519    0.00505146    0.00367103    8.47227e-16    0.0474055    0.112476    0.0863072    -0.0678414    
106    0.128682    3.31267e-16    0.268519    -0.00588109    -0.00209916    9.87112e-16    0.0474055    -0.00842954    -0.141523    -0.132688    
107    0.128682    -1.16718e-15    0.268519    0.00623427    0.000357238    4.10762e-15    0.0474055    -0.101436    0.0990484    -0.0423994    
108    0.128682    -1.07313e-16    0.268519    -0.00608238    0.00141363    2.58712e-16    0.0474055    0.141282    0.0117971    0.0974609    
109    0.128682    1.93595e-15    0.268519    0.00543774    -0.00306997    -3.18581e-16    0.0474055    -0.0836045    -0.114499    0.123373    
110    0.128682    -3.35111e-16    0.268519    -0.00435256    0.00447761    8.97214e-16    0.0474055    -0.0317835    0.138165    0.00504097    
111    2.31253e-14    1.80951e-15    -2.46367e-14    -1.74264e-16    -2.92916e-15    6.96684e-17    -3.84534e-14    -8.95165e-16    -2.91984e-15    3.78397e-15    
112    -4.50243e-15    -3.11476e-15    -1.4625e-14    -3.31626e-15    4.73907e-16    1.01898e-16    -3.42477e-14    1.51437e-15    1.17709e-15    -8.40304e-15    
113    2.49296e-15    8.51598e-15    -1.68848e-14    2.81853e-16    2.91528e-15    -1.33137e-16    -3.14505e-14    4.01871e-16    1.45541e-15    4.11136e-15    
114    -3.22593e-16    -5.54111e-15    4.88534e-15    2.77705e-15    -2.33671e-16    7.38864e-17    2.69909e-14    -7.5842e-16    -1.38191e-16    6.92296e-15    
115    8.33477e-15    -2.15273e-15    -5.94381e-16    -1.61399e-15    -3.21231e-15    -6.18913e-17    -2.34116e-14    -1.53971e-15    2.22301e-15    -5.91437e-15    
116    -1.5689e-14    7.38514e-16    1.65223e-14    -2.20315e-15    1.6131e-15    -1.73142e-17    4.26416e-14    -3.20688e-16    -4.15892e-15    -1.8947e-15    
117    3.88052e-15    2.1699e-15    -2.4984e-15    2.81853e-15    2.22158e-15    6.05844e-17    1.44478e-14    1.1001e-15    -6.28483e-17    2.29238e-15    
118    -2.87081e-15    -2.73913e-16    1.59172e-14    1.76809e-15    -2.45351e-15    -1.09622e-16    5.77215e-15    1.16959e-15    2.40368e-17    5.95617e-15    
119    1.28826e-15    -3.44217e-15    3.3772e-15    -3.00801e-15    -2.0189e-15    4.47614e-17    2.72946e-14    5.77759e-16    -1.09644e-16    -1.23085e-14    
120    -4.30833e-15    8.23064e-15    7.30182e-15    -1.33728e-15    2.7548e-15    -3.89618e-18    1.56397e-14    -2.35497e-15    1.87153e-15    5.05694e-15    
121    -5.66315e-15    -2.46681e-15    -1.0593e-14    3.1803e-15    1.02357e-15    -6.56824e-17    -2.23168e-14    -1.26701e-15    -1.43104e-15    9.30598e-16    
122    -5.75249e-15    -2.73367e-16    1.90818e-14    1.15503e-14    -1.16429e-14    -1.15707e-16    3.86214e-14    -2.40876e-16    -2.15713e-15    1.88326e-16    
123    -6.28861e-15    -4.09816e-15    1.13604e-14    -1.27736e-14    -1.02892e-14    2.26484e-17    2.2871e-14    9.17177e-16    3.49782e-16    2.69468e-15    
124    5.46726e-15    2.36387e-15    3.24524e-15    -7.43575e-15    1.49469e-14    7.36681e-17    -8.13011e-15    -2.55358e-16    1.41767e-15    1.07369e-15    
125    -1.0143e-15    -3.90009e-16    -1.22843e-14    1.53226e-14    6.13699e-15    -1.84878e-16    -8.15682e-15    -1.75748e-15    -8.33441e-17    -3.96493e-15    
126    1.1528e-15    6.17664e-16    -5.2216e-15    3.144e-15    -1.68181e-14    6.27998e-17    -1.55513e-14    -2.17801e-15    6.71104e-16    1.46508e-15    
127    1.73973e-16    -2.02793e-15    -1.29133e-15    -1.64655e-14    -1.748e-15    9.17677e-17    -6.20926e-15    -1.01009e-16    -1.82278e-15    3.74367e-15    
128    4.95313e-15    2.20125e-15    -2.57221e-15    1.32747e-15    1.70399e-14    -1.32474e-16    -5.76186e-15    1.13971e-15    2.91333e-16    -2.52066e-15    
129    -3.15331e-15    -3.45778e-15    -3.59667e-15    1.57227e-14    -2.97789e-15    1.45143e-16    -4.84354e-15    6.13896e-16    2.57088e-16    -1.63877e-15    
130    2.04755e-15    -2.1882e-15    -9.04372e-15    -6.03947e-15    -1.56851e-14    -4.42621e-17    -1.28737e-14    2.7286e-16    1.53186e-15    3.31657e-16    
131    3.62934e-15    -1.25637e-16    1.78098e-15    -1.41401e-14    7.15364e-15    -6.8337e-17    -5.38291e-15    -2.09554e-15    1.3464e-15    4.20985e-15    
132    -2.38746e-15    -1.0052e-16    4.5003e-15    1.03962e-14    1.38573e-14    1.05059e-16    1.01993e-14    1.61106e-17    -1.82042e-15    -5.44822e-15    
133    -6.5824e-15    6.25087e-15    -1.42447e-15    -2.51666e-14    -9.34791e-16    -4.94488e-17    3.6497e-14    -1.08099e-15    -1.12911e-15    4.78675e-16    
134    9.63249e-16    4.94767e-16    -5.52324e-16    3.49963e-15    2.50544e-14    -5.5028e-17    -2.33426e-14    1.34244e-15    1.21322e-16    2.17822e-15    
135    7.76166e-15    -4.08629e-15    -1.62311e-14    2.4228e-14    -5.61908e-15    -4.06839e-17    -2.30447e-14    -9.63216e-17    1.27019e-15    6.22224e-16    
136    -4.17409e-15    -4.16262e-15    -2.57611e-15    -9.9421e-15    -2.30811e-14    -4.49988e-17    2.11951e-14    -2.72616e-15    5.69387e-16    -4.95643e-15    
137    5.71704e-15    6.72861e-15    -1.11788e-14    -2.12104e-14    1.21411e-14    1.64392e-16    -5.36565e-14    -1.83743e-15    3.07355e-16    4.30607e-15    
138    -2.03722e-15    -3.8678e-16    -6.58467e-15    1.66675e-14    1.92689e-14    1.25727e-17    1.1101e-14    -5.04843e-16    -1.46232e-15    1.16817e-15    
139    4.74604e-15    -5.65195e-15    -1.22016e-14    1.6843e-14    -1.81407e-14    -1.05208e-16    -2.64063e-15    7.88877e-16    3.69643e-16    -9.76012e-16    
140    -1.5632e-15    2.25828e-15    1.09056e-14    -2.15061e-14    -1.44894e-14    -5.83681e-18    -1.97305e-14    1.26816e-15    8.10298e-16    -2.10914e-15    
141    -3.63748e-15    4.78662e-15    -4.06229e-15    -1.09149e-14    2.21064e-14    -7.83118e-17    2.99302e-14    -4.08778e-17    1.91767e-15    1.98593e-15    
142    5.62578e-16    -1.16915e-15    -2.05775e-15    2.42356e-14    7.70867e-15    1.42093e-17    -9.1881e-16    -1.95288e-15    8.14384e-16    2.04551e-15    
143    3.69628e-15    -6.35388e-15    4.77299e-15    4.33654e-15    -2.46291e-14    9.92477e-17    -1.42383e-14    6.44913e-16    -2.15563e-15    -4.79635e-15    
144    -3.63841e-16    6.002e-16    1.31278e-15    -6.06409e-16    1.43001e-14    8.55337e-17    -4.37284e-15    1.6571e-15    4.07015e-16    -8.85777e-15    
145    -5.5855e-15    2.14801e-15    2.10643e-15    1.36594e-14    -2.08598e-15    -1.18081e-16    1.34537e-14    1.59774e-16    1.03301e-15    7.44305e-15    
146    -7.54924e-16    -4.22556e-15    8.73984e-15    -2.9985e-15    -1.32344e-14    -4.08731e-17    2.1423e-14    -2.91017e-15    1.96786e-16    -5.86689e-16    
147    7.72236e-15    1.41839e-15    2.41367e-15    -1.24003e-14    5.66808e-15    4.94345e-17    -1.58689e-14    1.23108e-15    -1.9717e-15    3.0401e-16    
148    -1.11764e-14    -5.12114e-16    -1.75768e-15    7.05173e-15    1.21684e-14    -2.95776e-17    1.50403e-14    2.1988e-16    -1.27254e-15    -4.00949e-15    
149    7.30526e-15    1.53266e-15    -9.53783e-15    1.05251e-14    -9.35104e-15    1.28434e-16    -1.26823e-14    9.39248e-16    1.37374e-15    5.82775e-15    
150    8.69357e-16    -2.08616e-15    -4.83928e-17    -1.00455e-14    -9.56986e-15    -1.47895e-16    -1.47968e-14    1.34526e-15    1.46789e-15    -2.66687e-16    
151    2.16353e-15    9.0924e-16    -1.15643e-15    -7.40573e-15    1.20378e-14    -2.05695e-16    1.44928e-15    -1.11673e-15    7.48208e-16    -4.76935e-15    
152    -5.93134e-15    -3.87959e-16    -1.15721e-15    1.24518e-14    6.68852e-15    7.92157e-17    7.82361e-15    -1.37391e-15    1.13346e-16    1.06111e-15    
153    4.1104e-15    -1.19585e-15    -3.13717e-15    4.1621e-15    -1.3688e-14    -4.45109e-17    -1.42228e-14    1.90165e-15    -2.86362e-15    6.35722e-16    
154    2.553e-15    -1.50177e-15    -2.10867e-15    -1.34532e-14    -2.27377e-15    1.2829e-16    4.85597e-16    8.55245e-16    8.2499e-16    2.80719e-15    
155    -0.0817523    0.213201    0.0692067    0.0174882    -0.116195    3.18615e-15    -0.170091    -0.184057    -0.0561992    0.125813    
156    -0.0817523    0.213201    0.0692067    0.015956    0.116415    -2.55392e-16    -0.170091    0.0780594    0.175904    0.0655535    
157    -0.0817523    0.213201    0.0692067    -0.0481076    -0.107204    2.58846e-15    -0.170091    0.0818212    -0.174186    -0.0713493    
158    -0.0817523    0.213201    0.0692067    0.0763619    0.0893082    3.72168e-15    -0.170091    -0.185222    0.0522311    -0.124833    
159    -0.0817523    0.213201    0.0692067    -0.0984297    -0.064177    1.36606e-15    -0.170091    0.160769    0.105778    -0.0323654    
160    -0.0817523    0.213201    0.0692067    0.112523    0.0338465    2.84879e-15    -0.170091    -0.0253396    -0.19077    0.0979425    
161    -0.0817523    0.213201    0.0692067    -0.117501    -0.000773986    2.84408e-15    -0.170091    -0.127581    0.144078    0.113739    
162    -0.0817523    0.213201    0.0692067    0.112959    -0.0323612    8.25484e-16    -0.170091    0.192435    0.00206778    -0.00344478    
163    -0.0817523    0.213201    0.0692067    -0.0992666    0.0628747    3.03303e-15    -0.170091    -0.124455    -0.146787    -0.116601    
164    -0.0817523    0.213201    0.0692067    0.0775317    -0.0882945    4.08956e-15    -0.170091    -0.0294331    0.190182    -0.0934308    
165    -0.0817523    0.213201    0.0692067    -0.0495157    0.106561    1.39182e-15    -0.170091    0.163004    -0.102299    0.0389759    
166    -8.893e-15    -1.21843e-15    6.40995e-16    4.21832e-16    4.46865e-15    4.79662e-17    -3.89544e-15    -2.5968e-15    7.90606e-16    6.96053e-15    
167    7.5201e-15    1.09093e-15    1.80363e-15    4.47557e-15    -5.15538e-17    -4.54523e-17    2.1801e-14    -1.14728e-16    -2.28318e-15    -5.98361e-15    
168    -5.51725e-15    -1.2895e-15    4.91551e-15    -1.30207e-15    -4.2386e-15    4.57313e-17    -6.52699e-15    1.80342e-15    -1.48734e-16    5.61866e-15    
169    -7.17847e-17    -8.15801e-17    -6.57159e-15    -3.55095e-15    1.42508e-15    1.00722e-16    -1.1148e-14    -2.44984e-16    2.22164e-15    -6.72809e-15    
170    1.12851e-14    2.92782e-15    -1.64408e-14    3.04144e-15    3.21725e-15    -1.66533e-16    -1.34227e-14    4.97321e-16    1.77809e-15    6.85184e-15    
171    -6.39425e-15    -1.81255e-15    -7.02098e-15    3.4814e-15    -2.32157e-15    5.55112e-17    -3.07273e-14    -1.83876e-15    1.11022e-16    -7.29246e-15    
172    7.56729e-15    4.77441e-15    1.94855e-15    -3.89645e-15    -2.91766e-15    -1.11022e-16    5.24992e-15    9.76938e-17    -1.33227e-15    4.31464e-15    
173    -9.5343e-15    -7.0761e-16    1.1491e-14    -2.43391e-15    3.03923e-15    -5.55112e-17    4.03611e-14    9.27281e-16    -1.94289e-15    -3.47469e-15    
174    6.69681e-16    2.20805e-15    8.91332e-15    4.07396e-15    1.3828e-15    5.55112e-17    -8.31605e-15    2.05291e-15    -5.55112e-16    2.08807e-15    
175    -3.1888e-15    -3.18726e-15    -1.5947e-15    9.82097e-16    -3.75518e-15    -2.77556e-17    2.35959e-14    -5.94535e-16    1.9984e-15    1.8518e-15    
176    7.33787e-15    3.91215e-15    -5.18902e-15    -4.41357e-15    -5.44599e-16    -2.08167e-16    -2.3018e-14    -1.65301e-15    -2.77556e-16    -3.64084e-15    
177    -1.14117e-14    2.60573e-15    2.41697e-14    -8.74301e-16    -4.09385e-15    3.29597e-17    3.5999e-14    1.26059e-15    1.26982e-15    -6.44236e-15    
178    1.94258e-15    4.3562e-15    1.24042e-14    -4.7462e-15    1.57007e-15    -2.42644e-16    2.2829e-15    -1.14716e-15    -1.8735e-16    9.14412e-15    
179    -5.49041e-15    -2.89676e-15    -9.17791e-15    1.80411e-15    3.91453e-15    5.51317e-17    2.29816e-14    -1.8418e-15    -7.41161e-16    -1.5773e-15    
180    1.5875e-14    2.19659e-15    -6.3068e-15    4.21885e-15    -2.04147e-15    -4.93312e-17    -5.66214e-14    1.18326e-15    -7.069e-16    -2.85166e-15    
181    -9.87934e-15    1.9984e-15    -1.39229e-14    -3.33067e-15    -3.15227e-15    -1.4409e-16    -5.57887e-15    2.57731e-15    -9.93997e-16    -2.01924e-15    
182    4.4719e-15    1.60982e-15    -2.22045e-15    -3.46945e-15    3.2791e-15    2.15485e-17    5.9952e-15    -2.13065e-16    2.66454e-15    7.21015e-15    
183    1.01698e-14    -5.9952e-15    -1.14353e-14    3.66374e-15    1.99596e-15    -5.83978e-17    -5.11258e-14    8.80967e-16    3.07913e-16    -2.87474e-16    
184    -3.03924e-15    -1.38778e-15    1.66533e-15    2.23085e-15    -4.05197e-15    2.16881e-16    1.74305e-14    -9.46193e-16    -2.42861e-17    -8.75217e-15    
185    -5.9952e-15    4.16334e-16    -8.38218e-15    -4.59355e-15    -4.69363e-16    1.94885e-16    4.66294e-15    -1.87884e-15    -9.4369e-16    8.28729e-15    
186    8.21565e-15    -3.05311e-16    1.21569e-14    -1.45717e-16    5.66849e-15    -1.36779e-16    -1.9762e-14    5.45005e-15    -9.53664e-16    9.04661e-16    
187    -6.1393e-15    -2.53215e-15    1.06646e-14    4.4361e-15    -4.77687e-20    8.24796e-18    5.4871e-14    1.40008e-21    2.68964e-16    -8.06808e-22    
#Execution time: 25657.4 s
