#Fermion code
#Is hermitian: 1
1   1 100
2   2 100
3   3 100
4   4 100
5   5 100
6   6 100
7   7 100
8   8 100
9   9 100
10   10 100
11   11 100
12   12 100

13   1 110
14   2 110
15   3 110
16   4 110
17   5 110
18   6 110
19   7 110
20   8 110
21   9 110
22   10 110
23   11 110
24   12 110

25   1 210
26   2 210
27   3 210
28   4 210
29   5 210
30   6 210
31   7 210
32   8 210
33   9 210
34   10 210
35   11 210
36   12 210

37   1 120
38   2 120
39   3 120
40   4 120
41   5 120
42   6 120
43   7 120
44   8 120
45   9 120
46   10 120
47   11 120
48   12 120

49   1 101
50   2 101
51   3 101
52   4 101
53   5 101
54   6 101
55   7 101
56   8 101
57   9 101
58   10 101
59   11 101
60   12 101

61   1 201
62   2 201
63   3 201
64   4 201
65   5 201
66   6 201
67   7 201
68   8 201
69   9 201
70   10 201
71   11 201
72   12 201

73   1 111
74   2 111
75   3 111
76   4 111
77   5 111
78   6 111
79   7 111
80   8 111
81   9 111
82   10 111
83   11 111
84   12 111

85   1 211
86   2 211
87   3 211
88   4 211
89   5 211
90   6 211
91   7 211
92   8 211
93   9 211
94   10 211
95   11 211
96   12 211

97   1 311
98   2 311
99   3 311
100   4 311
101   5 311
102   6 311
103   7 311
104   8 311
105   9 311
106   10 311
107   11 311
108   12 311

109   1 121
110   2 121
111   3 121
112   4 121
113   5 121
114   6 121
115   7 121
116   8 121
117   9 121
118   10 121
119   11 121
120   12 121

121   1 221
122   2 221
123   3 221
124   4 221
125   5 221
126   6 221
127   7 221
128   8 221
129   9 221
130   10 221
131   11 221
132   12 221

133   1 131
134   2 131
135   3 131
136   4 131
137   5 131
138   6 131
139   7 131
140   8 131
141   9 131
142   10 131
143   11 131
144   12 131

145   1 331
146   2 331
147   3 331
148   4 331
149   5 331
150   6 331
151   7 331
152   8 331
153   9 331
154   10 331
155   11 331
156   12 331

157   1 102
158   2 102
159   3 102
160   4 102
161   5 102
162   6 102
163   7 102
164   8 102
165   9 102
166   10 102
167   11 102
168   12 102

169   1 112
170   2 112
171   3 112
172   4 112
173   5 112
174   6 112
175   7 112
176   8 112
177   9 112
178   10 112
179   11 112
180   12 112

181   1 212
182   2 212
183   3 212
184   4 212
185   5 212
186   6 212
187   7 212
188   8 212
189   9 212
190   10 212
191   11 212
192   12 212

193   1 122
194   2 122
195   3 122
196   4 122
197   5 122
198   6 122
199   7 122
200   8 122
201   9 122
202   10 122
203   11 122
204   12 122

#204 operators generated.
#Correlation matrix eigenvalues: 
  -2.8813e-17
  -2.7991e-17
  -2.3620e-17
  -2.0157e-17
  -1.6328e-17
  -1.4038e-17
  -1.3042e-17
  -1.0827e-17
  -1.0252e-17
  -9.7668e-18
  -9.5732e-18
  -9.2680e-18
  -8.2316e-18
  -8.1508e-18
  -6.1405e-18
  -5.6193e-18
  -5.5301e-18
  -4.9980e-18
  -4.1518e-18
  -3.6451e-18
  -3.4999e-18
  -2.9230e-18
  -2.3666e-18
  -2.3057e-18
  -2.1384e-18
  -1.5189e-18
  -1.1400e-18
  -9.9230e-19
  -9.3690e-19
  -8.8073e-19
  -7.2179e-19
  -3.7084e-19
  -8.4489e-20
  -7.0635e-20
  -5.7860e-20
  -5.5571e-20
  -5.3793e-20
  -5.2839e-20
  -4.6415e-20
  -4.1399e-20
  -3.9787e-20
  -3.8504e-20
  -3.7221e-20
  -3.6142e-20
  -3.4590e-20
  -3.2020e-20
  -2.9436e-20
  -2.7807e-20
  -2.7762e-20
  -2.4731e-20
  -2.1473e-20
  -2.1379e-20
  -1.9743e-20
  -1.7932e-20
  -1.5672e-20
  -1.4594e-20
  -1.1741e-20
  -1.1348e-20
  -1.1259e-20
  -1.0777e-20
  -6.7392e-21
  -6.5359e-21
  -3.9047e-21
  -2.9832e-21
  -1.1026e-21
  -1.0471e-27
   2.1787e-29
   2.6063e-29
   3.7038e-29
   4.9379e-29
   5.4817e-29
   8.5431e-29
   1.1012e-28
   1.1147e-28
   1.1734e-28
   1.3094e-28
   1.5860e-28
   1.6317e-28
   1.7189e-28
   1.9878e-28
   2.1249e-28
   2.4040e-28
   2.4833e-28
   2.4980e-28
   2.5247e-28
   2.6572e-28
   2.6754e-28
   2.7806e-28
   3.8911e-28
   4.0062e-28
   4.2162e-28
   4.3303e-28
   4.6915e-28
   4.9963e-28
   5.5774e-28
   6.0612e-28
   6.5030e-28
   6.5231e-28
   6.7714e-28
   7.7926e-28
   8.4760e-28
   9.9588e-28
   9.9998e-28
   1.0756e-27
   1.1758e-27
   1.1829e-27
   1.2344e-27
   1.2541e-27
   1.2838e-27
   1.3853e-27
   1.4514e-27
   2.0843e-27
   2.5425e-27
   2.5736e-27
   3.8216e-27
   4.3545e-27
   4.4395e-27
   5.2503e-27
   5.2764e-27
   5.6292e-27
   8.9751e-27
   9.0450e-27
   1.0104e-26
   1.1172e-26
   1.6416e-26
   1.6677e-26
   2.6227e-26
   2.7754e-26
   3.2171e-26
   3.6537e-26
   4.1249e-26
   4.2982e-26
   4.8147e-26
   8.8748e-26
   1.6271e-25
   1.7171e-25
   3.0603e-25
   1.6780e-22
   5.8557e-22
   9.3523e-22
   2.3328e-21
   2.7353e-21
   4.5168e-21
   6.7950e-21
   1.2033e-20
   1.2500e-20
   1.3581e-20
   1.8054e-20
   2.1850e-20
   2.2738e-20
   2.4817e-20
   2.6456e-20
   2.7740e-20
   3.3478e-20
   3.5538e-20
   4.0870e-20
   4.3260e-20
   4.4483e-20
   4.7448e-20
   5.4002e-20
   6.8906e-20
   1.3753e-19
   5.3460e-19
   6.4759e-19
   8.7793e-19
   1.3573e-18
   2.2606e-18
   2.4311e-18
   2.4466e-18
   2.5945e-18
   2.7675e-18
   3.4243e-18
   4.5099e-18
   4.9722e-18
   5.2726e-18
   6.1572e-18
   6.3581e-18
   6.7234e-18
   8.7284e-18
   9.9389e-18
   1.0002e-17
   1.1272e-17
   1.6269e-17
   2.0997e-17
   2.2059e-17
   2.6124e-17
   3.0413e-17
   6.5104e-04
   6.5104e-04
   1.3021e-03
   1.3021e-03
   1.3780e-03
   3.3793e-03
   3.3793e-03
   4.6917e-03
   4.6917e-03
   8.0574e-03
   8.0574e-03
   8.3575e-03
   8.3575e-03
   8.9022e-03
   2.2849e-02
   4.1528e-02
   1.0920e-01

#Eigenvector: 
1    1.44688e-15    -8.60374e-16    -1.44273e-15    -7.30487e-16    6.77338e-16    -4.68545e-16    -6.68514e-16    -3.78202e-15    -1.81328e-16    1.17086e-15    
2    2.3684e-15    -6.71033e-16    -3.61744e-15    1.58934e-15    -9.19593e-16    -3.4467e-17    3.37048e-15    -2.57103e-15    1.54033e-15    -6.72431e-16    
3    6.87457e-16    -1.60493e-15    -1.68793e-15    -4.21397e-16    1.2121e-15    8.34887e-16    8.85111e-16    -1.11297e-14    -9.86673e-16    1.1668e-15    
4    1.14604e-15    9.22209e-16    -2.60298e-15    -3.57514e-15    -5.48281e-16    5.00303e-16    2.20467e-15    5.54029e-15    -6.41791e-16    -2.07294e-15    
5    1.44346e-15    -1.08463e-15    -4.65629e-15    -5.84251e-16    2.15162e-16    -2.80242e-16    5.978e-15    -6.62512e-15    1.69554e-15    8.84357e-16    
6    6.1891e-16    3.01381e-15    -2.14205e-15    3.27893e-15    6.43788e-16    -2.57644e-17    -3.85088e-15    1.13098e-15    -3.31834e-16    -1.9936e-16    
7    1.09783e-15    -1.58793e-15    -8.94035e-16    3.97262e-15    -5.0604e-16    -1.94488e-15    7.32866e-16    -3.65504e-15    6.52803e-16    -2.70147e-16    
8    2.5601e-15    -8.46729e-16    -4.14794e-15    -7.06611e-16    7.01424e-16    9.12452e-16    4.07646e-15    -3.15326e-15    -1.24818e-15    6.96314e-16    
9    2.83804e-17    -1.25738e-15    -3.01321e-15    -5.93004e-15    1.83581e-15    -1.61095e-15    -4.64805e-17    -1.10027e-14    -3.04971e-16    -1.16212e-16    
10    1.18522e-15    8.50626e-16    -2.81367e-15    -2.12013e-16    8.40295e-17    -2.80824e-16    2.32343e-15    5.32203e-15    7.68161e-16    1.08523e-15    
11    1.52789e-15    -8.39891e-16    -4.1576e-15    3.97548e-15    -8.77236e-16    -2.48036e-16    7.00832e-15    -6.84104e-15    -1.61048e-15    -2.81391e-16    
12    6.39514e-16    2.87919e-15    -2.11813e-15    3.15738e-16    -1.01833e-15    -1.16281e-15    -4.28421e-15    5.33069e-16    6.84959e-16    4.09289e-16    
13    -0.236442    -1.40988e-14    -0.165615    0.288675    0.0944398    -0.367774    0.315932    0.239256    0.00665576    -0.14982    
14    -0.236442    -6.72821e-15    -0.165615    -0.288675    0.365721    -0.1021    0.0492353    -0.393233    -0.12642    -0.0806738    
15    -0.236442    1.9977e-15    -0.165615    0.288675    0.271282    0.265674    -0.365168    0.153978    -0.133075    0.0691457    
16    -0.236442    1.32912e-14    -0.165615    -0.288675    -0.0944398    0.367774    0.315932    0.239256    -0.00665576    0.14982    
17    -0.236442    4.10325e-15    -0.165615    0.288675    -0.365721    0.1021    0.0492353    -0.393233    0.12642    0.0806738    
18    -0.236442    -4.98417e-15    -0.165615    -0.288675    -0.271282    -0.265674    -0.365168    0.153978    0.133075    -0.0691457    
19    -0.236442    -1.34284e-14    -0.165615    0.288675    0.0944398    -0.367774    0.315932    0.239256    0.00665576    -0.14982    
20    -0.236442    -9.94273e-15    -0.165615    -0.288675    0.365721    -0.1021    0.0492353    -0.393233    -0.12642    -0.0806738    
21    -0.236442    1.93702e-15    -0.165615    0.288675    0.271282    0.265674    -0.365168    0.153978    -0.133075    0.0691457    
22    -0.236442    1.04539e-14    -0.165615    -0.288675    -0.0944398    0.367774    0.315932    0.239256    -0.00665576    0.14982    
23    -0.236442    6.18952e-15    -0.165615    0.288675    -0.365721    0.1021    0.0492353    -0.393233    0.12642    0.0806738    
24    -0.236442    -7.19813e-15    -0.165615    -0.288675    -0.271282    -0.265674    -0.365168    0.153978    0.133075    -0.0691457    
25    -1.4535e-15    -1.38491e-15    3.19845e-15    -2.43468e-15    -8.62552e-15    -2.58482e-15    1.24083e-14    1.52841e-14    5.49962e-17    -1.22701e-15    
26    -5.6408e-15    -5.16474e-15    7.3452e-15    4.90493e-16    3.69712e-15    3.92183e-16    -7.84692e-15    -5.82786e-16    -4.43696e-15    3.08104e-15    
27    2.126e-16    -3.65507e-15    4.89675e-15    6.35559e-15    -2.28598e-15    -2.75558e-15    6.04018e-15    1.9309e-14    1.51769e-15    -1.34748e-16    
28    -2.56864e-15    -7.05365e-15    5.66564e-15    2.2443e-15    -5.18784e-16    1.67481e-15    2.78484e-16    -4.5075e-15    1.74429e-15    4.94231e-15    
29    6.06354e-16    -2.11273e-15    1.36686e-15    -3.46294e-15    -5.19125e-15    2.47443e-15    7.32442e-15    1.19178e-14    -1.06753e-15    -1.45931e-15    
30    -1.66865e-15    -7.60988e-15    3.69422e-15    -2.50798e-15    -1.61658e-15    -2.88857e-15    -1.0851e-15    2.27405e-15    2.70717e-15    1.63075e-15    
31    -2.73888e-16    -1.50026e-15    4.48283e-15    -3.40396e-15    -5.36499e-15    -1.56727e-15    1.10506e-14    1.45346e-14    -9.19783e-16    -1.83168e-15    
32    -5.78259e-15    -4.21299e-15    8.19501e-15    -1.10198e-15    1.49643e-15    -6.1664e-18    -7.72999e-15    -1.27399e-15    3.16663e-15    -3.36326e-15    
33    2.97262e-16    -3.15116e-15    4.54076e-15    8.16578e-15    -2.3336e-16    -1.65799e-15    7.64154e-15    1.93448e-14    4.38506e-16    4.62538e-16    
34    -2.84248e-15    -8.45412e-15    5.97756e-15    1.2091e-15    1.65276e-15    1.23419e-15    -3.8757e-18    -1.69137e-15    -6.76434e-16    -4.2395e-15    
35    8.64978e-16    -2.71186e-15    2.17432e-15    -4.64559e-15    -3.89966e-15    7.74967e-16    7.7731e-15    1.347e-14    -1.0637e-15    2.39307e-16    
36    -1.8493e-15    -7.89968e-15    4.04492e-15    -1.2039e-15    3.95624e-15    -2.92202e-15    4.23227e-17    1.59633e-15    -3.11686e-15    -4.11525e-16    
37    -2.98391e-15    4.3729e-15    5.20949e-15    -1.86526e-15    -7.61916e-16    4.88285e-15    1.3164e-15    1.62942e-15    -5.91486e-16    7.87637e-16    
38    -1.97453e-15    5.35648e-15    1.81329e-15    4.2414e-15    5.56211e-15    1.97632e-15    -1.26656e-14    8.68416e-15    1.88087e-15    -2.61082e-15    
39    1.42324e-17    4.74518e-15    2.54685e-15    2.7452e-15    -1.34192e-15    -1.18578e-15    -1.03866e-15    -4.04872e-15    3.10448e-15    1.38174e-15    
40    -3.63265e-15    7.95283e-15    5.30708e-15    -4.7436e-15    5.13384e-17    1.85546e-15    -1.71615e-14    9.17243e-15    -2.67055e-15    -3.19368e-15    
41    -2.46053e-16    7.00423e-16    1.89432e-15    -1.81322e-15    2.58492e-16    -2.42951e-15    2.39981e-15    -6.23293e-15    -1.95536e-16    -1.20012e-15    
42    -4.67947e-15    6.39667e-15    7.54471e-15    -1.99103e-15    5.51761e-15    1.08847e-15    -1.81056e-14    4.54289e-15    -2.6522e-15    4.3937e-16    
43    -3.44548e-15    4.12002e-15    6.38341e-15    -1.52569e-15    -6.12378e-16    1.50959e-15    7.72091e-16    1.09484e-15    -2.63298e-16    -2.46191e-15    
44    -1.53608e-15    6.05524e-15    1.73083e-15    6.51302e-15    3.25351e-15    7.3111e-15    -1.20624e-14    9.00031e-15    3.87684e-16    2.47951e-15    
45    -2.16038e-16    4.22418e-15    2.98059e-15    2.46374e-15    -2.68557e-15    -9.6677e-16    -2.53524e-15    -2.25903e-15    -2.35662e-15    4.72894e-16    
46    -2.82771e-15    6.54637e-15    7.01312e-15    -5.00034e-15    -1.31635e-15    4.54069e-15    -1.87445e-14    9.281e-15    2.58905e-15    2.12002e-16    
47    -1.12731e-16    2.46846e-15    1.87223e-15    -1.35308e-15    -2.66419e-16    1.19296e-15    3.22039e-15    -7.56551e-15    -1.67721e-15    1.92094e-15    
48    -5.63702e-15    5.45208e-15    6.77274e-15    -5.55545e-16    4.18125e-15    3.70797e-16    -1.80406e-14    3.59202e-15    3.98019e-15    -1.65351e-15    
49    2.06219e-15    -2.01175e-15    2.18164e-14    -1.81102e-17    2.4527e-15    -3.49867e-15    -1.77816e-14    2.31102e-14    5.52939e-16    6.58151e-15    
50    -2.65584e-15    1.17473e-15    -2.05314e-14    2.75714e-15    -7.69935e-15    1.02133e-15    -2.30574e-14    -1.7495e-14    -6.33034e-15    -8.28533e-16    
51    2.22012e-15    -2.05615e-15    5.30276e-15    -1.11025e-15    1.7858e-15    1.92489e-15    1.52852e-14    -2.00318e-14    2.34433e-15    -4.27623e-15    
52    -2.49729e-15    8.37408e-16    -5.1357e-15    4.76784e-17    3.7847e-15    1.96721e-15    2.23483e-14    1.03993e-14    3.38398e-15    -6.32517e-17    
53    1.67757e-15    2.18533e-15    1.19289e-14    -1.03519e-15    1.34467e-15    -5.06876e-15    -1.26848e-14    2.85523e-14    1.89473e-15    5.16446e-15    
54    -8.12428e-16    -3.21183e-15    3.87999e-15    -1.46726e-15    -3.94207e-15    -1.64392e-17    -2.83709e-14    -1.65539e-14    -6.52295e-15    -2.6015e-16    
55    -9.15076e-16    3.57783e-15    -1.91664e-14    3.72796e-15    -1.03986e-15    5.51807e-15    1.65453e-14    -2.73731e-14    1.7613e-15    -5.77902e-15    
56    1.3746e-15    -3.72317e-15    9.76925e-15    -4.30888e-16    4.85405e-15    -2.42849e-16    2.43929e-14    1.79613e-14    3.47933e-15    3.31996e-16    
57    2.3882e-16    3.55106e-15    4.31051e-16    -2.0829e-16    3.07536e-16    -3.57134e-15    -1.79351e-14    2.31724e-14    1.52945e-15    6.17428e-15    
58    6.05994e-16    -2.42838e-15    4.77603e-15    -1.07437e-15    -7.02012e-15    -1.99743e-15    -2.1506e-14    -1.66766e-14    -8.15533e-15    -8.24582e-16    
59    -1.50806e-15    -4.02594e-16    -5.46224e-15    -1.51733e-15    2.10116e-15    5.60412e-15    1.27412e-14    -2.15644e-14    3.66773e-15    -4.67232e-15    
60    -2.84524e-16    1.77656e-15    -8.74885e-15    1.85206e-16    2.79332e-15    -8.5621e-16    2.48981e-14    1.40432e-14    2.46059e-15    -5.61729e-16    
61    1.16371e-16    -9.09931e-16    -2.85481e-15    -9.21159e-16    6.60432e-15    4.73309e-15    3.33096e-15    2.47657e-16    1.89783e-16    1.02692e-15    
62    1.25104e-15    -2.02657e-16    -1.06109e-15    1.2222e-15    1.01585e-14    -2.51359e-16    -2.05971e-15    -6.9889e-15    8.24068e-16    3.82704e-15    
63    9.96017e-16    6.53364e-15    -2.18506e-15    8.13384e-16    -6.87325e-15    2.20519e-15    -9.97875e-16    3.53734e-15    1.04988e-15    -2.21707e-16    
64    5.97147e-16    1.24393e-15    -1.70532e-15    -2.30738e-15    -1.23844e-14    9.46241e-15    -1.29705e-15    -5.00408e-16    2.08192e-15    1.91362e-15    
65    7.15577e-16    -3.20224e-15    -4.03936e-15    1.01659e-15    2.86972e-15    -8.61105e-15    -1.42927e-15    -2.33072e-15    1.41791e-15    -1.68487e-16    
66    -1.01328e-15    8.78251e-16    2.44684e-15    3.41887e-16    -1.15477e-14    -1.47291e-14    -6.5563e-15    -4.50961e-15    3.51359e-15    2.60188e-16    
67    2.46542e-16    -3.37633e-16    -2.96273e-15    5.7261e-17    6.56722e-15    4.18816e-15    4.53525e-15    -5.61017e-16    -3.91075e-16    8.11797e-18    
68    1.05874e-15    -3.06842e-16    -1.72829e-15    3.8121e-15    1.06348e-14    -3.68685e-15    -5.124e-16    -8.0045e-15    4.46622e-16    -3.45385e-15    
69    1.05714e-15    5.15997e-15    -1.9854e-15    -1.69342e-15    -6.13152e-15    2.37551e-15    -1.51004e-15    2.65194e-15    -2.00444e-15    -1.86224e-15    
70    1.14266e-15    1.15576e-15    -7.59873e-16    -6.06997e-15    -8.40317e-15    8.2837e-15    -1.88931e-16    -1.10827e-15    -2.57959e-15    -9.1791e-16    
71    1.25193e-15    -3.75864e-15    -4.18086e-15    4.50734e-16    4.35669e-15    -8.1554e-15    -1.23207e-15    -2.33466e-15    -3.61212e-17    6.7992e-16    
72    -7.21078e-16    6.23351e-16    2.74801e-15    4.46686e-15    -1.06538e-14    -1.25612e-14    -5.52724e-15    -3.57204e-15    -4.67262e-15    1.38197e-15    
73    -5.22928e-15    -1.09581e-14    1.16849e-14    1.4658e-16    1.72963e-14    1.37069e-14    -9.77244e-15    -2.35057e-14    1.82881e-15    -9.87388e-16    
74    -1.3792e-15    -3.48168e-15    3.92675e-15    4.90854e-15    2.40964e-15    4.07483e-15    -4.52684e-15    -1.58343e-15    -9.4676e-16    -6.11371e-16    
75    1.4317e-15    -1.01358e-14    5.08148e-15    6.32501e-15    2.11836e-14    1.48808e-14    -1.16075e-14    -2.18292e-14    6.98245e-16    -1.27243e-15    
76    -9.85477e-16    -3.92914e-15    3.5946e-15    2.7902e-15    -1.99423e-15    8.63249e-15    -2.32753e-15    -4.74614e-15    -6.10504e-16    4.33297e-17    
77    -8.89755e-15    -9.17085e-15    1.46025e-14    -6.99655e-15    1.7676e-14    1.65765e-14    -1.15406e-14    -2.448e-14    1.50144e-16    -1.01493e-15    
78    -2.9406e-15    -5.20099e-15    4.74418e-15    -7.8117e-15    -4.60702e-15    4.2559e-15    -2.27499e-15    -8.67529e-17    -5.10749e-16    4.54365e-16    
79    -6.44955e-15    -1.06729e-14    1.34801e-14    -3.66032e-16    1.77392e-14    1.35754e-14    -1.06158e-14    -2.42451e-14    -1.17476e-16    -1.07975e-15    
80    4.31688e-16    -4.69852e-15    2.57354e-15    7.22824e-15    2.49801e-15    4.81191e-15    -4.31507e-15    -9.98033e-16    2.50595e-15    2.92287e-16    
81    -3.68465e-16    -1.26004e-14    5.78683e-15    7.36106e-15    2.16871e-14    1.42527e-14    -9.29396e-15    -2.05179e-14    -8.0799e-17    1.75275e-16    
82    -8.82194e-16    -2.1467e-15    2.258e-15    3.14019e-15    -1.58022e-15    8.07469e-15    -4.50159e-15    -1.9504e-15    1.15414e-15    -1.8361e-15    
83    -7.82564e-15    -1.138e-14    1.67082e-14    -5.52547e-15    1.70393e-14    1.66084e-14    -1.33454e-14    -2.21124e-14    1.49496e-16    5.70425e-16    
84    -4.34348e-15    -3.06545e-15    7.70515e-15    -9.41985e-15    -3.33933e-15    2.26473e-15    -2.52092e-15    -2.88477e-15    -1.61776e-15    -1.35198e-15    
85    3.38546e-15    0.204124    1.72596e-14    -3.51954e-15    8.40076e-15    -5.27144e-15    3.69402e-14    2.62617e-14    8.80245e-15    -3.23009e-15    
86    -8.57942e-17    0.204124    1.11478e-14    -1.14397e-15    5.82277e-15    -1.14837e-14    -2.32779e-14    3.33663e-14    3.01526e-15    4.37113e-15    
87    -7.01028e-16    0.204124    -1.07563e-14    3.66498e-15    -7.55371e-15    -4.39575e-15    -3.70321e-14    -2.21973e-14    -9.13026e-15    -4.67266e-15    
88    -4.81386e-17    0.204124    -2.06751e-14    7.21265e-16    2.99334e-15    3.00451e-16    2.06924e-14    -3.7489e-14    3.86518e-15    -1.16143e-14    
89    -1.71417e-15    0.204124    -7.37124e-15    1.43819e-15    7.77463e-15    -3.3986e-15    3.90103e-14    2.23311e-14    6.54172e-15    -4.77516e-15    
90    5.14726e-15    0.204124    2.83389e-14    2.05882e-15    3.86589e-15    -1.23538e-14    -2.15524e-14    4.3941e-14    2.5105e-15    5.75333e-15    
91    3.43044e-17    0.204124    -3.02924e-15    -3.26995e-15    -4.27994e-15    -5.07145e-15    -3.73742e-14    -2.19014e-14    -7.78975e-15    -3.62361e-15    
92    -2.50306e-15    0.204124    -3.91499e-15    1.16904e-16    9.23754e-16    2.53267e-15    2.31841e-14    -4.03583e-14    2.51135e-15    -1.18901e-14    
93    -2.30045e-15    0.204124    -1.25838e-14    5.0188e-15    1.00555e-14    -3.39318e-15    3.87611e-14    2.02875e-14    8.90814e-15    -3.55572e-15    
94    -1.30143e-15    0.204124    -1.47233e-15    8.5652e-16    4.4682e-15    -1.09904e-14    -2.11106e-14    3.62237e-14    2.76858e-15    4.63433e-15    
95    -2.14956e-15    0.204124    1.26575e-15    -4.26444e-16    -5.5839e-15    -7.43103e-15    -3.71756e-14    -2.23175e-14    -1.00884e-14    -3.92528e-15    
96    4.39602e-17    0.204124    -1.46237e-14    3.8519e-16    3.47549e-15    3.98764e-15    2.25778e-14    -3.56492e-14    3.24993e-15    -1.09589e-14    
97    -4.67395e-15    8.62449e-15    1.45692e-14    3.21661e-15    -2.9498e-15    -3.88432e-15    -1.37918e-14    2.7781e-14    -3.8696e-15    -4.5117e-16    
98    -3.56179e-15    2.18487e-16    5.21218e-15    3.9092e-15    3.38299e-15    3.43138e-15    -1.20598e-15    -6.7188e-15    4.18909e-15    -1.18272e-16    
99    -5.45171e-15    6.7878e-15    1.64949e-14    -4.77786e-15    1.37851e-14    2.52593e-15    -1.65085e-14    2.30664e-14    -1.85336e-15    2.63395e-15    
100    -5.59391e-15    -1.15807e-15    6.06765e-15    9.2721e-16    -7.29871e-15    1.3977e-15    9.90479e-16    -3.41938e-15    1.33845e-15    -2.13103e-15    
101    -2.13027e-16    8.80205e-15    7.83998e-15    1.7473e-15    -1.75718e-15    1.67481e-14    -1.42687e-14    2.14636e-14    1.21637e-15    1.62342e-15    
102    -7.07271e-15    -1.73127e-15    8.83752e-15    -1.94636e-15    -1.77008e-15    -7.26711e-15    -4.68799e-15    -1.6369e-15    -2.49591e-15    -2.19678e-15    
103    -4.26993e-15    9.64797e-15    1.38659e-14    2.24213e-15    -5.71732e-15    -2.79816e-15    -1.35795e-14    2.85194e-14    2.23175e-15    2.42925e-16    
104    -3.82509e-15    -1.50205e-15    5.44013e-15    -1.4086e-15    5.2485e-15    3.624e-15    -1.12199e-15    -6.56062e-15    -4.06373e-15    9.83136e-16    
105    -4.54481e-15    5.44645e-15    1.81559e-14    -5.46698e-15    1.37191e-14    8.22774e-17    -1.82948e-14    2.42656e-14    3.48381e-16    -1.00549e-15    
106    -5.87604e-15    3.2803e-16    6.29408e-15    -1.04083e-15    -7.54383e-15    4.15766e-15    1.71989e-15    -4.45222e-15    -5.74004e-16    3.28679e-15    
107    -8.38499e-16    8.06871e-15    7.28992e-15    3.15459e-15    4.20473e-16    1.49459e-14    -1.45117e-14    2.13743e-14    -3.28044e-15    -4.02856e-15    
108    -6.56568e-15    -2.15335e-15    7.81191e-15    -2.24517e-15    -2.63751e-15    -7.30081e-15    -4.41469e-15    -9.75917e-16    2.05695e-15    3.26286e-15    
109    0.165615    -6.06219e-15    -0.236442    -1.55566e-14    -0.10493    0.107144    -0.0903291    0.0380884    -0.175072    -0.336937    
110    0.165615    6.94782e-16    -0.236442    8.80654e-15    -0.145255    -0.0372997    0.0781501    0.0591831    -0.379332    -0.0168519    
111    0.165615    6.5277e-17    -0.236442    4.01588e-15    -0.0403249    -0.144444    0.012179    -0.0972715    -0.20426    0.320085    
112    0.165615    5.89041e-17    -0.236442    -1.69325e-14    0.10493    -0.107144    -0.0903291    0.0380884    0.175072    0.336937    
113    0.165615    -4.52536e-15    -0.236442    4.05015e-15    0.145255    0.0372997    0.0781501    0.0591831    0.379332    0.0168519    
114    0.165615    -8.29698e-15    -0.236442    4.24563e-15    0.0403249    0.144444    0.012179    -0.0972715    0.20426    -0.320085    
115    0.165615    -6.38987e-16    -0.236442    -7.888e-15    -0.10493    0.107144    -0.0903291    0.0380884    -0.175072    -0.336937    
116    0.165615    4.90753e-15    -0.236442    6.57655e-15    -0.145255    -0.0372997    0.0781501    0.0591831    -0.379332    -0.0168519    
117    0.165615    3.34447e-15    -0.236442    1.9327e-15    -0.0403249    -0.144444    0.012179    -0.0972715    -0.20426    0.320085    
118    0.165615    -1.06685e-15    -0.236442    -1.63579e-14    0.10493    -0.107144    -0.0903291    0.0380884    0.175072    0.336937    
119    0.165615    -3.67751e-15    -0.236442    5.75928e-15    0.145255    0.0372997    0.0781501    0.0591831    0.379332    0.0168519    
120    0.165615    -2.23114e-15    -0.236442    5.85263e-15    0.0403249    0.144444    0.012179    -0.0972715    0.20426    -0.320085    
121    6.84261e-15    -7.34287e-15    -1.57702e-14    -2.65944e-15    1.47477e-14    2.91531e-15    1.6012e-14    -2.28833e-14    2.97762e-15    -2.76366e-15    
122    4.54603e-15    5.6525e-15    -4.98788e-15    5.50775e-16    -1.10347e-14    -7.65284e-16    -2.65687e-15    7.00816e-15    -2.45291e-16    2.80161e-15    
123    2.38239e-15    -6.50052e-15    -1.31798e-14    1.60508e-15    -1.6454e-14    -6.095e-16    1.3833e-14    -1.5462e-14    -1.09137e-16    -3.5341e-15    
124    5.10162e-15    -5.04009e-15    -5.01695e-15    -3.74917e-15    9.56396e-15    -4.68836e-15    1.70768e-15    -9.52424e-16    3.14616e-15    1.8457e-15    
125    -1.53692e-15    -9.99651e-15    -3.24014e-15    3.8706e-16    4.17413e-15    -2.77534e-14    8.56014e-15    -2.10111e-14    -3.75892e-15    -4.07166e-15    
126    6.34622e-15    3.62423e-15    -6.30675e-15    1.00766e-15    1.21626e-15    1.06098e-14    6.96306e-15    4.80997e-15    9.03818e-16    -1.31732e-15    
127    5.76167e-15    -5.72306e-15    -1.64433e-14    -2.25942e-15    1.83837e-14    6.25921e-15    1.59409e-14    -2.48061e-14    -4.07082e-15    2.95147e-16    
128    4.71003e-15    4.67788e-15    -5.0019e-15    2.94057e-15    -1.025e-14    -1.60539e-15    -2.5067e-15    7.8662e-15    1.12275e-15    -1.2599e-15    
129    2.9964e-15    -4.55707e-15    -1.26649e-14    -1.53286e-15    -1.59816e-14    1.65315e-15    1.59749e-14    -1.60216e-14    -3.05974e-15    4.31374e-15    
130    5.43745e-15    -7.01505e-15    -4.03181e-15    -1.61785e-15    1.12476e-14    -4.79949e-15    -3.03456e-16    -7.32385e-16    8.46186e-16    -4.11899e-16    
131    -7.27316e-16    -8.91148e-15    -3.05207e-15    3.14213e-15    2.29099e-15    -2.70127e-14    9.44608e-15    -2.17092e-14    2.02753e-16    2.10472e-15    
132    5.48558e-15    2.99502e-15    -6.56987e-15    1.27459e-15    3.82442e-15    1.24155e-14    5.53399e-15    5.69063e-15    -8.42398e-16    2.12338e-15    
133    1.47231e-15    1.8061e-15    -8.90672e-15    1.74835e-16    4.65752e-15    6.53288e-15    -9.07973e-15    -1.46209e-14    2.81677e-15    1.54681e-15    
134    2.21477e-15    4.65252e-15    1.48726e-16    -8.00427e-16    -4.10574e-15    -3.79391e-15    7.77869e-17    1.11874e-14    -8.43186e-16    -2.73887e-16    
135    -1.24506e-16    6.38412e-15    -6.2832e-15    -1.98482e-16    -1.70004e-14    -6.29331e-17    -8.44357e-17    3.42483e-15    1.57055e-15    -1.87168e-15    
136    1.15074e-15    3.71708e-15    5.73399e-16    -1.04723e-15    7.59269e-15    -5.19638e-15    -9.25116e-15    -9.1957e-15    7.25598e-16    -6.71354e-16    
137    -9.10286e-15    2.13948e-15    8.88827e-15    -7.04925e-16    -1.60938e-15    -1.43816e-14    -1.90988e-14    2.50659e-15    4.0399e-17    8.84146e-16    
138    2.20427e-15    -2.57753e-15    6.87766e-16    -2.14865e-16    3.17291e-15    5.69189e-15    1.29156e-14    -6.22191e-15    -1.38336e-16    1.11472e-15    
139    1.01891e-15    1.8551e-15    -9.43262e-15    1.27617e-15    4.25847e-15    5.0343e-15    -8.40693e-15    -1.48333e-14    5.96591e-17    -5.1123e-16    
140    2.02905e-15    4.79079e-15    5.60234e-16    2.42177e-15    -5.55132e-15    -4.10487e-15    -9.4402e-16    1.18193e-14    7.22551e-16    -2.06223e-15    
141    -4.22057e-17    5.60182e-15    -6.01503e-15    2.60176e-17    -1.61691e-14    3.0924e-15    8.04521e-16    2.08415e-15    -2.21423e-17    -1.17967e-15    
142    2.18035e-15    3.60669e-15    4.14472e-16    -1.2694e-15    7.06622e-15    -5.39359e-15    -8.6803e-15    -9.41515e-15    -1.13709e-15    -7.09913e-16    
143    -9.13046e-15    2.17658e-15    9.10592e-15    -8.74845e-16    -2.07139e-15    -1.24088e-14    -1.93279e-14    1.52191e-15    2.16533e-15    2.73774e-15    
144    2.05314e-15    -1.77291e-15    1.85685e-16    2.79688e-16    1.88025e-15    8.99918e-15    1.18122e-14    -5.04482e-15    -8.80315e-16    -1.72989e-15    
145    -5.00536e-15    1.39386e-15    2.38379e-15    -5.9514e-15    3.39032e-15    8.12719e-15    -1.09366e-15    2.46192e-14    1.54943e-15    1.94431e-15    
146    -5.3678e-15    -5.27004e-15    1.63957e-14    -4.9136e-16    -5.30952e-15    -3.79032e-15    -6.69157e-15    -4.26403e-16    -1.32078e-15    1.94163e-17    
147    -2.73323e-15    4.27657e-15    1.59215e-15    7.31967e-15    -1.66884e-14    5.02757e-15    -8.51237e-16    3.16379e-14    1.21439e-15    2.49066e-16    
148    -4.57496e-15    -9.51464e-15    1.29008e-14    -6.54858e-16    6.06286e-15    -6.40777e-15    -4.57084e-15    -6.19585e-15    1.0835e-15    5.69028e-16    
149    -7.07489e-15    3.35946e-15    1.00657e-14    -1.38908e-15    -5.04931e-15    -1.07049e-14    -3.78283e-15    2.83049e-14    1.295e-15    -9.94912e-16    
150    -3.46902e-15    -7.33425e-15    1.12608e-14    -9.44557e-16    1.1483e-15    4.43765e-15    -1.45802e-15    -3.54392e-15    4.35632e-16    1.86333e-16    
151    -3.93493e-15    2.3372e-15    2.71912e-15    -2.23302e-15    4.33253e-15    7.01431e-15    -5.17813e-16    2.48539e-14    1.2039e-15    -8.79101e-16    
152    -6.37624e-15    -4.49423e-15    1.6866e-14    1.28673e-15    -5.19199e-15    -2.46415e-15    -7.19681e-15    -7.55309e-16    1.26076e-15    -1.65893e-15    
153    -2.24108e-15    4.25001e-15    1.53374e-15    5.4531e-15    -1.49857e-14    6.17064e-15    3.98701e-16    3.19226e-14    -2.83031e-16    -7.02535e-16    
154    -4.05206e-15    -1.09008e-14    1.3585e-14    4.35849e-16    6.65868e-15    -6.58992e-15    -3.86426e-15    -3.67069e-15    -1.17774e-15    -1.52565e-15    
155    -6.67729e-15    2.52897e-15    1.06917e-14    -2.74216e-15    -4.5628e-15    -9.92992e-15    -2.86958e-15    2.81357e-14    -4.60406e-16    2.37698e-15    
156    -3.00188e-15    -5.81149e-15    1.19025e-14    -2.26945e-15    3.7392e-15    5.93331e-15    -4.15904e-16    -3.76344e-15    -8.06863e-16    -1.6547e-15    
157    -2.89572e-16    2.62353e-15    3.23956e-15    -1.10754e-15    1.63041e-15    7.58856e-15    -1.69661e-15    -3.11374e-15    2.38051e-15    -2.52625e-15    
158    -3.25118e-16    -3.73562e-15    -1.92667e-15    3.21526e-15    1.66269e-14    6.97964e-15    1.26378e-15    -2.51362e-15    1.89212e-15    2.39715e-15    
159    -7.83359e-16    2.1995e-16    1.66696e-15    -1.40591e-15    -8.43853e-15    -1.45559e-15    3.4476e-15    2.65803e-15    -5.78988e-16    -2.23501e-15    
160    3.94993e-15    -6.62497e-16    -6.7925e-15    7.34686e-16    -7.29455e-15    1.00405e-14    6.09369e-15    -3.90087e-15    2.01399e-15    -2.39819e-15    
161    9.04236e-16    -2.21603e-15    -1.9237e-15    1.05055e-15    2.52144e-15    -5.61225e-15    -4.02883e-15    4.40977e-15    -2.9674e-15    -1.14782e-15    
162    -1.08589e-15    -1.72458e-15    9.26662e-16    -2.81561e-15    2.6941e-15    -1.24804e-14    5.57052e-15    1.22042e-15    1.5184e-15    -3.38041e-16    
163    -9.81463e-16    3.02991e-15    2.01193e-15    6.76888e-16    3.35233e-15    8.97522e-15    -1.43507e-15    -2.90928e-15    -6.23361e-16    2.36533e-15    
164    2.92424e-16    -3.93985e-15    -1.4365e-15    4.12077e-15    1.67877e-14    6.1922e-15    1.33052e-15    -2.24605e-15    -2.1057e-15    -7.009e-16    
165    -7.52786e-16    4.83364e-17    2.16522e-15    2.49195e-16    -1.05021e-14    -4.20417e-16    2.83043e-15    2.46986e-15    -3.20053e-16    3.08231e-15    
166    4.46137e-15    -2.67574e-16    -6.46298e-15    -2.80198e-15    -5.88833e-15    1.12998e-14    7.2803e-15    -5.00516e-15    -1.96741e-15    9.94098e-16    
167    1.64198e-15    -1.35761e-15    -1.33143e-15    1.29336e-16    2.4106e-15    -5.92419e-15    -3.24006e-15    3.69767e-15    3.07822e-15    5.03372e-16    
168    -1.41777e-15    -3.18239e-15    1.20321e-15    -2.04101e-15    2.49853e-15    -1.06666e-14    5.87658e-15    1.08482e-15    -8.89663e-16    2.67672e-15    
169    -2.91872e-15    -0.204124    -6.36042e-15    -5.75278e-16    -1.17922e-14    3.06176e-15    -3.39256e-14    -2.39016e-14    -8.13776e-15    1.35955e-15    
170    -2.45376e-15    -0.204124    -1.93181e-14    -9.13332e-16    -1.04145e-16    9.30535e-15    2.84828e-14    -3.52616e-14    4.34735e-16    -5.92332e-15    
171    7.73732e-16    -0.204124    1.32432e-14    -1.46267e-15    3.67699e-15    6.7929e-15    3.57321e-14    2.68549e-14    3.43063e-15    3.87997e-15    
172    1.14484e-15    -0.204124    1.04478e-14    -2.02846e-15    -1.42466e-15    -1.76333e-15    -2.32614e-14    3.75994e-14    -1.44687e-16    1.16754e-14    
173    1.35646e-15    -0.204124    9.77444e-15    8.9303e-16    -1.12955e-14    4.60481e-15    -3.62047e-14    -2.4895e-14    -1.2296e-14    3.34571e-15    
174    3.16683e-16    -0.204124    -1.7955e-14    2.55373e-15    -3.56637e-15    1.16e-14    2.67931e-14    -4.15451e-14    9.31211e-16    -3.19855e-15    
175    -2.34315e-15    -0.204124    -3.8683e-15    -5.78772e-15    4.08748e-15    3.48618e-15    4.05032e-14    2.64549e-14    5.13e-15    3.85413e-15    
176    -7.71073e-16    -0.204124    1.80632e-14    -1.9504e-15    -1.92616e-15    -3.38239e-15    -2.82684e-14    3.69977e-14    -6.36261e-16    1.22685e-14    
177    -8.55534e-17    -0.204124    -1.23806e-14    9.11136e-16    -9.2601e-15    3.58083e-15    -3.3481e-14    -2.56504e-14    -1.06215e-14    1.4793e-15    
178    9.9713e-16    -0.204124    4.1754e-15    -3.04113e-15    6.68752e-16    1.21932e-14    2.44913e-14    -3.06634e-14    1.62918e-15    -4.99428e-15    
179    2.75967e-15    -0.204124    2.5793e-15    3.35178e-15    3.29406e-15    5.19657e-15    3.52859e-14    2.51588e-14    4.46133e-15    4.12188e-15    
180    5.00319e-15    -0.204124    2.162e-14    2.50814e-15    -2.2366e-15    -2.66834e-16    -2.31891e-14    3.43654e-14    2.13517e-16    1.23444e-14    
181    -4.98556e-15    -1.11667e-14    1.26905e-14    -1.97452e-16    -9.60509e-15    -1.27328e-14    1.07052e-15    -1.01052e-14    9.83907e-16    2.20342e-16    
182    -4.6688e-15    1.012e-14    9.56216e-15    -2.92565e-15    -2.3692e-14    5.5308e-16    -1.3895e-14    2.9479e-14    -5.07614e-15    -1.37611e-15    
183    -4.95374e-15    -1.11781e-14    1.05854e-14    2.84939e-15    1.2503e-14    -2.79054e-15    -6.80398e-16    2.3448e-15    -6.19125e-16    -3.47879e-16    
184    -5.51676e-15    7.48182e-15    1.52681e-14    3.8897e-15    1.43961e-14    -1.39307e-14    -2.92589e-15    3.52297e-14    -1.16184e-15    2.35913e-15    
185    -8.50213e-15    5.08647e-15    1.62454e-14    -2.14541e-15    -5.264e-15    1.16109e-14    -1.10167e-14    -7.57446e-15    1.72894e-15    -2.06066e-15    
186    -6.89805e-15    7.49484e-15    1.17125e-14    3.96801e-16    4.87713e-15    2.76289e-14    -1.46978e-14    4.20368e-14    1.37789e-16    3.16418e-15    
187    -5.20998e-15    -1.21415e-14    1.39421e-14    -4.25645e-16    -7.90707e-15    -1.26521e-14    6.28529e-16    -1.02879e-14    -1.9898e-15    1.88756e-15    
188    -4.47262e-15    1.04635e-14    1.01439e-14    -5.04127e-15    -2.65331e-14    -6.40727e-16    -1.5133e-14    3.14267e-14    2.61252e-15    1.27682e-15    
189    -5.40997e-15    -1.06253e-14    1.09002e-14    6.35793e-16    1.34779e-14    -2.93723e-15    7.63834e-16    2.58198e-15    7.7742e-16    -6.2262e-16    
190    -6.16325e-15    6.19786e-15    1.36095e-14    5.07446e-15    1.24633e-14    -1.51478e-14    -4.66838e-15    3.59437e-14    2.26157e-15    -1.97926e-15    
191    -8.38512e-15    5.51605e-15    1.65459e-14    -2.63975e-15    -6.24083e-15    1.0409e-14    -1.02982e-14    -6.93702e-15    -5.51618e-16    -3.77852e-16    
192    -7.25727e-15    7.522e-15    1.24943e-14    -1.88703e-15    7.044e-15    2.41597e-14    -1.57002e-14    4.05068e-14    -5.40355e-16    -2.81426e-15    
193    7.96494e-16    -3.16423e-15    2.54672e-15    -2.10942e-15    -8.5136e-15    -1.88773e-14    4.59053e-15    -2.05443e-14    1.34094e-15    3.7524e-15    
194    4.08147e-15    6.54058e-15    -1.61858e-14    -2.44249e-15    1.13245e-14    6.40807e-15    1.8312e-15    -1.11369e-15    2.18835e-15    -1.55642e-16    
195    4.909e-16    -4.94328e-15    2.05681e-15    -1.74166e-15    2.14796e-14    -1.16157e-14    -3.0123e-15    -2.34812e-14    2.22045e-15    1.27844e-15    
196    2.39152e-15    1.13052e-14    -1.02893e-14    2.61249e-15    -9.97676e-15    6.38378e-15    8.82577e-15    2.9976e-15    1.33227e-15    -8.75353e-17    
197    8.31672e-15    -2.23508e-16    -1.20021e-14    4.49293e-15    1.13862e-15    1.40443e-14    3.07668e-15    -2.89768e-14    1.66533e-15    3.85916e-16    
198    4.63474e-15    4.76182e-15    -1.08975e-14    -1.64148e-15    -1.10325e-15    -9.99201e-15    1.57002e-15    7.91034e-15    -4.44089e-16    -1.16832e-15    
199    -1.6198e-16    -3.89966e-15    2.498e-15    -5.47479e-15    -9.07284e-15    -1.85407e-14    3.51805e-15    -2.05391e-14    9.4369e-16    1.03456e-15    
200    5.50254e-15    4.88498e-15    -1.52101e-14    -1.50921e-16    1.09249e-14    7.18869e-15    4.51126e-17    -2.83107e-15    1.66533e-16    -2.84148e-15    
201    3.33067e-16    -5.21805e-15    8.88178e-16    2.77881e-16    2.2826e-14    -1.17129e-14    -3.74791e-15    -2.49939e-14    3.16761e-15    -1.83214e-15    
202    2.33147e-15    9.74221e-15    -1.11577e-14    2.44933e-15    -9.68436e-15    8.79505e-15    8.56444e-15    1.28196e-15    -1.9958e-15    1.73633e-16    
203    8.36053e-15    6.22838e-16    -1.37436e-14    2.77777e-15    1.83691e-15    1.41778e-14    2.80233e-15    -2.94227e-14    5.51406e-16    -9.0058e-16    
204    3.89338e-15    4.01258e-15    -1.18526e-14    4.11278e-17    -1.01108e-21    -7.66733e-15    -4.9443e-21    7.03102e-15    -3.13413e-15    -1.19187e-23    
#Execution time: 110849 s
