#Fermion code
#Is hermitian: 1
1   1 100
2   2 100
3   3 100
4   4 100
5   5 100
6   6 100
7   7 100
8   8 100
9   9 100
10   10 100

11   1 110
12   2 110
13   3 110
14   4 110
15   5 110
16   6 110
17   7 110
18   8 110
19   9 110
20   10 110

21   1 210
22   2 210
23   3 210
24   4 210
25   5 210
26   6 210
27   7 210
28   8 210
29   9 210
30   10 210

31   1 120
32   2 120
33   3 120
34   4 120
35   5 120
36   6 120
37   7 120
38   8 120
39   9 120
40   10 120

41   1 101
42   2 101
43   3 101
44   4 101
45   5 101
46   6 101
47   7 101
48   8 101
49   9 101
50   10 101

51   1 201
52   2 201
53   3 201
54   4 201
55   5 201
56   6 201
57   7 201
58   8 201
59   9 201
60   10 201

61   1 111
62   2 111
63   3 111
64   4 111
65   5 111
66   6 111
67   7 111
68   8 111
69   9 111
70   10 111

71   1 211
72   2 211
73   3 211
74   4 211
75   5 211
76   6 211
77   7 211
78   8 211
79   9 211
80   10 211

81   1 311
82   2 311
83   3 311
84   4 311
85   5 311
86   6 311
87   7 311
88   8 311
89   9 311
90   10 311

91   1 121
92   2 121
93   3 121
94   4 121
95   5 121
96   6 121
97   7 121
98   8 121
99   9 121
100   10 121

101   1 221
102   2 221
103   3 221
104   4 221
105   5 221
106   6 221
107   7 221
108   8 221
109   9 221
110   10 221

111   1 131
112   2 131
113   3 131
114   4 131
115   5 131
116   6 131
117   7 131
118   8 131
119   9 131
120   10 131

121   1 331
122   2 331
123   3 331
124   4 331
125   5 331
126   6 331
127   7 331
128   8 331
129   9 331
130   10 331

131   1 102
132   2 102
133   3 102
134   4 102
135   5 102
136   6 102
137   7 102
138   8 102
139   9 102
140   10 102

141   1 112
142   2 112
143   3 112
144   4 112
145   5 112
146   6 112
147   7 112
148   8 112
149   9 112
150   10 112

151   1 212
152   2 212
153   3 212
154   4 212
155   5 212
156   6 212
157   7 212
158   8 212
159   9 212
160   10 212

161   1 122
162   2 122
163   3 122
164   4 122
165   5 122
166   6 122
167   7 122
168   8 122
169   9 122
170   10 122

#170 operators generated.
#Correlation matrix eigenvalues: 
  -4.8361e-17
  -4.8196e-17
  -4.3536e-17
  -4.2256e-17
  -2.9353e-17
  -2.9025e-17
  -2.5185e-17
  -2.1481e-17
  -1.8297e-17
  -1.7215e-17
  -1.4654e-17
  -1.4486e-17
  -1.3561e-17
  -1.1524e-17
  -9.7150e-18
  -8.8223e-18
  -7.5228e-18
  -5.7083e-18
  -5.2616e-18
  -4.8512e-18
  -4.8510e-18
  -4.5788e-18
  -3.5065e-18
  -2.8506e-18
  -2.5701e-18
  -2.3994e-18
  -1.5613e-18
  -4.5033e-19
  -3.3835e-19
  -1.2246e-28
  -8.4105e-30
  -5.8026e-30
  -2.3813e-30
  -1.6770e-30
  -1.0533e-30
  -5.6324e-31
  -1.6873e-31
  -7.4700e-32
  -4.5671e-32
   2.0037e-32
   3.0521e-32
   5.7530e-32
   1.1005e-31
   1.5430e-31
   2.0843e-31
   2.8851e-31
   3.4836e-31
   7.5113e-31
   8.5815e-31
   1.5184e-30
   1.5299e-30
   2.0602e-30
   2.4002e-30
   3.0617e-30
   3.2160e-30
   4.7233e-30
   5.3364e-30
   6.4733e-30
   7.9911e-30
   8.4270e-30
   9.8794e-30
   1.0763e-29
   1.1277e-29
   1.1908e-29
   1.4331e-29
   1.4810e-29
   1.4842e-29
   1.5960e-29
   1.6157e-29
   2.1153e-29
   2.2304e-29
   2.7162e-29
   3.1044e-29
   3.3593e-29
   3.6293e-29
   3.6854e-29
   3.9200e-29
   4.2667e-29
   4.5815e-29
   4.9758e-29
   5.4916e-29
   5.9010e-29
   6.1375e-29
   6.4789e-29
   7.1953e-29
   7.2461e-29
   8.6222e-29
   1.0098e-28
   1.0832e-28
   1.2166e-28
   1.2208e-28
   1.3442e-28
   1.6581e-28
   1.8783e-28
   1.9037e-28
   2.6932e-28
   2.8379e-28
   3.3366e-28
   3.3943e-28
   4.5433e-28
   5.4208e-28
   5.8883e-28
   6.6091e-28
   6.6151e-28
   7.4032e-28
   9.0216e-28
   9.2874e-28
   1.0554e-27
   1.1789e-27
   1.3975e-27
   1.4923e-27
   2.2584e-27
   2.9922e-27
   4.2997e-27
   5.2159e-27
   6.5133e-27
   6.6302e-27
   7.5728e-27
   7.9392e-27
   9.7751e-27
   1.0390e-26
   1.3925e-26
   1.6202e-26
   1.9063e-26
   2.4927e-26
   2.6505e-26
   1.7996e-19
   5.9575e-19
   7.3230e-19
   8.9342e-19
   1.1025e-18
   1.8263e-18
   1.9706e-18
   2.3277e-18
   2.5514e-18
   3.1179e-18
   3.1372e-18
   4.6384e-18
   4.8443e-18
   5.9177e-18
   6.0525e-18
   6.5976e-18
   7.1867e-18
   8.3829e-18
   9.0873e-18
   1.1334e-17
   1.1505e-17
   1.5144e-17
   1.5461e-17
   1.6752e-17
   1.6916e-17
   1.9649e-17
   2.1890e-17
   2.8387e-17
   3.0581e-17
   4.0135e-17
   4.5911e-17
   6.0939e-17
   3.8660e-03
   1.0643e-02
   1.0643e-02
   1.2455e-02
   1.2455e-02
   2.2449e-02
   2.2449e-02
   2.5734e-02
   2.5734e-02
   3.1854e-02
   1.1826e-01
   1.3099e-01

#Eigenvector: 
1    2.79741e-15    -9.99814e-16    8.08646e-15    2.78929e-16    -2.54883e-16    -1.59682e-14    -5.6162e-15    2.50481e-15    -1.6716e-14    -5.23109e-16    
2    -6.09851e-15    -1.32781e-15    -8.80175e-16    1.26775e-15    -1.83696e-15    6.33129e-15    1.98551e-14    -1.27483e-14    -1.37766e-14    -1.36674e-15    
3    7.39831e-16    1.3051e-15    -9.36471e-15    3.01923e-16    -6.8184e-16    1.05355e-14    -6.96349e-15    -1.25932e-14    -1.53238e-15    1.24407e-15    
4    7.21924e-15    2.3979e-15    3.58015e-15    -2.32099e-15    -3.25073e-16    -1.13237e-14    -9.87074e-15    -1.60256e-14    6.73607e-15    -8.82877e-17    
5    -4.09611e-15    -5.33291e-16    6.61203e-15    -1.52301e-15    -4.30999e-16    -9.5553e-15    9.69344e-15    -9.38382e-15    7.66437e-15    -1.45154e-15    
6    -5.08931e-15    2.12617e-16    -7.05376e-15    1.7782e-16    1.59788e-15    2.04007e-14    3.89032e-15    1.38235e-15    1.90242e-14    6.24161e-16    
7    4.73274e-15    7.17277e-16    -2.18548e-15    -6.84551e-17    1.55266e-15    -2.94006e-15    -1.58536e-14    8.79876e-15    1.13758e-14    1.01391e-15    
8    8.66768e-16    -2.06353e-15    7.54662e-15    3.24859e-16    -1.95254e-16    -1.32386e-14    1.14997e-14    1.7239e-14    2.74901e-15    -1.27815e-15    
9    -5.24838e-15    -1.25057e-16    -3.08607e-15    8.04368e-16    -6.86863e-17    6.4704e-15    8.35747e-15    1.13487e-14    -1.16597e-15    -6.1237e-16    
10    4.00615e-15    1.634e-15    -3.35834e-15    6.59665e-16    7.54516e-16    9.54353e-15    -1.41804e-14    9.91283e-15    -1.413e-14    1.09471e-15    
11    -0.316228    2.84804e-16    -4.409e-15    0.0596776    -0.390332    0.352495    0.247788    0.131542    0.163634    -0.00545867    
12    0.316228    -2.46157e-15    2.29385e-15    0.277712    -0.280708    0.126734    -0.411813    0.0102384    0.209701    -0.112118    
13    -0.316228    2.10642e-16    -1.18628e-15    0.389669    -0.0638625    -0.43082    0.00672651    -0.114976    0.17567    0.0747513    
14    0.316228    1.04016e-15    -7.29587e-15    0.352787    0.177376    0.139528    0.407656    -0.196274    0.0745385    0.065919    
15    -0.316228    3.10185e-15    1.49437e-15    0.181151    0.350863    0.344587    -0.258672    -0.202601    -0.0550639    -0.115491    
16    0.316228    -1.3318e-15    4.81857e-15    -0.0596776    0.390332    -0.352495    -0.247788    -0.131542    -0.163634    0.00545867    
17    -0.316228    2.17215e-15    -2.87267e-15    -0.277712    0.280708    -0.126734    0.411813    -0.0102384    -0.209701    0.112118    
18    0.316228    -9.19903e-16    8.60761e-16    -0.389669    0.0638625    0.43082    -0.00672651    0.114976    -0.17567    -0.0747513    
19    -0.316228    7.01576e-16    7.37408e-15    -0.352787    -0.177376    -0.139528    -0.407656    0.196274    -0.0745385    -0.065919    
20    0.316228    -2.54159e-15    -9.82737e-16    -0.181151    -0.350863    -0.344587    0.258672    0.202601    0.0550639    0.115491    
21    -2.87397e-15    -5.99746e-15    -2.96354e-16    7.49136e-16    1.6379e-15    7.42838e-15    1.26452e-14    1.37076e-14    7.05628e-15    -7.31747e-16    
22    3.23573e-15    -5.62415e-16    -1.50595e-15    5.39039e-15    3.38397e-15    1.82008e-15    -1.44966e-14    2.84659e-14    -3.19561e-15    1.60034e-15    
23    2.60036e-15    1.97918e-15    4.76411e-15    6.33874e-16    4.70654e-16    -4.81658e-15    4.12625e-15    1.60534e-14    -5.65147e-15    -6.93215e-16    
24    -3.20471e-15    -1.58059e-15    -4.46243e-16    -1.28467e-15    -5.01422e-15    1.31329e-15    6.32975e-15    9.47435e-16    -2.53024e-14    -4.21411e-16    
25    5.83117e-16    8.51884e-16    -6.3713e-15    1.51827e-15    -5.20801e-16    1.19643e-14    8.81972e-16    -6.45888e-15    -1.70199e-14    -4.90202e-16    
26    2.81225e-15    2.2773e-15    2.96234e-15    -7.13444e-16    1.99658e-15    -1.06853e-14    -1.28841e-14    -1.36307e-14    -7.69667e-15    9.93746e-16    
27    -7.75254e-16    -5.10623e-15    6.81613e-15    -7.75232e-16    -1.70931e-15    -2.26563e-15    1.01473e-14    -1.35262e-14    -4.04898e-15    -1.3363e-15    
28    -6.94215e-16    -3.60923e-16    -6.44636e-15    1.73235e-15    -3.11244e-15    8.41432e-15    -5.64467e-15    -2.2591e-14    7.02771e-15    1.14314e-15    
29    2.57318e-15    6.13325e-15    -4.25579e-15    -1.67823e-15    3.80205e-16    2.4648e-17    -3.38041e-15    -1.07325e-14    2.07892e-14    1.88017e-15    
30    -2.49636e-15    3.884e-16    5.27961e-15    -5.37608e-15    1.90545e-15    -1.30476e-14    1.0917e-15    6.86832e-15    2.82597e-14    -1.93452e-16    
31    5.8504e-15    -8.90871e-16    1.6233e-15    2.2651e-15    -1.49273e-16    -1.2259e-14    -1.02271e-14    -2.36798e-15    1.65277e-14    6.05158e-16    
32    -2.8355e-15    5.49402e-15    2.43604e-15    -1.80823e-15    -1.56021e-16    1.28622e-15    7.52487e-15    2.29335e-15    2.22847e-14    -2.08231e-16    
33    -5.03606e-15    -1.11284e-15    -2.87888e-15    -3.77558e-15    1.33413e-16    6.0913e-15    -1.43599e-15    1.77186e-14    1.44045e-14    8.85648e-16    
34    2.73512e-15    -3.26528e-15    -2.85015e-16    1.49612e-15    1.43476e-15    3.20889e-15    -8.43802e-15    1.92976e-14    -4.02176e-15    8.90685e-16    
35    -1.77196e-16    -2.61051e-15    6.0566e-15    4.87782e-15    3.0063e-15    -1.58495e-14    3.1764e-15    2.271e-14    -1.60728e-14    -6.71228e-16    
36    -1.65418e-15    -1.07989e-15    -6.55733e-16    1.16552e-15    -1.4523e-15    8.0771e-15    9.05507e-15    7.37396e-15    -1.3739e-14    1.10569e-15    
37    3.98989e-15    6.23164e-16    -3.85664e-15    -3.86377e-17    -4.46222e-15    -8.58405e-16    -1.16309e-14    -1.63772e-14    -2.71994e-14    2.02173e-16    
38    1.61352e-15    4.18739e-15    1.53443e-15    -5.91401e-16    -6.94406e-16    -3.49345e-15    1.78422e-15    -1.89459e-14    -1.22676e-14    7.82207e-16    
39    -7.064e-15    1.04074e-15    -2.59893e-16    -3.30717e-15    2.26228e-15    -2.62707e-15    9.88195e-15    -2.10277e-14    1.13546e-14    -8.23559e-16    
40    1.38738e-15    -4.33418e-15    -3.69442e-15    -9.69407e-17    -6.0944e-18    1.52572e-14    -1.07045e-15    -1.14076e-14    7.90633e-15    -1.01248e-16    
41    -8.72607e-16    -0.234279    -0.212399    -1.9637e-15    2.47971e-15    4.20452e-16    -2.32604e-15    7.64848e-16    5.6196e-16    -2.93326e-16    
42    5.88655e-16    0.234279    0.212399    1.67669e-16    -4.5514e-16    2.98812e-16    2.10823e-15    -1.62172e-15    -1.58656e-16    -2.53802e-16    
43    -9.34928e-16    -0.234279    -0.212399    1.23225e-15    2.1875e-15    -3.0019e-16    -2.66342e-15    2.97548e-15    -8.8293e-17    2.34512e-16    
44    1.42807e-15    0.234279    0.212399    1.61784e-15    -2.88607e-15    8.88448e-17    3.0042e-15    -2.34025e-15    -2.77347e-16    7.69088e-16    
45    -1.14202e-15    -0.234279    -0.212399    -1.47926e-15    3.82244e-16    -3.34903e-16    -2.84418e-15    1.34513e-15    5.79804e-16    -8.94736e-16    
46    8.82574e-16    0.234279    0.212399    -7.70431e-16    -1.25611e-15    5.98274e-16    2.44804e-15    -8.52245e-17    -9.43658e-16    -1.84817e-16    
47    -1.1551e-15    -0.234279    -0.212399    -8.34189e-16    3.28949e-15    -1.19802e-15    -1.75864e-15    1.37792e-15    6.99793e-16    4.16693e-16    
48    1.37749e-15    0.234279    0.212399    2.30558e-15    -1.37979e-15    1.36404e-15    1.45258e-15    -3.79296e-15    -8.70842e-16    5.15859e-16    
49    -1.36154e-15    -0.234279    -0.212399    4.44861e-16    9.51998e-16    -6.96261e-16    -1.62082e-15    3.44241e-15    4.40028e-16    -7.08732e-16    
50    1.2561e-15    0.234279    0.212399    -3.19487e-16    -3.55845e-15    -3.91688e-16    2.10647e-15    -1.55181e-15    -3.01416e-16    7.77795e-16    
51    2.76344e-15    -1.33127e-15    -3.0403e-15    6.86196e-15    4.06403e-16    1.76245e-15    -8.97565e-15    1.3097e-14    -2.61601e-14    6.9316e-16    
52    2.62773e-15    3.67136e-15    1.32077e-15    4.66208e-16    -9.29266e-16    -3.79548e-15    2.1111e-16    2.0764e-15    -2.1083e-14    3.84713e-16    
53    -3.49974e-16    1.78744e-15    6.9505e-16    -4.08335e-15    -6.51433e-15    2.11126e-16    9.11436e-15    -3.5592e-14    -1.46278e-14    -1.4475e-15    
54    -2.32603e-16    2.13263e-15    -5.58554e-15    -1.74743e-15    1.89663e-16    1.19766e-14    -1.85338e-15    -2.4092e-14    9.11726e-15    8.12143e-16    
55    -1.84116e-15    1.16456e-15    1.51775e-16    -1.44809e-15    6.29088e-15    -9.61692e-15    -8.80142e-15    -5.78816e-15    2.4597e-14    3.35881e-16    
56    -1.19217e-15    -4.99271e-15    7.01392e-15    2.17137e-16    -8.75892e-16    -1.21008e-15    5.10895e-15    -5.68931e-15    6.47383e-15    -1.46057e-15    
57    2.33677e-15    -1.60111e-15    -2.31035e-15    2.90508e-15    -4.42609e-15    6.72871e-15    -5.22535e-16    6.23968e-15    1.5719e-14    7.8246e-16    
58    1.25811e-15    7.62034e-15    -6.16722e-15    -1.34891e-15    2.56758e-15    1.06139e-15    -7.56684e-15    2.07832e-14    2.1343e-14    9.37944e-16    
59    -3.5416e-15    -5.8276e-16    4.99836e-15    -3.72208e-15    3.19037e-15    -1.22423e-14    4.28437e-15    2.20142e-14    3.77818e-16    -1.41579e-15    
60    -1.7215e-15    -7.26761e-15    3.51818e-15    2.21684e-15    -2.38074e-16    6.09752e-15    8.16697e-15    6.6211e-15    -1.61403e-14    -5.86301e-16    
61    -7.61014e-15    4.71886e-15    -2.61102e-15    8.75062e-15    2.70054e-15    6.91263e-15    2.84096e-15    1.22699e-14    -5.86664e-15    7.68591e-16    
62    -2.39474e-15    -1.13471e-14    4.33735e-15    -4.06665e-16    -1.18425e-15    -4.65627e-15    -5.07014e-15    -4.74558e-15    1.67168e-16    -2.12097e-15    
63    4.97266e-15    -2.59296e-15    3.65226e-16    -5.68479e-15    -6.93258e-15    -3.32403e-15    -2.01726e-15    -1.42886e-14    -1.38658e-15    -1.02505e-15    
64    7.29565e-16    5.84573e-15    -1.80799e-15    2.47589e-16    2.23118e-15    2.54197e-15    1.01436e-14    3.28369e-15    5.44716e-15    -1.06986e-15    
65    -5.99187e-16    3.73833e-15    -5.16744e-16    4.75505e-16    9.31965e-15    6.15825e-15    -1.97969e-15    1.07197e-14    8.22911e-15    9.18679e-16    
66    1.50132e-15    1.24314e-15    -1.16234e-15    2.34256e-15    -2.21024e-15    -8.04192e-15    1.1322e-15    2.30619e-15    -3.25817e-15    -1.4658e-15    
67    -5.20165e-15    9.81349e-16    -1.09614e-15    4.7145e-15    -7.88278e-15    6.63863e-16    1.67149e-15    -4.36968e-15    -1.35044e-14    4.52077e-18    
68    -3.38605e-15    -8.63757e-15    4.80988e-15    -2.0854e-15    1.9827e-15    3.17569e-15    1.07048e-16    -1.39947e-15    1.74115e-15    -6.54591e-16    
69    7.449e-15    -5.31138e-16    1.35089e-15    -8.05348e-15    2.36097e-15    -1.00307e-15    -4.19456e-15    -6.6309e-15    1.35034e-14    -4.76287e-16    
70    3.88529e-15    1.14612e-14    -4.66456e-15    2.46792e-15    1.53328e-15    -4.49874e-15    9.44615e-15    1.40648e-15    -2.49738e-15    -4.93143e-16    
71    8.8528e-16    0.150189    -0.16566    -1.64397e-15    -2.8177e-15    -9.83121e-16    -1.39153e-15    2.5116e-15    -2.04936e-15    -3.75425e-16    
72    -6.20107e-16    -0.150189    0.16566    -2.13502e-15    -1.36729e-15    1.58527e-15    1.81618e-15    -1.43687e-15    2.94856e-15    -1.88932e-16    
73    3.42676e-16    0.150189    -0.16566    -1.99091e-15    3.19641e-15    -8.08753e-16    -3.36064e-15    8.60217e-17    1.04541e-15    -2.8066e-15    
74    -9.98173e-16    -0.150189    0.16566    2.22169e-15    1.88284e-15    3.15907e-17    2.04598e-15    -1.31637e-15    -5.09409e-15    1.16907e-15    
75    6.79895e-16    0.150189    -0.16566    1.73174e-15    -1.15883e-15    -1.15171e-15    -1.60813e-15    1.93781e-15    2.45176e-15    5.07648e-16    
76    -3.80489e-16    -0.150189    0.16566    1.05015e-15    -3.17124e-15    2.08807e-15    2.55717e-15    -3.32044e-15    3.03234e-15    -8.35216e-16    
77    5.15726e-16    0.150189    -0.16566    -3.27783e-15    7.40099e-16    -8.7414e-16    -1.32174e-15    2.88706e-15    -2.03241e-15    2.71744e-16    
78    -9.09549e-16    -0.150189    0.16566    -1.63064e-15    1.32355e-15    7.58493e-16    1.4828e-15    -6.74403e-16    -1.30224e-16    -1.33772e-16    
79    1.04918e-15    0.150189    -0.16566    1.94485e-15    1.9424e-15    -1.80028e-16    -2.8849e-15    4.00985e-16    2.76629e-15    -1.88663e-16    
80    -4.2135e-16    -0.150189    0.16566    3.5986e-15    -5.62031e-16    -3.7032e-16    2.46951e-15    -1.36726e-15    -2.55121e-15    -4.07145e-16    
81    -8.56067e-16    2.10952e-15    1.52811e-15    -9.71283e-17    -1.63839e-15    4.70314e-15    -1.68809e-16    -2.80149e-15    -1.43951e-15    1.81783e-15    
82    -3.93669e-16    2.81349e-16    -4.6561e-16    -3.69305e-15    -2.74272e-15    -1.62376e-15    4.63953e-15    -1.96952e-14    7.56405e-15    -8.16442e-16    
83    4.72147e-16    2.52848e-15    -2.94244e-15    -1.30995e-15    1.55922e-15    8.51009e-15    -7.55432e-15    -9.31387e-15    2.14972e-14    1.27508e-15    
84    -1.42452e-15    -1.47841e-15    1.95713e-15    1.12513e-15    3.80931e-15    -1.18119e-14    2.52554e-15    1.631e-14    1.83994e-14    -2.13324e-16    
85    -1.69039e-15    -2.73855e-15    2.7387e-15    6.10014e-16    -3.77022e-16    7.16089e-15    -1.73643e-15    1.18131e-14    -4.58071e-15    -1.05643e-15    
86    2.47372e-15    -1.52851e-15    -4.55901e-16    1.79004e-15    -6.76956e-16    -5.18755e-15    -4.8487e-16    1.28035e-14    -5.47842e-15    -4.75768e-16    
87    1.20884e-15    3.74948e-15    -2.28876e-15    2.97907e-16    4.92811e-16    2.12074e-15    -4.88199e-15    1.48537e-14    1.72684e-15    4.44191e-16    
88    -2.83853e-15    -1.4265e-15    9.42209e-16    -1.59887e-15    -1.29774e-15    -8.79809e-15    9.49345e-15    -4.73047e-16    -1.81104e-14    -9.6695e-16    
89    7.4353e-16    -1.67131e-15    -9.62715e-16    3.31757e-16    -3.78246e-16    9.47433e-15    -2.53676e-15    -1.49909e-14    -1.7666e-14    4.60609e-16    
90    1.77571e-15    -4.5926e-16    -2.59699e-16    2.92266e-15    1.07399e-15    -8.50953e-15    -3.68115e-16    -8.43838e-15    -4.06825e-15    -2.66188e-16    
91    8.33764e-16    2.30365e-16    3.19268e-15    -0.0943107    0.187576    -0.113331    0.0387898    0.140189    0.369144    -0.359762    
92    5.36764e-17    1.04529e-15    6.54417e-16    -0.186554    0.096318    0.0719126    0.0957977    -0.103562    0.381045    -0.114335    
93    -9.34104e-16    -8.90385e-16    -1.96908e-15    -0.207539    -0.0317305    0.0688868    -0.097996    -0.307756    0.2474    0.430425    
94    9.63163e-16    -1.25411e-15    -3.23399e-15    -0.149252    -0.147659    -0.114487    -0.0352328    -0.394398    0.019256    -0.151683    
95    9.5866e-16    -4.22186e-16    -5.66414e-15    -0.0339556    -0.207187    0.00187002    0.119771    -0.330393    -0.216243    -0.33668    
96    6.36378e-16    2.99651e-16    -3.19126e-15    0.0943107    -0.187576    0.113331    -0.0387898    -0.140189    -0.369144    0.359762    
97    4.93635e-16    -7.90469e-16    -6.94043e-16    0.186554    -0.096318    -0.0719126    -0.0957977    0.103562    -0.381045    0.114335    
98    -6.45336e-16    9.32325e-18    2.12654e-15    0.207539    0.0317305    -0.0688868    0.097996    0.307756    -0.2474    -0.430425    
99    -2.24347e-15    7.88293e-17    3.32899e-15    0.149252    0.147659    0.114487    0.0352328    0.394398    -0.019256    0.151683    
100    -6.35343e-16    7.27292e-16    5.43745e-15    0.0339556    0.207187    -0.00187002    -0.119771    0.330393    0.216243    0.33668    
101    -6.14377e-16    4.3322e-15    -1.06229e-14    3.21458e-16    9.08002e-16    -5.70031e-15    -8.42437e-15    1.50474e-14    -9.80866e-16    1.06953e-15    
102    2.12923e-15    1.85086e-15    5.15883e-15    -3.54164e-15    -5.32523e-16    -1.06949e-15    9.0945e-15    -3.20863e-15    -1.21044e-14    -1.90048e-15    
103    -1.28358e-15    -3.33901e-15    6.77913e-15    5.22355e-16    -1.12634e-15    2.0026e-15    3.21334e-15    -1.07857e-14    -1.07035e-14    -1.31384e-16    
104    -2.88816e-15    -1.96786e-15    -8.90805e-15    4.07714e-15    3.07865e-15    9.4718e-15    -6.39602e-15    -3.99219e-15    -5.45054e-15    1.97614e-15    
105    2.96587e-15    1.03523e-15    2.27385e-16    -5.07266e-16    -1.50048e-15    -1.13175e-14    -6.29052e-15    -5.93092e-15    -4.30503e-15    -2.83479e-15    
106    2.76664e-15    3.1121e-15    5.54651e-15    -3.62015e-15    -5.78287e-15    6.91607e-15    1.02843e-14    -2.18203e-14    7.67877e-15    -6.37654e-16    
107    -5.2297e-15    2.54029e-15    -6.56277e-15    -1.41816e-15    2.40225e-15    -3.60363e-16    -6.16534e-15    -5.09403e-15    1.94598e-14    1.92604e-15    
108    -1.34279e-16    -1.43421e-15    -3.0293e-15    -6.58051e-16    7.06091e-15    -3.25056e-15    -2.26411e-15    1.59839e-14    1.87333e-14    1.13007e-16    
109    2.73774e-15    -4.65312e-15    1.04179e-14    6.89511e-16    -1.04212e-15    -9.82566e-15    4.22698e-15    8.01178e-15    -2.6292e-15    3.57645e-16    
110    2.31612e-16    -1.12519e-15    -1.57386e-15    4.027e-15    -3.19716e-15    1.32748e-14    4.57806e-15    1.29211e-14    -7.80144e-15    4.73138e-16    
111    1.53725e-16    4.16499e-15    -2.97374e-15    -8.4134e-16    5.9606e-16    -4.36616e-15    2.35249e-15    2.08725e-15    8.67529e-15    -4.34307e-17    
112    1.70013e-15    1.2308e-15    1.59768e-15    -2.7347e-15    -1.76763e-15    4.29255e-15    -1.74504e-17    1.05563e-15    -7.38634e-15    5.76758e-17    
113    -9.94503e-16    -2.38749e-15    1.54076e-15    6.02991e-16    -6.38975e-16    -8.40467e-16    4.64313e-16    -5.43583e-15    -1.84303e-14    -1.31584e-16    
114    -3.43863e-15    -7.15485e-17    -9.81195e-16    1.61479e-15    3.1265e-15    -1.85533e-16    -3.59238e-15    -3.91956e-15    4.91594e-17    5.38021e-17    
115    2.07479e-15    -1.38923e-15    1.24975e-15    6.17435e-16    -4.21542e-17    -3.98611e-15    5.35632e-15    1.7178e-15    5.34262e-15    5.77148e-16    
116    3.44827e-15    4.47949e-16    -4.94167e-16    9.24849e-17    -4.97934e-15    6.40427e-15    -3.1012e-15    -1.29787e-14    -2.49295e-15    9.04692e-16    
117    -2.06071e-15    3.95541e-15    -3.12322e-15    -1.60635e-15    4.18225e-16    -3.31916e-15    1.30894e-15    -1.37029e-14    8.43559e-15    4.80411e-16    
118    -2.84969e-15    1.47081e-15    1.48067e-15    -2.82092e-15    5.05617e-15    1.12933e-15    -4.54539e-16    9.90353e-15    1.86069e-14    -4.02622e-16    
119    1.24931e-15    -5.80551e-15    4.43336e-15    1.58596e-15    2.0092e-16    5.26526e-16    4.22565e-15    1.43283e-14    -4.4049e-15    -1.69805e-15    
120    3.09064e-16    -1.68932e-15    -2.01206e-15    3.97369e-15    -1.44465e-15    3.73537e-15    -5.84999e-15    6.04875e-15    -8.1818e-15    9.27965e-16    
121    1.0242e-16    -5.7199e-15    -1.73278e-16    6.38442e-16    6.15615e-16    1.48801e-15    9.2891e-15    1.40669e-14    -5.13607e-15    -1.64306e-15    
122    2.71875e-15    6.01792e-16    -1.98323e-16    4.8256e-15    -2.30088e-15    4.06621e-15    -1.12003e-14    -3.88055e-15    -2.63883e-14    5.17743e-16    
123    1.16315e-15    3.64539e-15    3.45092e-17    -1.06026e-15    -1.37368e-15    -4.89432e-15    7.11502e-15    -2.20892e-14    -1.03672e-14    7.63337e-16    
124    -2.96858e-15    1.17504e-15    -2.35241e-15    -4.81267e-15    -9.15188e-16    6.59748e-15    -3.24607e-15    -1.82254e-14    7.26644e-15    9.04616e-16    
125    -9.96706e-16    -2.78154e-15    5.08727e-16    1.42382e-15    2.33647e-16    1.19831e-16    2.4864e-15    -1.16242e-16    9.57684e-16    1.85138e-16    
126    1.86154e-15    6.47756e-16    1.60512e-15    2.19257e-15    1.55021e-15    -1.35291e-15    -9.25648e-15    -5.02671e-15    1.42087e-14    7.48767e-16    
127    -1.11846e-16    -1.65425e-15    5.63639e-16    -2.15859e-15    5.46968e-16    -4.60855e-15    9.39355e-15    -3.1684e-15    2.24593e-14    -6.81772e-16    
128    -6.14626e-16    4.69653e-17    -1.44249e-15    5.62386e-17    -1.18473e-15    7.50471e-15    -8.50335e-15    1.50922e-14    6.05201e-15    8.78037e-16    
129    1.02385e-15    1.41594e-15    6.57931e-16    1.16061e-15    1.18523e-16    -5.40032e-15    5.13487e-15    1.03954e-14    -8.12746e-15    -1.44979e-15    
130    -1.85681e-15    -1.47134e-16    9.06188e-16    -1.90163e-15    2.55954e-15    -3.01971e-16    -2.05971e-15    1.14825e-14    -1.72294e-15    1.29807e-15    
131    4.305e-15    -1.33059e-16    5.62821e-16    4.46989e-15    -3.32767e-15    -7.78566e-15    -9.6208e-15    -2.03333e-14    -1.32837e-14    -3.49923e-16    
132    1.96095e-17    6.95368e-15    -8.70003e-16    -2.76226e-15    -1.33879e-15    -2.16184e-15    8.0645e-15    -2.76975e-14    7.62552e-15    2.529e-17    
133    -3.02536e-15    1.95056e-15    -4.14008e-15    -6.59126e-15    -9.26478e-16    9.07247e-15    -2.87776e-15    -1.46038e-14    3.2208e-14    1.42562e-15    
134    -6.09863e-16    -3.51629e-15    1.21007e-15    -2.8224e-16    1.66134e-15    -2.4938e-16    -6.82941e-15    1.46462e-14    1.47108e-14    8.18691e-16    
135    -1.54219e-15    -1.98997e-15    4.33991e-15    3.65136e-15    7.0807e-15    -1.04924e-14    2.3019e-15    2.62566e-14    1.44982e-14    -1.34953e-15    
136    -4.91088e-16    -2.45498e-15    -8.26162e-16    4.70446e-16    -8.19888e-17    4.70382e-15    8.5282e-15    1.23921e-14    9.9683e-15    2.23549e-16    
137    3.3446e-15    -9.64644e-16    -1.60211e-15    2.17271e-15    -6.37513e-15    2.61747e-15    -1.08934e-14    1.77131e-14    -2.30462e-14    7.386e-16    
138    8.93976e-16    5.25331e-15    1.40048e-15    7.45786e-16    4.44704e-16    -7.19062e-15    2.12224e-15    7.34408e-15    -2.56716e-14    -1.00714e-15    
139    -4.5496e-15    1.56693e-15    -3.38953e-17    -3.08766e-15    3.90305e-15    1.67928e-15    7.81591e-15    -9.81703e-15    -1.0638e-14    -2.65602e-16    
140    4.81375e-16    -8.03588e-15    -5.66773e-16    1.03564e-15    -1.54785e-15    9.72254e-15    -3.18451e-16    -5.98707e-15    -6.96858e-15    -3.32402e-16    
141    -1.78657e-16    0.150189    -0.16566    9.72544e-17    2.2939e-15    2.88501e-16    -2.19421e-15    2.88665e-15    2.06443e-15    -2.66338e-16    
142    -4.2687e-16    -0.150189    0.16566    4.51311e-15    -5.62703e-16    -1.35871e-16    1.83555e-15    -9.71272e-16    1.54714e-15    1.25506e-15    
143    1.18868e-15    0.150189    -0.16566    5.07476e-17    -1.55564e-15    -1.69478e-15    -1.04707e-15    -8.13312e-16    -2.74582e-15    3.96508e-16    
144    -1.08062e-15    -0.150189    0.16566    -2.51736e-15    -2.09994e-15    1.38048e-15    2.79811e-15    -6.97975e-16    -4.95185e-16    1.27542e-15    
145    5.40043e-16    0.150189    -0.16566    -2.44104e-15    2.11439e-15    3.1139e-16    -2.27351e-15    3.40174e-15    4.55263e-15    -8.48783e-16    
146    -2.29041e-16    -0.150189    0.16566    1.99485e-15    2.69173e-15    6.72011e-16    2.11017e-15    -3.68405e-15    -2.06503e-15    1.34203e-15    
147    7.92796e-16    0.150189    -0.16566    1.52842e-15    -1.24332e-16    -1.25571e-15    -3.50962e-15    1.3338e-15    -2.55176e-15    3.03518e-16    
148    -9.116e-16    -0.150189    0.16566    1.04601e-15    -3.93381e-15    5.05373e-16    1.80083e-15    7.07927e-16    2.23251e-15    -1.67516e-15    
149    8.79177e-16    0.150189    -0.16566    -2.51035e-15    -6.2492e-16    -1.67787e-15    -1.20433e-15    1.33681e-15    6.89301e-16    4.79435e-16    
150    -8.30015e-16    -0.150189    0.16566    -2.04816e-15    2.2757e-15    1.78932e-15    2.00149e-15    -3.48352e-15    -2.89408e-15    2.06944e-16    
151    -4.38556e-15    1.4249e-15    -4.50882e-16    -4.90305e-15    8.11469e-16    2.9088e-15    9.59469e-16    -8.29608e-15    9.65691e-15    2.0532e-16    
152    -1.48491e-15    -5.93621e-15    8.63381e-16    3.94694e-16    7.78801e-16    -5.88379e-15    -1.95651e-15    4.45934e-15    1.12494e-14    1.26732e-15    
153    3.55875e-15    -1.04362e-15    1.65878e-15    4.46033e-15    3.35324e-15    5.61741e-15    5.0014e-15    1.47744e-14    -6.17556e-15    -2.00415e-16    
154    -7.54118e-16    2.56989e-15    5.32663e-16    7.04895e-16    -8.04129e-16    -2.57493e-15    -4.65537e-15    -6.6523e-15    -1.09566e-14    5.05654e-16    
155    5.03496e-16    -3.83584e-16    -1.34745e-15    -1.33763e-15    -5.49295e-15    1.17681e-15    3.26674e-15    -8.6368e-15    -3.10608e-15    -4.31652e-16    
156    4.47718e-16    2.36104e-15    -1.52827e-15    -2.48958e-16    1.53564e-15    -3.07213e-15    -1.00862e-15    1.00169e-14    1.62552e-15    -1.03474e-15    
157    -1.51634e-15    1.92818e-15    7.95059e-16    -1.96825e-15    5.47365e-15    5.7872e-15    2.19341e-15    -1.18797e-15    2.95446e-15    5.54529e-16    
158    -6.94907e-16    -6.46905e-15    1.71668e-15    1.69722e-16    -1.05611e-15    -4.48779e-15    -4.88232e-15    -1.21977e-14    2.90146e-15    -4.72388e-16    
159    3.85474e-15    -2.28125e-15    -3.13286e-16    3.60055e-15    -3.5489e-15    2.05615e-15    6.00771e-15    3.71084e-15    -3.4904e-15    2.55218e-16    
160    9.56688e-16    7.62809e-15    -2.22405e-15    -6.89371e-16    3.07491e-16    -2.25274e-15    -2.93729e-15    4.28691e-15    -5.49906e-15    -2.51592e-16    
161    5.82773e-17    -1.33885e-15    6.01994e-15    1.13926e-15    6.28946e-16    -2.99738e-16    -1.1211e-14    -1.57101e-15    3.64066e-15    -1.743e-16    
162    -3.83554e-15    -9.99324e-16    3.01842e-15    2.85882e-15    2.82413e-15    -4.51028e-15    8.75341e-15    2.63678e-15    1.21431e-14    -6.93889e-16    
163    2.04207e-15    -1.2232e-15    -6.80012e-15    -1.66533e-15    5.55112e-17    1.77636e-15    -1.02696e-15    -4.94049e-15    1.55154e-14    -2.94903e-16    
164    5.6925e-15    7.96238e-16    2.77556e-16    -3.33067e-16    -3.82333e-15    6.66134e-15    -4.05231e-15    7.66054e-15    3.55271e-15    4.7358e-16    
165    -4.42701e-15    5.91194e-15    5.44009e-15    -4.02456e-16    1.12757e-15    -1.19071e-14    -8.25728e-15    1.26565e-14    -4.55191e-15    5.58581e-16    
166    -4.05231e-15    -1.77636e-15    -2.28983e-15    -3.19189e-15    5.06019e-15    3.83027e-15    1.36141e-14    1.30382e-14    2.22738e-15    -1.095e-15    
167    5.44009e-15    -6.82787e-15    -1.77636e-15    1.55431e-15    -1.35308e-16    2.22045e-15    -4.996e-15    9.60343e-15    -4.94049e-15    2.90653e-15    
168    2.10942e-15    -2.77556e-16    4.44089e-15    6.06459e-15    -4.15466e-15    -3.80251e-15    -7.49401e-16    -1.05471e-15    -2.60902e-14    -1.88564e-15    
169    -4.38538e-15    6.16174e-15    -3.05311e-15    -1.94289e-15    -9.74915e-16    -5.71765e-15    3.77476e-15    -1.68199e-14    -9.29812e-15    -2.14325e-15    
170    2.75488e-15    1.83705e-15    -6.321e-15    -5.65371e-15    -4.43663e-16    1.34105e-14    7.11161e-15    -2.16818e-14    1.00787e-14    4.4056e-16    
#Execution time: 1510.53 s
