#Fermion code
#Is hermitian: 1
1   1 100
2   2 100
3   3 100
4   4 100
5   5 100
6   6 100
7   7 100
8   8 100
9   9 100
10   10 100
11   11 100
12   12 100

13   1 110
14   2 110
15   3 110
16   4 110
17   5 110
18   6 110
19   7 110
20   8 110
21   9 110
22   10 110
23   11 110
24   12 110

25   1 210
26   2 210
27   3 210
28   4 210
29   5 210
30   6 210
31   7 210
32   8 210
33   9 210
34   10 210
35   11 210
36   12 210

37   1 120
38   2 120
39   3 120
40   4 120
41   5 120
42   6 120
43   7 120
44   8 120
45   9 120
46   10 120
47   11 120
48   12 120

49   1 101
50   2 101
51   3 101
52   4 101
53   5 101
54   6 101
55   7 101
56   8 101
57   9 101
58   10 101
59   11 101
60   12 101

61   1 201
62   2 201
63   3 201
64   4 201
65   5 201
66   6 201
67   7 201
68   8 201
69   9 201
70   10 201
71   11 201
72   12 201

73   1 111
74   2 111
75   3 111
76   4 111
77   5 111
78   6 111
79   7 111
80   8 111
81   9 111
82   10 111
83   11 111
84   12 111

85   1 211
86   2 211
87   3 211
88   4 211
89   5 211
90   6 211
91   7 211
92   8 211
93   9 211
94   10 211
95   11 211
96   12 211

97   1 311
98   2 311
99   3 311
100   4 311
101   5 311
102   6 311
103   7 311
104   8 311
105   9 311
106   10 311
107   11 311
108   12 311

109   1 121
110   2 121
111   3 121
112   4 121
113   5 121
114   6 121
115   7 121
116   8 121
117   9 121
118   10 121
119   11 121
120   12 121

121   1 221
122   2 221
123   3 221
124   4 221
125   5 221
126   6 221
127   7 221
128   8 221
129   9 221
130   10 221
131   11 221
132   12 221

133   1 131
134   2 131
135   3 131
136   4 131
137   5 131
138   6 131
139   7 131
140   8 131
141   9 131
142   10 131
143   11 131
144   12 131

145   1 331
146   2 331
147   3 331
148   4 331
149   5 331
150   6 331
151   7 331
152   8 331
153   9 331
154   10 331
155   11 331
156   12 331

157   1 102
158   2 102
159   3 102
160   4 102
161   5 102
162   6 102
163   7 102
164   8 102
165   9 102
166   10 102
167   11 102
168   12 102

169   1 112
170   2 112
171   3 112
172   4 112
173   5 112
174   6 112
175   7 112
176   8 112
177   9 112
178   10 112
179   11 112
180   12 112

181   1 212
182   2 212
183   3 212
184   4 212
185   5 212
186   6 212
187   7 212
188   8 212
189   9 212
190   10 212
191   11 212
192   12 212

193   1 122
194   2 122
195   3 122
196   4 122
197   5 122
198   6 122
199   7 122
200   8 122
201   9 122
202   10 122
203   11 122
204   12 122

#204 operators generated.
#Correlation matrix eigenvalues: 
  -4.8230e-17
  -4.0334e-17
  -3.2661e-17
  -2.4233e-17
  -1.8096e-17
  -1.6724e-17
  -1.6710e-17
  -1.3768e-17
  -1.2919e-17
  -1.2743e-17
  -1.0275e-17
  -9.8899e-18
  -9.3971e-18
  -9.3275e-18
  -8.4593e-18
  -8.0256e-18
  -6.7018e-18
  -6.5850e-18
  -6.1270e-18
  -5.5986e-18
  -4.9783e-18
  -4.1876e-18
  -3.2463e-18
  -3.0022e-18
  -2.9973e-18
  -2.0693e-18
  -1.3578e-18
  -1.3315e-18
  -1.1015e-18
  -6.0389e-19
  -2.5122e-19
  -1.6172e-19
  -6.3614e-20
  -5.9238e-20
  -5.5883e-20
  -4.8519e-20
  -4.7651e-20
  -4.3511e-20
  -3.7978e-20
  -3.7821e-20
  -3.6321e-20
  -3.2774e-20
  -3.2588e-20
  -2.9493e-20
  -2.6725e-20
  -2.5461e-20
  -2.4444e-20
  -2.1994e-20
  -2.1843e-20
  -2.1210e-20
  -1.7934e-20
  -1.3097e-20
  -1.2879e-20
  -1.2568e-20
  -1.2374e-20
  -1.0846e-20
  -1.0719e-20
  -7.9932e-21
  -7.1378e-21
  -5.7851e-21
  -5.5115e-21
  -4.4509e-21
  -2.5747e-21
  -2.1176e-21
  -1.7941e-21
  -1.3610e-21
  -3.5417e-22
  -6.7029e-23
  -1.1292e-29
  -8.4940e-31
   1.6374e-29
   1.9325e-29
   2.1383e-29
   2.9858e-29
   3.2074e-29
   3.5143e-29
   4.6923e-29
   5.6445e-29
   5.6637e-29
   6.0837e-29
   6.3819e-29
   7.7045e-29
   8.7270e-29
   1.0712e-28
   1.8641e-28
   1.8686e-28
   2.1345e-28
   2.2367e-28
   2.2498e-28
   2.2895e-28
   2.3515e-28
   2.4438e-28
   3.1544e-28
   3.6588e-28
   3.8208e-28
   3.8419e-28
   4.4541e-28
   5.0741e-28
   5.3358e-28
   6.1294e-28
   6.1303e-28
   6.6180e-28
   6.9523e-28
   7.5260e-28
   7.8799e-28
   9.1769e-28
   9.9642e-28
   1.0742e-27
   1.1610e-27
   1.6656e-27
   1.8405e-27
   1.9679e-27
   2.3438e-27
   2.4041e-27
   2.7445e-27
   3.0776e-27
   4.3387e-27
   5.4471e-27
   6.1953e-27
   7.6300e-27
   1.2014e-26
   1.2403e-26
   1.4339e-26
   1.5854e-26
   4.6718e-25
   2.0935e-24
   3.2100e-24
   8.9157e-24
   1.0292e-21
   1.5061e-21
   4.8543e-21
   5.6631e-21
   7.0069e-21
   8.0649e-21
   8.2751e-21
   8.4286e-21
   8.6736e-21
   1.0122e-20
   1.1299e-20
   1.2405e-20
   1.8773e-20
   2.0030e-20
   2.0797e-20
   2.2004e-20
   2.2950e-20
   2.8004e-20
   2.8548e-20
   2.9037e-20
   3.3720e-20
   3.4770e-20
   4.1825e-20
   4.3023e-20
   4.3901e-20
   5.2036e-20
   5.4605e-20
   5.4994e-20
   5.5450e-20
   6.5728e-20
   8.7716e-20
   3.4023e-19
   3.6024e-19
   8.6014e-19
   1.2776e-18
   1.7998e-18
   1.9609e-18
   2.5720e-18
   2.6626e-18
   3.1005e-18
   4.4814e-18
   5.2340e-18
   5.6630e-18
   5.8977e-18
   6.1196e-18
   6.9923e-18
   7.5158e-18
   7.8084e-18
   9.1628e-18
   1.1022e-17
   1.3354e-17
   1.3428e-17
   1.5791e-17
   1.6669e-17
   2.5596e-17
   3.4696e-17
   3.7710e-17
   1.5676e-05
   1.5676e-05
   6.5104e-04
   6.5104e-04
   1.3021e-03
   1.3021e-03
   1.3704e-03
   2.8889e-03
   2.8889e-03
   4.2601e-03
   4.2601e-03
   7.4329e-03
   7.4922e-03
   7.4922e-03
   8.6037e-03
   8.6037e-03
   2.0321e-02
   4.7723e-02
   1.1878e-01

#Eigenvector: 
1    -2.19092e-17    1.8838e-15    -2.92917e-16    1.91602e-15    3.50127e-15    -2.55072e-15    -1.61217e-15    8.78716e-17    -1.72341e-15    -2.04221e-15    
2    -1.54649e-16    1.37045e-15    -8.62229e-16    -1.59293e-15    -2.21151e-15    -1.92571e-15    2.05139e-15    -7.89736e-16    8.22491e-17    1.27598e-15    
3    9.81832e-16    -8.88018e-16    -1.31738e-15    6.94644e-16    -3.59652e-16    -1.74275e-15    -3.88077e-15    3.35172e-16    2.4361e-16    -2.27842e-15    
4    -1.43607e-16    -1.35404e-15    1.59987e-16    -1.0149e-15    5.35276e-16    1.56863e-16    -2.08859e-15    5.75048e-16    -1.3254e-15    2.43445e-15    
5    1.024e-16    -1.07673e-15    6.84603e-16    4.56671e-16    -1.41099e-15    4.87616e-16    -2.40222e-15    -1.03017e-15    3.51042e-15    1.20228e-15    
6    -1.03398e-15    1.49136e-15    1.28312e-15    -2.05799e-16    3.00249e-15    5.48146e-15    3.35835e-15    2.52975e-16    -2.11828e-15    -1.71518e-15    
7    4.23679e-17    4.73082e-16    -1.34159e-15    -2.83322e-15    -2.05647e-15    -4.79953e-16    -7.18127e-16    5.79638e-16    -6.14903e-16    3.04763e-15    
8    3.79087e-17    5.06378e-16    -3.97434e-16    1.32438e-15    2.45343e-15    1.18602e-15    8.57944e-15    -1.99401e-16    -2.33562e-15    -2.30432e-15    
9    8.19321e-16    1.29167e-16    -6.96015e-16    -2.10145e-15    7.38006e-16    -1.70362e-15    -1.97626e-15    -6.35325e-16    -1.89856e-15    3.70139e-15    
10    -3.75122e-16    -6.83038e-16    9.52018e-16    1.05935e-15    2.62459e-16    -4.14808e-15    5.55738e-15    -3.9259e-16    7.31153e-16    -2.40203e-15    
11    4.57352e-16    -2.30242e-15    -2.65292e-16    -6.49354e-16    2.271e-15    -1.56331e-15    -1.30221e-15    7.60072e-16    -3.34544e-15    -9.69283e-16    
12    -8.53686e-16    9.01027e-16    1.5354e-15    8.05163e-16    -2.09095e-15    -2.16066e-15    2.54323e-15    5.60364e-16    2.96203e-15    2.25222e-16    
13    -0.221706    -9.20512e-16    -0.184878    0.146467    0.329437    -0.341089    -0.205225    0.288675    0.138411    0.132392    
14    -0.221706    4.70259e-16    -0.184878    0.358535    0.0378744    -0.0071854    0.398004    -0.288675    -0.0454492    0.186063    
15    -0.221706    4.25298e-17    -0.184878    0.212067    -0.291563    0.348275    -0.192779    0.288675    -0.18386    0.0536715    
16    -0.221706    8.72436e-16    -0.184878    -0.146467    -0.329437    -0.341089    -0.205225    -0.288675    -0.138411    -0.132392    
17    -0.221706    5.97504e-16    -0.184878    -0.358535    -0.0378744    -0.0071854    0.398004    0.288675    0.0454492    -0.186063    
18    -0.221706    -1.45725e-15    -0.184878    -0.212067    0.291563    0.348275    -0.192779    -0.288675    0.18386    -0.0536715    
19    -0.221706    1.08519e-15    -0.184878    0.146467    0.329437    -0.341089    -0.205225    0.288675    0.138411    0.132392    
20    -0.221706    8.59942e-16    -0.184878    0.358535    0.0378744    -0.0071854    0.398004    -0.288675    -0.0454492    0.186063    
21    -0.221706    -1.30809e-15    -0.184878    0.212067    -0.291563    0.348275    -0.192779    0.288675    -0.18386    0.0536715    
22    -0.221706    8.64678e-16    -0.184878    -0.146467    -0.329437    -0.341089    -0.205225    -0.288675    -0.138411    -0.132392    
23    -0.221706    6.93584e-16    -0.184878    -0.358535    -0.0378744    -0.0071854    0.398004    0.288675    0.0454492    -0.186063    
24    -0.221706    -4.49867e-16    -0.184878    -0.212067    0.291563    0.348275    -0.192779    -0.288675    0.18386    -0.0536715    
25    -3.38148e-16    1.33357e-15    1.02312e-16    -1.52706e-16    3.97965e-15    8.282e-15    7.38116e-16    5.16731e-16    -1.83985e-15    4.5934e-15    
26    -8.01008e-17    -2.11313e-17    -2.23619e-16    -1.81628e-15    -4.79553e-15    1.45772e-14    -9.27006e-16    -7.83228e-16    8.71324e-17    5.12806e-15    
27    7.82564e-16    -2.26909e-15    -9.59113e-16    4.93521e-16    1.75515e-16    4.07279e-16    5.9827e-15    8.0231e-17    -1.83068e-15    -6.69974e-15    
28    -7.85445e-16    1.27251e-15    2.76958e-17    -4.16263e-15    3.33768e-15    1.1188e-14    1.57822e-14    8.84709e-16    -7.15371e-16    4.42578e-15    
29    3.22987e-16    2.03587e-16    5.26232e-16    1.77886e-15    -1.00102e-15    -8.6569e-15    2.73715e-15    2.62811e-16    4.14802e-15    2.66008e-15    
30    -5.47318e-16    1.54251e-15    1.13143e-15    -2.0626e-15    4.90453e-15    -7.24599e-15    2.31813e-14    -5.05672e-16    -9.85144e-15    -4.21782e-16    
31    1.50871e-16    7.87742e-16    -7.93485e-16    -8.05526e-16    -3.58793e-15    -1.08405e-14    -9.43011e-15    -5.45787e-16    1.2422e-15    -1.02555e-15    
32    3.38209e-16    9.66185e-16    3.88464e-16    1.73573e-15    4.48888e-15    -2.19555e-14    7.82884e-15    6.63532e-17    -1.32044e-15    -3.93002e-15    
33    7.06443e-16    -1.34941e-15    9.1007e-17    -1.19276e-15    -1.28163e-15    -1.19727e-16    -1.61635e-14    -7.02563e-16    2.03976e-15    7.03409e-15    
34    -7.3564e-16    2.77318e-16    8.38121e-16    4.5375e-15    -1.50623e-15    -1.50414e-14    -1.14459e-14    -7.38992e-16    -1.14638e-15    -6.04902e-15    
35    6.45015e-16    -6.74134e-16    -1.78353e-15    -3.05235e-15    2.48579e-15    8.91595e-15    -8.91577e-15    7.81059e-16    -3.36882e-15    -1.9093e-15    
36    -5.15396e-16    2.18155e-15    2.58827e-16    1.15512e-15    -3.93833e-15    3.93443e-15    -1.33679e-14    -1.61763e-16    8.29374e-15    -4.15453e-16    
37    -7.33836e-16    5.95648e-16    5.88923e-16    -2.16515e-15    -1.41662e-15    -9.03152e-15    1.90488e-14    -8.63025e-17    -4.5262e-15    2.19108e-15    
38    1.51665e-15    -7.76046e-17    -2.1235e-15    3.38465e-15    -5.01886e-17    -1.35873e-14    -7.59583e-15    -1.60462e-17    1.00572e-16    -9.93295e-15    
39    -2.82149e-16    6.29593e-17    -6.54406e-16    -1.36841e-15    2.74268e-15    -1.67783e-14    9.03354e-16    5.76362e-16    -1.65041e-15    -4.48738e-16    
40    5.67955e-16    -1.46827e-16    1.70771e-16    9.20658e-16    -2.44585e-15    -1.93576e-15    -1.38349e-14    -8.56086e-16    6.41514e-15    5.31677e-15    
41    -6.821e-16    -1.09928e-15    1.73806e-15    2.65629e-15    1.0341e-15    -4.19394e-15    -1.42162e-14    1.81279e-16    -3.53621e-15    -3.47244e-15    
42    -1.30904e-16    -9.24052e-16    -1.35211e-15    -4.66953e-15    -3.30359e-15    8.61463e-15    -6.59358e-15    -8.42642e-16    -4.7632e-16    2.55655e-15    
43    -6.87058e-16    9.2496e-16    -4.11228e-17    3.45499e-15    1.82604e-15    1.54095e-14    -8.43831e-15    5.51208e-16    4.42206e-15    -4.52112e-15    
44    9.18846e-16    -3.83917e-17    -1.74364e-15    -5.30454e-15    1.9615e-15    8.20425e-15    6.07932e-15    5.44595e-16    -4.31445e-15    9.43862e-15    
45    -7.59308e-16    -1.17724e-15    3.32154e-16    1.14862e-15    -1.14395e-15    1.82706e-14    9.62608e-15    -7.79325e-16    -6.53135e-16    -1.96215e-15    
46    8.69487e-16    -1.35458e-15    -1.30107e-15    -2.13988e-15    4.93868e-15    -3.90986e-15    1.20694e-14    8.63025e-16    -8.54128e-15    -3.62299e-15    
47    -7.76209e-16    6.13827e-18    2.23574e-15    -2.22614e-15    -7.64997e-16    7.31493e-15    2.15539e-14    9.84022e-16    5.7712e-15    3.37065e-15    
48    -8.74576e-17    1.57681e-16    1.10148e-15    4.61723e-15    4.64259e-15    -1.40038e-14    5.38638e-15    3.1984e-16    -3.01999e-15    -1.78208e-15    
49    9.04793e-17    5.29326e-16    -3.13201e-16    1.96884e-17    -8.01542e-16    -1.89507e-15    -4.157e-16    -1.05171e-15    -1.99456e-15    3.13698e-16    
50    2.2064e-16    -6.32957e-16    4.21491e-16    6.37761e-16    -3.97453e-16    1.8329e-15    7.25131e-16    -1.08135e-15    8.17274e-16    -2.07546e-16    
51    -2.58302e-16    -6.43223e-16    -6.43843e-16    4.27477e-16    6.79901e-16    -1.68197e-15    -8.71019e-16    2.3272e-15    -8.79475e-16    2.66535e-15    
52    -2.61076e-16    -5.35249e-16    6.04483e-16    -2.49666e-16    -9.58985e-17    6.10683e-16    9.76666e-16    -9.515e-16    1.46908e-15    -9.19814e-16    
53    1.87239e-16    1.48248e-16    -3.75e-16    -5.66299e-16    3.35114e-16    1.47929e-16    -1.25888e-15    2.83048e-15    1.80624e-15    -2.86834e-16    
54    6.57696e-17    3.62169e-16    8.86591e-16    -2.72448e-16    -5.13526e-16    -1.89269e-16    9.45908e-16    -2.62728e-15    -1.42285e-15    -2.76511e-16    
55    -1.50103e-16    -1.26693e-16    -2.02245e-16    -1.47448e-16    -5.92593e-16    5.18516e-16    4.25229e-16    -2.19545e-16    -1.0783e-15    -1.34187e-15    
56    1.73473e-16    2.52475e-16    -2.15264e-17    1.25937e-16    5.02511e-17    -1.64457e-15    -6.75777e-16    1.80562e-15    -1.01787e-15    1.6888e-15    
57    1.53994e-16    1.82607e-16    -7.49686e-16    1.17488e-15    6.44646e-16    1.34407e-15    3.03767e-16    -7.87309e-16    7.23218e-17    7.74315e-16    
58    -3.16438e-16    6.4289e-17    5.17326e-16    -2.97267e-16    3.37444e-16    -6.69957e-16    -9.63549e-17    3.94604e-15    1.30167e-15    1.62481e-16    
59    4.60535e-16    5.68397e-16    -8.98716e-16    -1.324e-15    9.65224e-16    -7.19974e-17    2.89757e-16    -1.89841e-15    1.72525e-16    -1.33649e-15    
60    -2.86717e-16    -2.29437e-16    5.22425e-16    1.74416e-16    -7.4503e-16    1.34622e-15    -4.46448e-17    1.04239e-16    7.11945e-16    -1.06675e-15    
61    -3.03353e-16    -3.74312e-16    1.59094e-15    5.85569e-16    -3.38348e-16    2.42131e-14    4.05489e-15    1.0829e-16    -1.70098e-15    -9.02867e-16    
62    -1.1535e-17    -1.02946e-15    1.10537e-15    -2.24811e-16    4.39947e-16    -1.05383e-14    1.1147e-14    -4.44592e-16    -1.78097e-16    -2.04438e-15    
63    -8.47111e-16    1.68411e-15    8.57108e-16    -2.493e-16    1.72906e-15    1.03654e-14    2.38477e-14    -4.46462e-16    -3.5746e-17    4.35607e-16    
64    3.71096e-16    1.00475e-15    -6.3809e-16    9.57094e-16    2.39582e-16    -2.01409e-14    -4.04675e-15    6.0173e-16    1.40401e-15    1.50566e-15    
65    2.07626e-16    9.2327e-16    -1.77469e-15    9.45279e-16    1.52688e-16    -1.30922e-14    2.10521e-14    -1.37143e-16    -1.47277e-15    -2.03733e-16    
66    8.38107e-16    5.01774e-16    -2.05565e-15    2.96369e-16    -3.66203e-17    -9.644e-15    -2.11731e-14    4.35861e-16    -4.37507e-16    -1.29879e-15    
67    -3.30822e-16    -4.17238e-16    1.2272e-15    -1.37943e-15    -1.32092e-16    -2.25541e-14    -2.13682e-15    1.02504e-15    9.8505e-16    -3.99947e-17    
68    8.50978e-17    -1.71055e-15    5.97847e-16    -5.17393e-16    -8.2864e-16    1.14998e-14    -1.61713e-14    -1.09278e-15    1.17534e-15    8.2943e-16    
69    -5.53084e-16    3.32676e-16    9.52058e-16    6.46495e-16    -1.56315e-15    -7.27246e-15    -2.15421e-14    -7.7275e-16    -1.08752e-15    -9.24497e-16    
70    2.33148e-16    1.08957e-15    -2.84279e-16    -3.2836e-16    1.93008e-16    1.48752e-14    1.5574e-15    -2.45297e-16    1.03099e-15    2.63674e-16    
71    2.76935e-16    1.22003e-15    -1.4417e-15    2.20173e-17    6.60372e-16    1.50328e-14    -1.84858e-14    -1.40367e-16    2.26476e-16    -1.08836e-15    
72    2.965e-16    9.93992e-16    -8.4081e-16    -1.51838e-15    2.76823e-16    4.21784e-15    1.13533e-14    1.09517e-16    -9.52759e-16    3.53048e-15    
73    -9.5538e-16    -9.25361e-16    -1.09605e-16    2.12452e-15    -5.9269e-17    -2.89018e-15    1.70712e-14    2.76688e-16    8.6866e-16    1.12302e-15    
74    1.24884e-15    1.61397e-15    -4.61391e-15    -1.36101e-15    -2.67526e-16    2.23276e-15    -9.06267e-15    2.90306e-15    -2.12126e-15    -8.22638e-17    
75    -6.15856e-15    -5.14833e-15    8.2152e-15    -2.55053e-15    6.37544e-16    -1.14554e-14    2.51414e-14    -4.7358e-16    -1.23983e-15    -2.22837e-15    
76    2.69559e-15    -1.30586e-15    -3.51436e-15    -5.33277e-16    -5.71122e-16    -4.22183e-15    -1.92189e-15    2.44943e-15    -8.33237e-16    -3.40155e-15    
77    -5.01698e-15    -2.59225e-15    8.25197e-15    -2.09797e-15    -2.03783e-15    -1.23515e-14    1.29177e-14    -5.55112e-16    -3.56239e-16    3.11611e-15    
78    1.08992e-15    5.38011e-16    -3.586e-15    -5.17748e-16    -4.60242e-16    -6.8333e-15    -1.14856e-14    1.73559e-15    1.20712e-15    3.62498e-15    
79    -1.38869e-15    -1.41226e-15    4.9052e-16    2.15294e-15    -1.08804e-15    -2.53684e-15    1.74716e-14    1.25681e-15    -2.45932e-16    -3.43071e-15    
80    1.43386e-15    -1.66385e-15    -4.03189e-15    -1.2177e-15    -7.96211e-16    2.18823e-15    -9.60867e-15    2.42775e-15    1.00014e-15    -2.04887e-15    
81    -6.15817e-15    -1.30105e-15    9.12028e-15    1.98176e-15    2.77902e-15    -1.12076e-14    2.56926e-14    1.49533e-15    -4.36014e-17    2.48765e-15    
82    3.07894e-15    -2.78611e-15    -4.93693e-15    -2.68099e-16    -5.00635e-16    -4.00812e-15    -2.22286e-15    1.38431e-15    -2.10828e-15    3.44272e-15    
83    -3.91168e-15    -3.17364e-15    6.14593e-15    -7.92945e-16    -8.73391e-16    -1.27345e-14    1.28352e-14    5.84602e-16    1.60402e-15    -1.44913e-15    
84    7.54316e-16    -5.53222e-16    -5.43153e-16    6.44008e-16    2.4017e-15    -6.0063e-15    -1.15705e-14    1.60115e-15    -5.60521e-16    -2.48055e-15    
85    1.33104e-16    0.204124    9.52807e-16    9.46871e-17    -1.64483e-15    -9.49423e-16    -3.65707e-16    -1.52352e-15    -1.67685e-15    -8.12233e-16    
86    2.57748e-16    0.204124    -3.13444e-16    1.03416e-15    -1.01298e-16    7.91824e-16    -5.30577e-16    8.61724e-16    -2.99729e-17    -1.4387e-16    
87    -2.98718e-16    0.204124    -8.91803e-17    4.97742e-16    9.71316e-16    -1.33908e-15    8.18361e-16    1.63433e-15    1.02647e-16    3.7529e-15    
88    -3.9419e-16    0.204124    -3.19934e-16    -2.27344e-16    -4.80109e-16    5.62361e-16    7.35624e-16    2.3319e-15    1.36719e-15    -1.67927e-15    
89    3.36399e-16    0.204124    5.35347e-16    -1.65875e-15    9.09381e-16    1.87046e-16    2.64423e-16    3.38575e-15    2.50707e-15    -4.07738e-16    
90    4.72274e-16    0.204124    1.01133e-15    -1.59937e-16    -1.86386e-16    1.34585e-15    -3.64903e-16    -1.37412e-15    -1.01499e-15    -5.841e-16    
91    1.41156e-16    0.204124    4.12433e-16    -2.98648e-16    -5.17341e-16    2.99726e-16    -1.006e-16    -1.30972e-16    -2.5207e-15    -5.97182e-16    
92    2.43368e-16    0.204124    -1.70077e-15    3.62812e-16    8.73573e-16    7.57719e-16    -1.19955e-15    1.31167e-15    -8.32838e-16    8.59996e-16    
93    -1.90659e-16    0.204124    -1.03364e-15    1.54632e-15    1.20437e-15    1.64021e-15    -3.43496e-16    -4.42354e-16    9.78104e-16    2.30602e-15    
94    1.19247e-16    0.204124    -3.71209e-16    -1.54649e-16    3.12741e-16    -8.97439e-17    -5.97049e-16    8.84275e-16    2.91289e-19    -2.77776e-16    
95    4.4617e-16    0.204124    -1.51754e-17    -1.27123e-15    9.23379e-16    9.32974e-16    -6.90209e-16    -1.097e-15    8.65602e-16    -2.08332e-15    
96    -7.67138e-17    0.204124    1.06689e-15    4.54793e-16    -1.66747e-16    1.38287e-16    -1.79154e-15    -2.42731e-15    9.69479e-16    -4.00382e-16    
97    5.8317e-16    -9.91218e-16    -8.32174e-17    3.46637e-15    8.12259e-16    1.35509e-15    1.29079e-14    -4.88975e-16    -2.51917e-16    -8.25019e-15    
98    -9.62942e-16    1.57943e-15    4.70617e-16    -2.93327e-16    2.31274e-15    4.38705e-15    1.65164e-14    -8.30499e-16    -7.72895e-16    2.97275e-16    
99    1.23137e-15    1.99135e-15    -1.19412e-15    1.00411e-15    -1.53143e-15    -1.23329e-14    5.97635e-15    -4.58834e-16    4.12807e-15    3.5216e-15    
100    -3.19123e-17    -1.68576e-15    -5.90863e-16    8.16459e-16    -1.38058e-16    -1.1643e-14    1.09655e-14    2.2855e-16    -3.12951e-15    -2.29206e-15    
101    7.03948e-17    -2.06127e-16    -1.36706e-15    -2.8049e-15    -2.61428e-15    -1.31471e-14    -7.37636e-15    4.36283e-16    5.38644e-16    1.37508e-15    
102    -1.11199e-15    1.59089e-16    1.52273e-15    2.11331e-15    -9.85521e-16    -1.07561e-14    -4.51571e-15    5.89372e-16    4.66537e-15    -2.1985e-15    
103    1.44688e-17    -3.64756e-16    4.60114e-16    -4.15782e-15    8.04384e-16    -2.6822e-15    -1.33026e-14    -5.88857e-16    -4.06446e-15    7.2341e-15    
104    -1.2897e-15    -4.85652e-16    2.1183e-15    1.37693e-15    -1.33517e-15    3.36198e-17    -1.07672e-14    -3.22225e-16    -1.99441e-15    -7.9346e-16    
105    1.07192e-15    8.05419e-16    -1.17138e-15    -3.1075e-15    3.84723e-15    9.33667e-15    -1.06168e-14    -3.11166e-16    -7.11214e-15    -3.31812e-15    
106    2.81157e-16    1.56108e-16    -1.24925e-15    -1.55395e-15    4.02803e-16    8.72828e-15    -9.2192e-15    -3.89012e-16    3.06293e-15    1.67515e-15    
107    1.11372e-16    1.21792e-15    7.63559e-17    2.30319e-15    3.39216e-15    1.3254e-14    3.54978e-15    -2.51318e-16    -1.94469e-15    -7.65376e-16    
108    -9.42451e-16    -8.87427e-16    2.45361e-15    -4.79431e-16    5.33054e-16    1.46783e-14    3.40837e-15    -3.20056e-16    -2.84425e-15    3.87453e-16    
109    -0.184878    -3.59842e-16    0.221706    0.154895    0.112662    -0.0792629    0.0438742    1.93456e-14    -0.101027    -0.346085    
110    -0.184878    6.55262e-16    0.221706    0.175016    -0.0778117    0.0776276    0.0467066    3.31714e-14    0.249205    -0.260535    
111    -0.184878    -3.22537e-17    0.221706    0.020121    -0.190474    0.00163531    -0.0905807    -5.09245e-14    0.350232    0.0855504    
112    -0.184878    7.7183e-16    0.221706    -0.154895    -0.112662    -0.0792629    0.0438742    2.29261e-14    0.101027    0.346085    
113    -0.184878    -8.43241e-16    0.221706    -0.175016    0.0778117    0.0776276    0.0467066    3.60441e-14    -0.249205    0.260535    
114    -0.184878    -7.79507e-17    0.221706    -0.020121    0.190474    0.00163531    -0.0905807    -5.82659e-14    -0.350232    -0.0855504    
115    -0.184878    3.58673e-16    0.221706    0.154895    0.112662    -0.0792629    0.0438742    2.22183e-14    -0.101027    -0.346085    
116    -0.184878    -2.80343e-16    0.221706    0.175016    -0.0778117    0.0776276    0.0467066    3.23908e-14    0.249205    -0.260535    
117    -0.184878    -1.15857e-15    0.221706    0.020121    -0.190474    0.00163531    -0.0905807    -5.2236e-14    0.350232    0.0855504    
118    -0.184878    7.6747e-16    0.221706    -0.154895    -0.112662    -0.0792629    0.0438742    2.32384e-14    0.101027    0.346085    
119    -0.184878    5.82752e-16    0.221706    -0.175016    0.0778117    0.0776276    0.0467066    3.3494e-14    -0.249205    0.260535    
120    -0.184878    -1.95553e-16    0.221706    -0.020121    0.190474    0.00163531    -0.0905807    -5.81306e-14    -0.350232    -0.0855504    
121    1.08254e-15    -7.37342e-16    -1.01716e-15    -3.23919e-16    1.83641e-15    1.23281e-14    1.76304e-14    1.05818e-16    -1.44315e-15    -5.76172e-16    
122    -7.65037e-16    1.05585e-15    4.15364e-16    -1.79347e-15    -1.37119e-15    2.75278e-14    1.6398e-14    -8.9425e-16    -2.77093e-15    1.4655e-15    
123    1.18498e-15    -1.837e-16    -5.74156e-16    1.00572e-15    -1.28235e-16    -1.25746e-14    1.71789e-14    -2.72352e-16    2.78375e-16    -2.5937e-15    
124    -1.15334e-15    5.09686e-16    1.12623e-15    -1.97453e-15    3.77538e-15    2.53184e-15    2.90922e-14    -5.17815e-16    -9.12375e-16    -8.79667e-16    
125    7.05119e-17    -8.52069e-16    -1.54094e-15    -7.11988e-16    -2.94828e-15    -2.50477e-14    -4.33769e-15    9.47159e-16    2.46125e-15    4.07625e-15    
126    -7.1978e-16    -5.03402e-16    -1.14444e-16    1.42798e-15    1.82182e-15    -1.92657e-14    1.54503e-14    5.44269e-17    -2.68528e-15    -2.80322e-15    
127    2.44889e-16    2.04867e-16    -1.32532e-15    -2.25239e-15    -1.13214e-15    -1.23937e-14    -2.54384e-14    -1.96024e-16    -2.25146e-16    2.55435e-15    
128    -9.29494e-16    9.08954e-16    1.42672e-15    8.07562e-16    1.23627e-15    -2.13915e-14    -7.97564e-15    6.7394e-16    -2.76506e-16    -3.69099e-15    
129    1.00556e-15    -6.74734e-16    -2.76731e-17    -3.11578e-15    1.08121e-15    1.25476e-14    -2.67272e-14    -3.64292e-17    -3.60168e-15    3.71399e-15    
130    -3.38468e-16    6.28045e-16    6.81303e-16    2.16713e-15    -1.82475e-15    -9.28433e-16    -2.50579e-14    -2.35922e-16    1.38319e-16    1.07436e-15    
131    9.39545e-16    6.7932e-16    -1.75604e-16    -9.89286e-16    2.74494e-15    2.68355e-14    -5.23138e-15    1.99493e-16    -2.82111e-15    -1.00283e-15    
132    -4.71781e-16    5.5109e-16    1.08322e-15    -1.16962e-15    -7.43095e-16    2.52858e-14    -1.32428e-14    -1.92554e-16    1.62183e-15    2.39549e-15    
133    2.62746e-16    1.41898e-16    4.31905e-17    -7.37403e-16    -1.32789e-15    -9.53605e-15    -7.97038e-15    -5.05831e-16    5.72617e-16    -3.58674e-15    
134    3.09263e-16    8.95437e-16    -4.98226e-16    -1.15118e-15    2.61897e-16    -8.40776e-15    8.20553e-16    3.96017e-16    1.07394e-15    -1.4293e-15    
135    -5.6911e-16    -2.52702e-16    8.73565e-16    6.46006e-16    2.43274e-16    2.82538e-15    -1.07884e-14    6.19304e-16    2.24155e-15    3.31587e-15    
136    -4.43287e-18    -1.44024e-16    7.64408e-16    1.05227e-15    -5.01276e-16    -2.45001e-15    -8.10066e-15    -7.00144e-16    -1.04121e-15    1.26906e-15    
137    -2.29056e-16    -3.18983e-17    -4.1178e-16    3.30924e-16    -4.51627e-16    1.07019e-14    -2.5415e-15    -2.79877e-16    -1.77735e-15    -1.61229e-15    
138    3.36277e-16    3.84615e-16    -1.24369e-15    -5.80152e-16    8.68612e-16    6.08648e-15    -8.26269e-15    1.46848e-15    1.27583e-15    5.53016e-16    
139    3.22742e-16    -4.35261e-16    -8.96325e-16    -6.99002e-16    7.95902e-16    9.85963e-15    8.41277e-15    2.25824e-16    1.222e-15    5.29574e-16    
140    4.06993e-16    -8.57205e-16    -1.06766e-15    6.18039e-17    -2.01346e-17    1.22167e-14    -1.64813e-15    -3.94505e-16    -1.49086e-15    -6.94994e-16    
141    -1.95449e-16    -6.40232e-16    -3.39088e-16    2.90482e-16    1.08459e-15    -2.97671e-15    1.38765e-14    1.63724e-17    5.41457e-16    -1.52173e-15    
142    1.07163e-16    -1.69718e-16    7.32886e-17    4.27477e-16    7.90943e-16    9.84737e-15    1.12799e-14    2.67654e-16    1.95009e-15    6.99578e-16    
143    -4.66444e-16    -9.50672e-16    1.39463e-15    1.10781e-15    -5.93958e-16    -1.23415e-14    4.40925e-15    4.91605e-16    -6.36839e-16    2.5549e-15    
144    3.60347e-16    -6.75536e-16    4.79735e-17    6.66185e-16    -1.13666e-15    -3.39879e-15    1.17353e-14    7.50614e-16    -2.34073e-15    -2.8642e-16    
145    -1.07664e-16    3.31864e-16    1.15659e-15    -8.75094e-16    -2.2779e-16    -8.97174e-15    -4.90637e-16    3.90313e-17    -5.19579e-16    3.45165e-15    
146    7.16857e-16    6.51098e-16    1.38501e-16    -1.79239e-15    -2.85364e-15    -4.97622e-15    1.41733e-14    -1.32793e-15    -3.28786e-16    3.16167e-15    
147    5.70548e-16    -1.1368e-15    3.7621e-17    -3.28733e-17    -2.35203e-17    -3.9638e-15    -9.01519e-15    6.44016e-17    -4.51338e-16    -4.91955e-15    
148    -5.79438e-16    1.24066e-15    -3.65593e-16    -4.12714e-15    2.62089e-15    -1.18068e-14    6.94702e-15    -1.24033e-16    3.61747e-17    3.95451e-15    
149    -2.08169e-16    7.86836e-16    -1.50242e-16    1.0365e-15    1.29802e-16    4.55522e-15    -7.01282e-15    2.89265e-16    1.29929e-15    3.66583e-15    
150    4.9806e-17    -1.00036e-16    5.60787e-16    -2.89904e-15    3.32235e-15    -1.37612e-14    -6.04704e-15    4.85723e-16    -7.76866e-15    1.33994e-15    
151    3.27344e-16    -3.33465e-16    -1.68155e-15    -4.92337e-16    -1.57626e-15    8.43239e-15    -1.45401e-15    -4.41487e-16    -3.2764e-16    -2.37196e-15    
152    6.6384e-16    4.5762e-16    -1.3585e-15    1.4116e-15    3.15479e-15    1.15767e-15    -1.7185e-14    1.79978e-16    6.14735e-16    -2.67611e-15    
153    1.5005e-16    -1.02902e-15    -2.42574e-16    -7.71768e-16    4.74144e-16    5.97943e-15    5.80997e-15    -9.82504e-16    1.90947e-15    4.88454e-15    
154    -4.91628e-16    -1.45556e-15    -7.71554e-16    4.67841e-15    -6.63031e-16    1.69069e-14    -2.83007e-15    4.78784e-16    -1.44334e-15    -4.73069e-15    
155    -1.61782e-16    -9.19097e-16    -8.97512e-16    -2.09256e-15    7.94533e-16    -2.12008e-15    7.80562e-15    -4.82687e-16    -3.33441e-15    -3.76252e-16    
156    4.78886e-16    5.69757e-16    2.69217e-16    1.4615e-15    -2.42762e-15    8.83361e-15    1.44474e-14    -3.72966e-17    5.98335e-15    6.85893e-17    
157    1.27333e-17    1.59473e-15    4.99847e-16    -5.33699e-16    5.59493e-16    -7.25093e-15    2.22224e-14    -1.31082e-15    -2.55377e-15    6.69918e-16    
158    9.94281e-16    1.12511e-15    -8.2484e-16    -6.99729e-16    4.78642e-16    -2.30915e-14    -5.56812e-15    -1.35113e-16    -1.35374e-15    -1.62935e-15    
159    -2.66483e-16    -6.31204e-16    -9.6032e-16    -1.21697e-15    1.66868e-15    -2.29393e-14    6.68145e-15    1.81821e-16    -2.04983e-16    -5.75685e-16    
160    -3.6396e-17    -2.99346e-16    -3.82777e-16    -8.78692e-16    6.55895e-16    -1.00697e-14    -2.02864e-14    -2.65042e-17    4.20589e-16    2.6291e-15    
161    -1.57027e-16    -4.01743e-16    3.81849e-16    1.44539e-15    -6.49168e-16    -1.58432e-14    -1.70688e-14    -5.78984e-17    -4.73821e-17    -1.43976e-15    
162    7.31601e-16    -8.90873e-16    -1.66249e-15    -8.42824e-16    9.1532e-16    1.0852e-14    -1.83591e-14    -6.4522e-16    -2.54229e-15    -3.96128e-16    
163    -3.24664e-16    3.25936e-16    2.49257e-16    1.73324e-16    4.9292e-16    8.38406e-15    -2.11768e-14    1.96794e-17    2.93477e-15    -1.00962e-15    
164    3.01255e-16    1.19725e-17    -6.97769e-16    -8.92543e-16    1.74023e-16    2.16082e-14    2.89915e-15    -4.03478e-16    -9.45459e-16    1.92252e-15    
165    -3.05111e-16    -1.07466e-15    -1.5131e-15    6.84547e-17    -1.26787e-15    2.07821e-14    -2.28329e-15    9.92674e-17    -5.19323e-16    -8.52021e-16    
166    -1.2979e-16    2.92508e-16    -5.31653e-16    1.92054e-16    -9.26528e-16    5.96867e-15    2.26267e-14    -7.41013e-16    -1.91256e-16    4.41684e-16    
167    -2.6127e-16    3.19269e-16    1.97147e-15    -1.42082e-15    1.28346e-15    1.21332e-14    1.71312e-14    4.55072e-16    1.04121e-15    5.65714e-16    
168    5.1968e-16    -2.58509e-16    -1.74654e-16    -3.7158e-16    -7.34338e-16    -1.83861e-14    1.54985e-14    2.14221e-16    -6.51337e-16    2.51612e-15    
169    -1.26263e-16    -0.204124    -7.99872e-16    -3.09195e-16    -1.76997e-15    -7.75529e-16    1.43218e-15    1.2683e-15    -2.52335e-15    -6.3563e-16    
170    2.55751e-16    -0.204124    -7.51195e-16    7.59631e-16    1.92235e-16    8.53826e-16    7.98297e-16    -1.11651e-15    3.07757e-16    8.44533e-16    
171    -3.08428e-16    -0.204124    9.68527e-17    2.7727e-16    4.10703e-16    -6.1363e-16    4.87853e-16    6.03467e-16    -4.73497e-18    3.21546e-15    
172    -3.51292e-16    -0.204124    1.08273e-17    -2.83837e-16    -1.99123e-16    9.82854e-17    -7.36229e-16    3.44776e-17    7.0555e-16    -1.60552e-15    
173    2.92472e-16    -0.204124    5.99038e-16    -7.62e-16    8.17256e-16    4.06188e-16    -1.03823e-15    -6.67869e-17    2.61912e-15    2.72186e-16    
174    -3.48423e-17    -0.204124    9.67211e-17    6.211e-16    -1.0831e-15    -1.77445e-16    -8.63786e-16    -3.12445e-15    -1.99363e-15    -2.96533e-16    
175    -5.94231e-16    -0.204124    -1.80179e-16    -3.19391e-16    -1.15588e-15    -9.67649e-16    2.0349e-15    -2.19247e-15    -2.20009e-15    -1.3934e-15    
176    -1.37576e-16    -0.204124    -7.05207e-16    3.58159e-16    -1.40874e-16    -1.6939e-15    -1.48367e-16    1.97715e-15    -7.96822e-17    1.07791e-15    
177    1.32205e-16    -0.204124    6.92493e-16    1.2394e-15    -5.44061e-17    -1.09388e-15    5.72188e-16    -1.19696e-16    -3.6726e-16    2.09057e-15    
178    4.76054e-18    -0.204124    7.09345e-16    -5.0573e-16    4.80673e-17    -8.85864e-16    3.40123e-16    4.22904e-15    7.83681e-16    -1.14466e-15    
179    7.99958e-17    -0.204124    -8.72728e-17    -1.84463e-15    1.29806e-15    -8.92034e-16    4.47423e-16    1.62283e-15    1.79817e-15    -1.1731e-15    
180    -2.42259e-16    -0.204124    -4.35617e-16    -1.13437e-16    -7.8302e-16    5.80048e-16    1.19908e-15    -1.11478e-15    1.55441e-16    -8.86118e-16    
181    -4.08929e-16    8.52182e-16    4.27249e-16    -5.60801e-16    8.14807e-16    6.74749e-15    7.76915e-15    2.96412e-16    -1.2703e-15    2.12318e-16    
182    -1.85776e-16    5.51297e-16    1.43147e-16    -1.71065e-16    1.49778e-15    -1.79527e-14    2.19904e-15    2.86903e-16    -7.72775e-16    2.1786e-15    
183    -4.37344e-16    4.50997e-16    1.28474e-16    7.52783e-16    1.81569e-15    -3.13722e-15    1.1258e-14    5.16809e-17    -1.16774e-15    -1.08548e-15    
184    2.28616e-16    -2.6022e-17    -8.71037e-16    -1.8736e-16    2.64467e-16    -1.60201e-14    -1.38269e-14    5.93133e-16    -1.75038e-15    -1.16928e-15    
185    4.97884e-16    5.45022e-16    -1.58696e-15    2.26965e-15    -7.50199e-16    -9.42933e-15    1.53724e-15    2.78281e-16    1.09804e-15    -1.62133e-15    
186    1.03547e-15    -7.09483e-16    -7.1887e-16    4.64528e-16    1.68694e-15    2.25147e-15    -2.13782e-14    -1.3075e-15    1.55819e-15    -1.2326e-15    
187    -3.31306e-16    -5.69537e-16    1.50877e-15    -6.05752e-16    -2.44558e-16    -4.16555e-15    -5.82226e-15    -3.89008e-16    1.8239e-15    -1.27755e-15    
188    6.79029e-18    -1.29963e-15    -1.91065e-16    8.45756e-16    -1.32961e-15    1.73243e-14    -4.42461e-15    4.36248e-16    1.24721e-15    -6.17027e-16    
189    -1.61961e-16    1.30033e-15    -7.03253e-16    -6.71859e-16    -1.91867e-15    2.40118e-15    -5.06543e-15    -6.68503e-16    1.34432e-15    6.98942e-16    
190    -1.95608e-16    1.79285e-15    2.3921e-16    1.08721e-15    -2.03994e-15    7.28038e-15    1.40838e-14    4.28339e-16    2.12212e-15    2.83597e-15    
191    -2.38463e-16    6.31688e-16    9.10351e-16    -1.99915e-15    4.64069e-16    7.06693e-15    -1.2572e-15    8.30299e-16    -1.55297e-15    -3.92348e-16    
192    7.19018e-16    -7.87093e-16    -1.20095e-15    -2.26229e-15    -8.44656e-16    -1.04052e-14    1.25023e-14    1.86891e-16    6.52925e-18    2.02958e-15    
193    5.3911e-16    1.36836e-15    -6.95158e-16    1.67077e-15    2.30068e-15    -2.25261e-14    -7.71995e-15    -7.77156e-16    -1.13149e-15    -3.09128e-15    
194    -4.33322e-17    2.10593e-16    -6.68021e-16    -3.03124e-15    1.8175e-15    -2.70491e-14    1.50652e-14    -5.55112e-16    2.60125e-16    7.71952e-16    
195    3.93857e-16    -1.00668e-15    -5.22084e-16    5.9879e-16    -1.08941e-15    -7.45533e-15    -2.3927e-14    -4.49293e-16    1.44723e-15    1.11022e-15    
196    -9.12941e-16    3.99688e-16    4.95697e-16    4.60675e-16    1.16573e-15    -2.33648e-14    -1.15186e-14    5.65737e-16    -3.81567e-15    -5.55112e-16    
197    2.70317e-16    1.75288e-16    -7.04298e-16    -8.20237e-16    -5.55112e-16    1.55469e-14    -1.70142e-14    -2.1684e-18    1.08391e-15    9.71445e-16    
198    1.87025e-17    2.64198e-15    1.44329e-15    6.12048e-16    2.44249e-15    -1.21227e-15    -2.28706e-14    -1.4634e-15    -3.53503e-16    -1.41553e-15    
199    1.29584e-15    3.26128e-16    -1.77636e-15    -1.81487e-15    -6.80012e-16    1.98572e-14    6.84869e-15    -1.16037e-16    -8.96619e-16    4.13558e-15    
200    2.22045e-16    -7.77156e-16    -9.22873e-16    2.92459e-15    5.96745e-16    2.17331e-14    -1.45439e-14    3.46077e-16    -1.22349e-16    -3.95343e-15    
201    7.77156e-16    -2.05391e-15    -4.85723e-16    -2.24333e-15    1.9984e-15    3.4752e-15    1.96509e-14    -1.10307e-15    -2.87572e-15    1.48492e-15    
202    -1.33227e-15    -5.55112e-16    2.23432e-15    8.65875e-16    -1.17961e-16    2.59079e-14    1.49325e-14    3.32677e-15    2.16594e-15    -1.04257e-15    
203    -1.72596e-16    -1.37307e-15    -1.19792e-16    -1.08549e-15    2.59313e-15    -1.74649e-14    1.36334e-14    -1.34461e-15    -3.79913e-15    -5.20127e-16    
204    2.19118e-16    1.18249e-15    6.48769e-16    6.21049e-21    -2.63492e-15    2.50067e-20    3.24855e-14    -9.7354e-17    -8.30335e-24    1.464e-15    
#Execution time: 111690 s
