#Fermion code
#Is hermitian: 1
1   1 100
2   2 100
3   3 100
4   4 100
5   5 100
6   6 100
7   7 100
8   8 100
9   9 100
10   10 100
11   11 100
12   12 100

13   1 110
14   2 110
15   3 110
16   4 110
17   5 110
18   6 110
19   7 110
20   8 110
21   9 110
22   10 110
23   11 110
24   12 110

25   1 210
26   2 210
27   3 210
28   4 210
29   5 210
30   6 210
31   7 210
32   8 210
33   9 210
34   10 210
35   11 210
36   12 210

37   1 120
38   2 120
39   3 120
40   4 120
41   5 120
42   6 120
43   7 120
44   8 120
45   9 120
46   10 120
47   11 120
48   12 120

49   1 101
50   2 101
51   3 101
52   4 101
53   5 101
54   6 101
55   7 101
56   8 101
57   9 101
58   10 101
59   11 101
60   12 101

61   1 201
62   2 201
63   3 201
64   4 201
65   5 201
66   6 201
67   7 201
68   8 201
69   9 201
70   10 201
71   11 201
72   12 201

73   1 111
74   2 111
75   3 111
76   4 111
77   5 111
78   6 111
79   7 111
80   8 111
81   9 111
82   10 111
83   11 111
84   12 111

85   1 211
86   2 211
87   3 211
88   4 211
89   5 211
90   6 211
91   7 211
92   8 211
93   9 211
94   10 211
95   11 211
96   12 211

97   1 311
98   2 311
99   3 311
100   4 311
101   5 311
102   6 311
103   7 311
104   8 311
105   9 311
106   10 311
107   11 311
108   12 311

109   1 121
110   2 121
111   3 121
112   4 121
113   5 121
114   6 121
115   7 121
116   8 121
117   9 121
118   10 121
119   11 121
120   12 121

121   1 221
122   2 221
123   3 221
124   4 221
125   5 221
126   6 221
127   7 221
128   8 221
129   9 221
130   10 221
131   11 221
132   12 221

133   1 131
134   2 131
135   3 131
136   4 131
137   5 131
138   6 131
139   7 131
140   8 131
141   9 131
142   10 131
143   11 131
144   12 131

145   1 331
146   2 331
147   3 331
148   4 331
149   5 331
150   6 331
151   7 331
152   8 331
153   9 331
154   10 331
155   11 331
156   12 331

157   1 102
158   2 102
159   3 102
160   4 102
161   5 102
162   6 102
163   7 102
164   8 102
165   9 102
166   10 102
167   11 102
168   12 102

169   1 112
170   2 112
171   3 112
172   4 112
173   5 112
174   6 112
175   7 112
176   8 112
177   9 112
178   10 112
179   11 112
180   12 112

181   1 212
182   2 212
183   3 212
184   4 212
185   5 212
186   6 212
187   7 212
188   8 212
189   9 212
190   10 212
191   11 212
192   12 212

193   1 122
194   2 122
195   3 122
196   4 122
197   5 122
198   6 122
199   7 122
200   8 122
201   9 122
202   10 122
203   11 122
204   12 122

#204 operators generated.
#Correlation matrix eigenvalues: 
  -4.1079e-17
  -4.0005e-17
  -2.8135e-17
  -2.7926e-17
  -2.7067e-17
  -2.5497e-17
  -2.3307e-17
  -1.9665e-17
  -1.8417e-17
  -1.6657e-17
  -1.5819e-17
  -1.5536e-17
  -1.4425e-17
  -1.4009e-17
  -1.1014e-17
  -1.0322e-17
  -9.5464e-18
  -9.4601e-18
  -9.0780e-18
  -8.6152e-18
  -8.5374e-18
  -7.3122e-18
  -6.7827e-18
  -6.2236e-18
  -4.7480e-18
  -4.6307e-18
  -4.2782e-18
  -3.9832e-18
  -3.5831e-18
  -3.5153e-18
  -2.4287e-18
  -2.2389e-18
  -1.6704e-18
  -1.3214e-18
  -1.1109e-18
  -1.0310e-18
  -9.3375e-19
  -6.7500e-19
  -5.9028e-19
  -5.6403e-19
  -5.6122e-19
  -4.9972e-19
  -4.9023e-19
  -4.6570e-19
  -4.4370e-19
  -4.3190e-19
  -4.1370e-19
  -3.9382e-19
  -3.8738e-19
  -3.6269e-19
  -3.6180e-19
  -3.1275e-19
  -3.0619e-19
  -3.0537e-19
  -2.9569e-19
  -2.4354e-19
  -2.3715e-19
  -2.1993e-19
  -2.0527e-19
  -2.0490e-19
  -1.9768e-19
  -1.8810e-19
  -1.7664e-19
  -1.7315e-19
  -1.6729e-19
  -1.6239e-19
  -1.4867e-19
  -1.4130e-19
  -1.3857e-19
  -1.1815e-19
  -9.9283e-20
  -9.7979e-20
  -9.3356e-20
  -9.2061e-20
  -9.1378e-20
  -8.7094e-20
  -6.9607e-20
  -6.8603e-20
  -6.4832e-20
  -6.1788e-20
  -4.4566e-20
  -3.9362e-20
  -3.5311e-20
  -3.3391e-20
  -2.6356e-20
  -2.4708e-20
  -2.0258e-20
  -1.6773e-20
  -6.3366e-21
  -3.7081e-21
  -3.4112e-21
  -8.6729e-22
  -7.7947e-22
   8.1788e-21
   1.4004e-20
   1.4854e-20
   1.6658e-20
   1.9710e-20
   1.9934e-20
   2.9797e-20
   4.1108e-20
   5.7794e-20
   6.3286e-20
   6.7838e-20
   7.7444e-20
   8.8377e-20
   9.4659e-20
   9.6754e-20
   9.6852e-20
   1.0966e-19
   1.2126e-19
   1.3265e-19
   1.3906e-19
   1.3945e-19
   1.5707e-19
   1.7998e-19
   1.8305e-19
   1.9082e-19
   1.9389e-19
   2.1609e-19
   2.4046e-19
   2.4051e-19
   2.4176e-19
   2.6325e-19
   2.7067e-19
   3.1096e-19
   3.2580e-19
   3.2946e-19
   3.4993e-19
   3.8126e-19
   3.9169e-19
   4.1204e-19
   4.1243e-19
   4.3398e-19
   4.6079e-19
   4.8756e-19
   5.3135e-19
   6.2163e-19
   6.6060e-19
   7.7216e-19
   1.0160e-18
   1.0318e-18
   1.8133e-18
   2.2956e-18
   2.6431e-18
   4.3732e-18
   4.7691e-18
   4.8809e-18
   5.2282e-18
   6.0215e-18
   6.6165e-18
   6.7216e-18
   7.6039e-18
   8.3272e-18
   1.2499e-17
   1.2675e-17
   1.2772e-17
   1.3728e-17
   1.6622e-17
   1.7277e-17
   1.8146e-17
   1.9454e-17
   2.3436e-17
   3.1203e-17
   4.0832e-17
   1.4468e-05
   1.4468e-05
   2.8935e-05
   2.8935e-05
   7.4651e-05
   7.4651e-05
   5.9523e-04
   5.9523e-04
   6.5104e-04
   6.5104e-04
   8.0795e-04
   8.0795e-04
   1.2604e-03
   1.2604e-03
   1.3021e-03
   1.3021e-03
   1.4522e-03
   1.4522e-03
   1.7293e-03
   2.1973e-03
   2.6746e-03
   2.6746e-03
   2.8769e-03
   2.8769e-03
   4.1790e-03
   4.1790e-03
   5.5013e-03
   5.5013e-03
   7.6844e-03
   7.9126e-03
   7.9126e-03
   1.0212e-02
   1.0212e-02
   1.2233e-02
   1.2233e-02
   2.2814e-02
   5.5063e-02
   7.7483e-02
   2.1430e-01

#Eigenvector: 
1    -6.01145e-14    2.45706e-14    -2.21276e-13    1.14165e-13    0.154472    1.16559e-15    3.96723e-14    7.83829e-13    -9.70399e-16    3.94535e-15    
2    -2.71867e-14    2.26565e-14    -1.60679e-13    2.33784e-14    4.15466e-16    -0.154472    4.97249e-14    1.02719e-12    3.09088e-15    -7.56384e-16    
3    -5.94272e-14    9.13254e-15    -2.1053e-13    1.25494e-13    0.154472    8.17073e-16    1.37817e-13    8.68757e-13    3.34624e-16    1.64154e-15    
4    -6.68355e-14    1.4818e-14    -2.64946e-13    5.14331e-14    3.0748e-16    -0.154472    1.26286e-13    9.89227e-13    1.81006e-15    -9.58842e-16    
5    -9.70858e-14    1.70514e-14    -3.35839e-13    1.53105e-13    0.154472    1.76444e-16    1.62127e-13    7.64689e-13    2.26331e-15    -1.31265e-16    
6    -7.75214e-14    2.74493e-14    -2.87546e-13    8.04933e-14    1.50401e-15    -0.154472    2.94616e-14    9.24635e-13    2.46213e-15    -7.04177e-16    
7    -6.31409e-14    2.39568e-14    -2.30961e-13    1.2843e-13    0.154472    3.95595e-17    3.91065e-14    8.19115e-13    1.1177e-16    9.39705e-16    
8    -4.16126e-14    2.34206e-14    -1.81884e-13    7.46047e-14    5.10009e-16    -0.154472    2.10693e-14    1.01935e-12    3.62565e-15    -4.28101e-16    
9    -5.56359e-14    9.78985e-15    -2.3079e-13    1.13317e-13    0.154472    4.76956e-16    1.17004e-13    8.85497e-13    1.62398e-15    1.25869e-15    
10    -8.14558e-14    1.51289e-14    -2.6314e-13    1.01611e-13    1.05254e-15    -0.154472    1.2432e-13    9.55802e-13    2.60208e-15    -2.70295e-15    
11    -9.10944e-14    1.62641e-14    -3.55044e-13    1.34777e-13    0.154472    7.22749e-16    1.26871e-13    7.5678e-13    -2.66906e-15    -4.80337e-16    
12    -7.52385e-14    2.75494e-14    -2.70071e-13    7.47882e-14    -2.25514e-16    -0.154472    5.15926e-14    9.12932e-13    1.92409e-15    -7.51962e-16    
13    -0.208924    -4.44984e-15    7.24513e-15    0.199209    -1.67188e-12    1.96137e-12    -0.172588    0.30848    0.334245    -0.22381    
14    -0.208924    -3.88369e-16    -2.14499e-15    0.199209    -1.88117e-12    2.07225e-12    0.180858    0.303705    -0.360948    -0.17756    
15    -0.208924    -7.79248e-15    -4.14981e-16    0.199209    -4.44565e-13    2.9925e-13    0.353445    -0.00477468    0.0267024    0.40137    
16    -0.208924    2.0397e-15    -1.31088e-15    0.199209    1.18996e-12    -1.58186e-12    0.172588    -0.30848    0.334245    -0.22381    
17    -0.208924    2.27177e-15    -6.10779e-15    0.199209    1.38731e-12    -1.70424e-12    -0.180858    -0.303705    -0.360948    -0.17756    
18    -0.208924    -1.87468e-15    1.60684e-15    0.199209    -3.95517e-14    6.47619e-14    -0.353445    0.00477468    0.0267024    0.40137    
19    -0.208924    4.14476e-15    -7.38258e-15    0.199209    -1.67059e-12    1.96048e-12    -0.172588    0.30848    0.334245    -0.22381    
20    -0.208924    3.90596e-16    3.36841e-15    0.199209    -1.88011e-12    2.07195e-12    0.180858    0.303705    -0.360948    -0.17756    
21    -0.208924    8.85261e-15    3.87853e-16    0.199209    -4.43836e-13    2.99017e-13    0.353445    -0.00477468    0.0267024    0.40137    
22    -0.208924    -9.15809e-16    2.6469e-15    0.199209    1.19016e-12    -1.58151e-12    0.172588    -0.30848    0.334245    -0.22381    
23    -0.208924    -1.24102e-15    5.39561e-15    0.199209    1.38656e-12    -1.70374e-12    -0.180858    -0.303705    -0.360948    -0.17756    
24    -0.208924    1.18676e-15    -1.05238e-15    0.199209    -4.0596e-14    6.55497e-14    -0.353445    0.00477468    0.0267024    0.40137    
25    5.64887e-14    -2.1924e-14    1.94496e-13    -1.2738e-13    -0.154472    -1.07679e-15    -5.82901e-14    -8.26332e-13    3.03507e-15    -3.94797e-15    
26    3.63254e-14    -2.50949e-14    1.96237e-13    -2.79656e-14    -7.91034e-16    0.154472    -5.326e-14    -1.01636e-12    -7.96215e-15    -3.72063e-15    
27    6.93003e-14    -1.16981e-14    2.30348e-13    -1.40636e-13    -0.154472    -5.93305e-16    -1.21457e-13    -8.29386e-13    3.32993e-15    -3.58128e-15    
28    6.4872e-14    -2.36078e-14    2.56521e-13    -6.17097e-14    -4.26742e-16    0.154472    -6.77754e-14    -9.63892e-13    -4.09876e-15    -6.69781e-16    
29    7.87111e-14    -2.19141e-14    2.77332e-13    -1.42672e-13    -0.154472    4.2788e-17    -9.43332e-14    -7.91535e-13    -4.79632e-15    -8.33882e-16    
30    5.71629e-14    -2.88606e-14    2.32016e-13    -6.90258e-14    -1.51441e-15    0.154472    7.42151e-16    -9.66445e-13    -6.18739e-15    1.80113e-15    
31    5.24813e-14    -2.03638e-14    2.00968e-13    -1.14164e-13    -0.154472    -1.97963e-16    -4.5135e-14    -8.40762e-13    3.99878e-16    2.32039e-17    
32    5.28191e-14    -2.54039e-14    1.95425e-13    -8.59235e-14    -3.79904e-16    0.154472    -3.64477e-14    -9.927e-13    -2.7797e-15    1.24523e-15    
33    6.25227e-14    -1.30647e-14    2.64047e-13    -1.20953e-13    -0.154472    -5.66564e-16    -1.0127e-13    -8.41924e-13    -2.57462e-15    4.53355e-15    
34    7.73342e-14    -2.45916e-14    2.39209e-13    -9.32418e-14    -9.45424e-16    0.154472    -7.04356e-14    -9.45691e-13    -3.22409e-15    1.13726e-15    
35    7.10184e-14    -2.00676e-14    2.90416e-13    -1.22729e-13    -0.154472    -9.47989e-16    -7.38572e-14    -7.64966e-13    6.46703e-15    4.55279e-15    
36    5.28816e-14    -2.93014e-14    2.12066e-13    -5.37214e-14    4.64906e-16    0.154472    -2.64624e-14    -9.53253e-13    -1.09159e-15    -2.07072e-15    
37    4.95367e-14    -2.09076e-14    2.18699e-13    -4.44232e-14    -4.94396e-16    0.154472    -7.46097e-14    -9.86905e-13    -4.22132e-15    3.63725e-15    
38    6.3043e-14    -1.17802e-14    2.37316e-13    -1.12248e-13    -0.154472    -1.01833e-15    -1.19267e-13    -8.26224e-13    -2.32431e-15    -1.62228e-15    
39    5.76899e-14    -1.238e-14    2.29414e-13    -4.6838e-14    -2.42861e-17    0.154472    -1.2262e-13    -1.00009e-12    2.8483e-15    5.48056e-15    
40    8.72187e-14    -1.44835e-14    3.16012e-13    -1.37981e-13    -0.154472    -4.90027e-16    -1.78508e-13    -8.03998e-13    -5.9462e-15    2.05935e-15    
41    7.94919e-14    -1.86665e-14    2.95987e-13    -7.02308e-14    -1.42334e-15    0.154472    -8.78202e-14    -9.50046e-13    -3.55243e-16    2.24678e-15    
42    8.15269e-14    -1.90784e-14    2.89476e-13    -1.38852e-13    -0.154472    -6.6383e-17    -1.06979e-13    -7.92289e-13    2.38094e-15    9.07049e-17    
43    6.1985e-14    -2.20104e-14    2.37419e-13    -8.6116e-14    -6.15827e-16    0.154472    -5.11893e-14    -9.77617e-13    3.01929e-18    -6.79272e-16    
44    6.62923e-14    -1.33809e-14    2.60773e-13    -1.27583e-13    -0.154472    -2.53617e-16    -1.10954e-13    -8.63818e-13    -2.18687e-15    -2.22085e-15    
45    7.02701e-14    -1.31376e-14    2.49602e-13    -9.03116e-14    -1.07379e-15    0.154472    -1.08782e-13    -9.82419e-13    -3.6195e-15    1.93261e-15    
46    8.42287e-14    -1.29892e-14    3.21773e-13    -1.27124e-13    -0.154472    -6.72757e-16    -1.42534e-13    -8.0035e-13    3.64686e-15    -5.31122e-15    
47    7.93531e-14    -1.80787e-14    2.94013e-13    -8.31397e-14    1.15359e-16    0.154472    -1.05229e-13    -9.23007e-13    -1.59159e-15    2.29349e-15    
48    8.01945e-14    -2.07713e-14    2.85896e-13    -1.26205e-13    -0.154472    -9.43384e-16    -9.26769e-14    -7.75607e-13    -2.85586e-15    -7.98914e-15    
49    1.26974e-15    1.30199e-14    -0.166667    -9.72582e-15    -6.46615e-13    5.63754e-13    2.95131e-14    -1.39008e-14    1.7965e-14    -8.15304e-15    
50    -2.51067e-15    1.30688e-14    -0.166667    8.98488e-15    -4.71373e-13    4.32082e-13    -1.34548e-14    -2.37475e-14    -1.2533e-15    -7.41701e-16    
51    1.32391e-15    -2.22012e-14    -0.166667    -6.9802e-15    -9.1975e-14    1.12635e-13    -1.82289e-14    1.50054e-14    -9.1774e-15    -6.20119e-15    
52    -3.34361e-15    1.56166e-14    -0.166667    1.58554e-15    1.21236e-13    -8.10139e-14    -1.31184e-15    1.57023e-14    -1.62134e-15    1.7592e-14    
53    -1.84656e-15    -2.35887e-14    -0.166667    8.45097e-16    -5.0078e-14    5.33207e-14    2.98295e-14    5.83436e-16    3.11e-15    2.60119e-15    
54    -1.47628e-15    1.52953e-14    -0.166667    -7.19196e-15    -4.37868e-13    3.78174e-13    -6.19581e-15    -3.21913e-14    8.75427e-15    -1.96172e-14    
55    -1.25958e-15    -1.35661e-14    -0.166667    9.08652e-15    -6.47149e-13    5.63605e-13    -3.34994e-14    1.22771e-14    -1.24205e-14    2.48542e-15    
56    2.30771e-15    -1.44243e-14    -0.166667    -8.82662e-15    -4.71713e-13    4.31782e-13    1.71657e-14    2.18055e-14    1.89166e-15    6.33894e-15    
57    -9.42045e-16    2.24564e-14    -0.166667    7.46936e-15    -9.18016e-14    1.12665e-13    1.82227e-14    -1.11361e-14    1.17885e-14    1.21733e-14    
58    3.17649e-15    -1.61825e-14    -0.166667    -1.88878e-15    1.21556e-13    -8.09764e-14    -1.97266e-15    -1.64595e-14    -2.99077e-15    -1.53121e-14    
59    1.65639e-15    2.4675e-14    -0.166667    2.3523e-16    -5.03486e-14    5.31588e-14    -2.63734e-14    -3.06658e-15    -8.9807e-15    -5.53265e-15    
60    1.83899e-15    -1.62348e-14    -0.166667    7.25668e-15    -4.38063e-13    3.77862e-13    7.68711e-15    3.66335e-14    -6.3064e-15    1.38594e-14    
61    3.26322e-14    -2.02852e-14    1.51862e-13    -6.63494e-14    2.63678e-16    0.135821    -1.84423e-14    -9.09032e-13    -2.41776e-15    -6.05756e-16    
62    3.4825e-14    -7.40212e-15    1.23903e-13    -8.00963e-14    -0.135821    -6.96155e-16    -7.03743e-14    -7.76357e-13    1.09284e-15    1.75011e-15    
63    4.57953e-14    -1.34856e-14    1.83262e-13    -6.59075e-14    -9.99201e-16    0.135821    -6.41809e-14    -8.97162e-13    -2.18684e-15    1.97414e-15    
64    5.82212e-14    -9.32499e-15    1.87134e-13    -1.08901e-13    -0.135821    -2.17196e-16    -9.95328e-14    -7.2456e-13    2.74574e-15    1.33609e-15    
65    5.10619e-14    -1.97678e-14    2.09196e-13    -6.57543e-14    -3.05311e-16    0.135821    -2.90581e-14    -8.67339e-13    1.16457e-16    2.28157e-15    
66    3.93604e-14    -1.39406e-14    1.44355e-13    -7.58888e-14    -0.135821    -3.50922e-16    -4.15924e-14    -7.29456e-13    4.31941e-15    4.00276e-15    
67    3.77323e-14    -1.86564e-14    1.36788e-13    -7.41135e-14    -1.1241e-15    0.135821    -4.98021e-15    -9.06481e-13    -1.6767e-15    -1.34489e-15    
68    3.4585e-14    -6.62501e-15    1.36907e-13    -8.24992e-14    -0.135821    -4.85702e-16    -7.5877e-14    -7.77151e-13    6.96364e-16    3.85389e-15    
69    4.89456e-14    -1.29013e-14    1.69451e-13    -7.13282e-14    -1.66533e-16    0.135821    -5.68418e-14    -8.96186e-13    -2.84725e-16    2.91038e-15    
70    5.01405e-14    -9.43061e-15    2.00217e-13    -8.51051e-14    -0.135821    -6.21252e-16    -9.63045e-14    -7.27763e-13    5.34288e-15    7.39124e-15    
71    6.11233e-14    -2.03273e-14    2.02285e-13    -9.51274e-14    -5.27356e-16    0.135821    -2.81486e-14    -8.49871e-13    -4.64561e-16    -9.79901e-17    
72    4.28543e-14    -1.36206e-14    1.5261e-13    -8.53159e-14    -0.135821    -9.87123e-16    -4.28052e-14    -7.30973e-13    6.54106e-15    -7.56972e-16    
73    1.28105e-13    2.49442e-14    1.82775e-13    -1.53133e-13    5.39631e-16    8.15255e-16    2.01395e-13    -4.19264e-13    3.42364e-15    4.92016e-15    
74    1.07489e-13    3.32781e-14    1.26224e-13    -8.79127e-14    -1.36856e-17    -4.48833e-16    1.4301e-13    -2.95111e-13    -3.18238e-15    -4.23316e-15    
75    6.08879e-14    2.29054e-14    8.09384e-14    -7.92429e-14    -4.61611e-16    -3.05878e-16    3.25636e-13    -2.81708e-13    3.68166e-15    6.73377e-15    
76    7.46757e-14    2.79626e-14    1.27165e-13    -3.74918e-14    -4.17131e-16    -2.40808e-16    3.28821e-13    -3.25452e-13    -2.80322e-15    -3.72637e-15    
77    1.00043e-13    2.24393e-14    1.398e-13    -1.0931e-13    -1.08374e-15    -2.02518e-16    3.79226e-13    -4.3977e-13    3.21084e-15    7.44932e-15    
78    1.38414e-13    3.61771e-14    2.2088e-13    -1.19305e-13    4.44181e-16    5.82162e-16    2.21139e-13    -4.86315e-13    -7.36889e-15    -6.131e-15    
79    1.14018e-13    2.64672e-14    1.8831e-13    -1.04775e-13    -4.72516e-16    -8.22752e-16    2.03507e-13    -4.21017e-13    4.96902e-15    4.84974e-15    
80    1.09845e-13    3.38607e-14    1.38288e-13    -9.07158e-14    8.49684e-16    4.25086e-16    1.44208e-13    -3.18017e-13    -7.5897e-15    -2.74574e-15    
81    4.85656e-14    2.47365e-14    9.52842e-14    -2.84102e-14    -8.54917e-16    5.65729e-16    3.11033e-13    -2.76294e-13    5.17946e-15    5.50358e-15    
82    8.02055e-14    2.94814e-14    1.35577e-13    -5.37555e-14    -1.41356e-16    4.09332e-16    3.45046e-13    -3.24699e-13    -5.14882e-15    -3.12032e-15    
83    9.64243e-14    2.17543e-14    1.53637e-13    -1.01892e-13    -1.25636e-16    4.99532e-16    3.83887e-13    -4.56506e-13    4.07513e-15    5.34925e-15    
84    1.44501e-13    3.72728e-14    2.27625e-13    -1.32527e-13    -1.66005e-16    -7.76288e-16    2.34203e-13    -4.8238e-13    -5.58736e-15    -5.7245e-15    
85    1.12112e-15    -0.204124    0.166667    -1.95312e-15    6.64917e-13    -5.90149e-13    3.49456e-14    3.28934e-14    2.25905e-15    1.5873e-14    
86    -7.2032e-16    -0.204124    0.166667    -3.09525e-15    4.89529e-13    -4.58257e-13    2.91444e-14    -2.79044e-14    1.85002e-14    -3.27147e-15    
87    2.0539e-15    -0.204124    0.166667    5.89906e-15    1.10285e-13    -1.38912e-13    -1.80972e-14    -2.6971e-14    -2.2277e-15    -2.60111e-14    
88    3.5689e-15    -0.204124    0.166667    -6.91547e-15    -1.02866e-13    5.48424e-14    -3.20247e-14    2.09902e-14    -1.35608e-14    1.40845e-16    
89    2.07788e-15    -0.204124    0.166667    4.95004e-15    6.85042e-14    -7.97626e-14    2.14555e-14    4.15398e-14    -1.07854e-15    2.53431e-14    
90    5.70021e-16    -0.204124    0.166667    -4.46847e-15    4.56419e-13    -4.04644e-13    3.76091e-14    -2.71358e-14    1.92793e-14    -2.69869e-15    
91    -1.03207e-15    -0.204124    0.166667    2.34351e-15    6.65838e-13    -5.90212e-13    -3.01477e-14    -3.21362e-14    -8.84737e-15    -1.16045e-14    
92    8.57424e-16    -0.204124    0.166667    3.36979e-15    4.9043e-13    -4.58371e-13    -3.31681e-14    2.95047e-14    -1.6937e-14    -3.55566e-15    
93    -2.70955e-15    -0.204124    0.166667    -5.41389e-15    1.10515e-13    -1.39365e-13    1.80506e-14    2.21897e-14    1.5294e-15    2.12446e-14    
94    -3.30728e-15    -0.204124    0.166667    6.98467e-15    -1.02893e-13    5.43947e-14    3.61612e-14    -2.01835e-14    1.88126e-14    -9.91889e-16    
95    -1.99885e-15    -0.204124    0.166667    -5.00253e-15    6.88399e-14    -7.97828e-14    -2.39927e-14    -3.88982e-14    4.68309e-15    -2.00316e-14    
96    -8.2429e-16    -0.204124    0.166667    4.54098e-15    4.56463e-13    -4.04323e-13    -3.9174e-14    2.21706e-14    -2.30196e-14    5.50307e-15    
97    -1.51295e-14    1.01781e-14    -8.45688e-14    2.27408e-14    0.00947947    6.55405e-17    1.44026e-14    1.01361e-14    3.57562e-15    1.12909e-17    
98    -3.56705e-15    1.24379e-15    -7.24801e-14    -4.37486e-14    2.42861e-17    -0.00947947    -2.03932e-14    9.93823e-15    8.85721e-16    -1.23257e-15    
99    -1.02642e-15    1.60581e-14    -3.50234e-14    4.00809e-15    0.00947947    -3.84299e-17    -4.59669e-14    7.53014e-15    -9.23456e-16    6.57959e-15    
100    1.71594e-14    1.83938e-15    -1.89964e-14    -3.85366e-14    2.42861e-17    -0.00947947    -4.91551e-14    5.8451e-14    4.40588e-15    8.06007e-16    
101    3.20845e-15    9.30647e-15    -2.10413e-15    5.99479e-15    0.00947947    -8.74675e-17    -6.38311e-15    7.09184e-14    1.12242e-15    1.18739e-14    
102    2.71959e-15    -3.81315e-15    -6.74148e-14    -2.8231e-14    6.59195e-17    -0.00947947    6.25236e-15    4.9531e-14    9.18077e-15    -1.81983e-15    
103    -1.88216e-14    9.20241e-15    -7.66854e-14    2.76895e-14    0.00947947    -7.44946e-17    1.3362e-14    1.68101e-14    6.9232e-15    9.49174e-15    
104    -7.82059e-15    1.49283e-15    -1.02977e-13    -2.22263e-14    6.93889e-18    -0.00947947    -2.8339e-14    8.29013e-16    7.96127e-15    -6.88547e-15    
105    -8.78859e-15    1.66845e-14    -2.68976e-14    2.32197e-14    0.00947947    -4.02925e-17    -4.95269e-14    1.99838e-14    1.13015e-14    6.2215e-15    
106    1.73815e-14    2.53217e-15    -3.47728e-14    -3.80279e-14    -9.36751e-17    -0.00947947    -4.27252e-14    5.74429e-14    4.04064e-15    -7.5504e-15    
107    8.46496e-15    7.47321e-15    -4.32517e-15    -7.05497e-15    0.00947947    5.1123e-17    -2.16803e-14    6.30566e-14    6.27606e-15    -8.53686e-16    
108    -6.98438e-17    -3.43165e-15    -4.98798e-14    -2.52294e-14    -1.04083e-16    -0.00947947    8.28337e-15    4.43986e-14    -1.38019e-15    -5.06046e-15    
109    0.199209    7.38983e-16    -2.05254e-15    0.208924    1.21802e-12    -1.5155e-12    -0.00275903    -0.204237    0.00462576    0.0695309    
110    0.199209    4.65336e-15    1.86313e-15    0.208924    6.97841e-13    -8.1737e-13    -0.178254    -0.0997291    0.0579026    -0.0387715    
111    0.199209    2.29763e-15    -1.46276e-16    0.208924    -5.97938e-13    7.23751e-13    -0.175495    0.104508    -0.0625284    -0.0307594    
112    0.199209    -1.29585e-15    4.29325e-15    0.208924    -1.36625e-12    1.56755e-12    0.00275903    0.204237    0.00462576    0.0695309    
113    0.199209    2.12448e-15    2.1396e-15    0.208924    -8.45386e-13    8.72156e-13    0.178254    0.0997291    0.0579026    -0.0387715    
114    0.199209    -2.67964e-15    1.91165e-15    0.208924    4.4185e-13    -6.70207e-13    0.175495    -0.104508    -0.0625284    -0.0307594    
115    0.199209    4.90437e-16    1.31052e-15    0.208924    1.21756e-12    -1.51541e-12    -0.00275903    -0.204237    0.00462576    0.0695309    
116    0.199209    -4.22479e-15    -1.9592e-15    0.208924    6.97534e-13    -8.17322e-13    -0.178254    -0.0997291    0.0579026    -0.0387715    
117    0.199209    -2.67208e-15    3.07005e-16    0.208924    -5.98212e-13    7.23669e-13    -0.175495    0.104508    -0.0625284    -0.0307594    
118    0.199209    1.20025e-15    -3.90078e-15    0.208924    -1.36625e-12    1.56737e-12    0.00275903    0.204237    0.00462576    0.0695309    
119    0.199209    -1.52906e-15    -5.6739e-16    0.208924    -8.45147e-13    8.72016e-13    0.178254    0.0997291    0.0579026    -0.0387715    
120    0.199209    3.31214e-15    -1.78034e-15    0.208924    4.4234e-13    -6.70491e-13    0.175495    -0.104508    -0.0625284    -0.0307594    
121    -4.49206e-14    2.87371e-16    -1.74908e-13    8.00054e-14    0.135821    8.35186e-16    1.00302e-13    7.71233e-13    -3.04476e-15    1.27004e-15    
122    -5.70367e-14    1.24319e-14    -1.91481e-13    7.93671e-14    2.08167e-16    -0.135821    1.39233e-13    8.93189e-13    1.27487e-16    -1.79109e-15    
123    -7.77297e-14    2.22475e-15    -2.66128e-13    1.06982e-13    0.135821    5.08233e-16    1.64e-13    6.98775e-13    -4.66979e-16    1.97188e-15    
124    -7.55649e-14    2.596e-14    -2.65438e-13    8.10535e-14    8.18789e-16    -0.135821    7.76363e-14    8.23839e-13    -1.16301e-15    -8.59467e-16    
125    -7.00866e-14    8.59735e-15    -2.18892e-13    1.24615e-13    0.135821    1.60105e-16    7.46861e-14    6.9145e-13    2.43046e-17    -6.99747e-15    
126    -4.60455e-14    2.61896e-14    -1.29103e-13    7.98844e-14    7.49401e-16    -0.135821    4.1503e-14    8.98657e-13    -1.00108e-14    1.86577e-15    
127    -3.48907e-14    1.32227e-15    -1.94676e-13    5.2322e-14    0.135821    2.97661e-16    1.01071e-13    7.85299e-13    -9.12738e-16    -6.02683e-15    
128    -7.14466e-14    1.29326e-14    -1.78304e-13    1.2215e-13    5.68989e-16    -0.135821    1.02294e-13    8.88464e-13    -5.0548e-15    -1.05752e-15    
129    -7.28134e-14    1.81493e-15    -2.95254e-13    9.8349e-14    0.135821    4.03889e-16    1.56191e-13    7.05013e-13    -6.49708e-15    -5.97962e-15    
130    -8.57637e-14    2.67583e-14    -2.41819e-13    1.0807e-13    3.747e-16    -0.135821    8.26663e-14    8.08349e-13    -2.0434e-15    5.66224e-15    
131    -6.43181e-14    8.19558e-15    -2.49413e-13    1.09206e-13    0.135821    9.52226e-16    6.14472e-14    6.90499e-13    -1.22561e-14    -7.77801e-16    
132    -5.0087e-14    2.58069e-14    -1.40794e-13    9.52759e-14    1.11022e-16    -0.135821    3.79678e-14    8.76912e-13    -1.49155e-15    5.39294e-15    
133    -1.91248e-14    1.09227e-15    2.00696e-14    5.1135e-14    -3.69559e-15    -1.65586e-16    3.17291e-14    4.23083e-15    -3.18758e-15    3.07817e-15    
134    -5.21883e-15    3.97352e-15    -1.48103e-14    1.48454e-14    2.498e-16    2.74499e-16    5.80925e-15    1.53764e-14    7.37802e-15    6.12303e-15    
135    -1.48299e-14    -5.55407e-15    2.59322e-14    4.28053e-14    -3.83677e-15    -2.44208e-16    2.17681e-14    1.6459e-14    -9.52333e-15    8.11679e-16    
136    -1.48431e-14    2.0259e-16    3.69514e-15    4.51754e-14    2.91434e-16    2.11993e-16    2.43807e-14    -1.14158e-14    -2.48962e-16    4.26936e-15    
137    -1.58553e-14    -2.35998e-15    -2.08878e-14    3.61208e-14    -3.64074e-15    -1.71497e-16    1.76345e-14    8.64193e-15    4.47961e-15    1.18098e-15    
138    -1.25671e-14    -1.24926e-15    -4.25284e-15    2.41789e-14    2.08167e-17    -1.30607e-16    2.06965e-14    -1.29999e-14    4.22316e-15    -1.14767e-15    
139    -9.44634e-15    6.06132e-16    2.10617e-14    1.16207e-14    -3.32152e-15    8.78515e-17    9.35757e-16    -1.64332e-14    -4.68367e-15    -1.46695e-16    
140    -6.40886e-15    4.48608e-15    1.34536e-14    2.38376e-14    -1.66533e-16    -3.43527e-16    3.4049e-14    -1.48708e-14    -1.0057e-15    4.2862e-15    
141    -1.19864e-14    -5.11029e-15    7.78873e-15    3.57377e-14    -3.22393e-15    3.29369e-16    1.76193e-14    -5.90975e-15    -9.1392e-16    -2.89911e-15    
142    -2.8041e-15    8.42462e-18    3.58778e-14    -1.04221e-14    -2.28983e-16    -2.91842e-16    4.10405e-14    1.59694e-14    -3.88338e-16    4.76596e-15    
143    -1.49086e-14    -2.44863e-15    2.28802e-15    3.84065e-14    -3.39744e-15    2.08507e-16    4.09458e-14    -1.9612e-14    -7.4767e-15    -3.43798e-15    
144    -3.27594e-15    -1.97466e-15    2.62238e-15    -1.02695e-14    -1.38778e-17    3.2239e-19    3.00755e-14    -2.88957e-15    -9.82327e-16    4.15083e-15    
145    -4.27513e-14    6.4605e-15    -7.05005e-14    8.10363e-14    0.00947947    9.92254e-17    4.01867e-14    -1.13305e-14    -2.38587e-15    8.52751e-19    
146    -1.10406e-14    4.67785e-15    -7.30735e-14    -1.51298e-14    -1.06165e-15    -0.00947947    8.59623e-15    1.59124e-14    3.20958e-15    4.81344e-15    
147    -2.10347e-14    9.50426e-15    4.27181e-15    6.4561e-14    0.00947947    4.13329e-17    -7.06001e-15    3.89591e-14    -3.98211e-15    3.34917e-15    
148    4.74191e-15    4.67157e-16    -3.28677e-14    -2.19739e-14    9.64506e-16    -0.00947947    1.46649e-14    6.71333e-14    8.04561e-15    5.99767e-15    
149    -2.7658e-14    9.3932e-16    -1.73619e-14    7.35693e-14    0.00947947    -4.55168e-17    4.6167e-14    5.55922e-14    -4.79562e-15    7.05303e-15    
150    -1.96691e-14    -1.53904e-15    -8.57361e-14    -7.45904e-17    -7.84095e-16    -0.00947947    5.61723e-14    2.33297e-14    9.75327e-15    3.37192e-15    
151    -3.7669e-14    8.73182e-15    -7.05636e-14    5.48516e-14    0.00947947    -1.83211e-16    3.15121e-14    -1.02629e-15    8.2711e-16    8.54735e-15    
152    -1.57105e-14    5.25299e-15    -7.91751e-14    1.08624e-14    1.02696e-15    -0.00947947    -5.31152e-16    8.69301e-15    1.01938e-14    -1.09443e-15    
153    -2.16207e-14    8.20323e-15    2.85772e-15    5.70292e-14    0.00947947    6.52879e-17    -1.3999e-14    2.78267e-14    1.96159e-15    8.82897e-15    
154    6.49051e-15    7.97724e-16    -2.24057e-14    -2.57953e-14    -8.04912e-16    -0.00947947    2.31903e-14    6.23293e-14    3.74703e-15    -3.37487e-16    
155    -2.70787e-14    1.81669e-15    -2.24267e-14    6.94114e-14    0.00947947    4.84195e-17    4.61459e-14    5.36833e-14    4.70072e-15    1.53183e-15    
156    -1.8212e-14    -2.03541e-15    -8.84589e-14    -1.02951e-14    8.67362e-16    -0.00947947    5.76258e-14    2.21821e-14    1.58272e-15    5.95273e-16    
157    4.33606e-14    -9.97254e-15    1.63278e-13    -7.73592e-14    -6.17562e-16    0.135821    -7.53338e-14    -9.20554e-13    -6.10262e-16    6.38014e-15    
158    5.65956e-14    -3.71151e-15    1.73713e-13    -1.03878e-13    -0.135821    -7.35109e-16    -1.43058e-13    -7.65082e-13    5.41414e-16    3.15111e-15    
159    6.70153e-14    -7.2148e-15    2.0687e-13    -8.92981e-14    -1.97758e-16    0.135821    -1.14418e-13    -8.80084e-13    4.95599e-15    4.94223e-15    
160    7.07822e-14    -9.09704e-15    2.38422e-13    -1.1366e-13    -0.135821    -3.2541e-16    -1.30936e-13    -7.13949e-13    2.75321e-15    2.60069e-15    
161    6.39622e-14    -1.18837e-14    2.06958e-13    -9.78255e-14    -1.43635e-15    0.135821    -5.75233e-14    -8.61581e-13    7.47265e-15    2.03325e-15    
162    5.28373e-14    -1.14539e-14    1.6418e-13    -9.95166e-14    -0.135821    -1.64098e-16    -8.42556e-14    -7.45115e-13    6.09484e-15    -1.69485e-16    
163    4.74302e-14    -9.43951e-15    1.57833e-13    -8.32164e-14    -3.46945e-16    0.135821    -8.14168e-14    -9.0441e-13    -1.03913e-15    -5.69169e-15    
164    5.69783e-14    -3.42734e-15    1.84327e-13    -1.0717e-13    -0.135821    -4.64826e-16    -1.31587e-13    -7.65707e-13    1.78892e-15    -5.55777e-16    
165    6.53846e-14    -6.63558e-15    2.11059e-13    -8.53436e-14    -7.00828e-16    0.135821    -1.18833e-13    -8.72446e-13    -3.48158e-15    1.10235e-15    
166    7.197e-14    -9.68527e-15    2.25943e-13    -1.175e-13    -0.135821    -7.8924e-16    -1.27917e-13    -7.03901e-13    4.39609e-15    -7.57251e-16    
167    5.80433e-14    -1.16844e-14    1.92063e-13    -7.61658e-14    2.5327e-16    0.135821    -7.78314e-14    -8.67882e-13    -1.98922e-15    3.47145e-15    
168    4.93805e-14    -1.21192e-14    1.55457e-13    -8.56203e-14    -0.135821    -8.29305e-16    -8.80081e-14    -7.39271e-13    2.75789e-15    -3.57607e-15    
169    -2.29483e-15    0.204124    0.166667    -2.06029e-15    6.2815e-13    -5.37339e-13    1.82687e-15    -4.48326e-14    1.15371e-14    -1.12223e-14    
170    1.03249e-16    0.204124    0.166667    2.66128e-15    4.52985e-13    -4.0579e-13    -5.09403e-14    4.8018e-15    -1.90893e-14    -7.01159e-15    
171    1.89022e-15    0.204124    0.166667    1.04521e-15    7.37743e-14    -8.64339e-14    2.68828e-15    3.65814e-14    -8.08022e-15    1.03471e-14    
172    -2.1785e-17    0.204124    0.166667    -5.00861e-16    -1.39555e-13    1.07257e-13    3.77189e-14    -3.63988e-15    1.30306e-14    1.46651e-14    
173    1.62974e-15    0.204124    0.166667    4.49506e-15    3.17385e-14    -2.71485e-14    3.40794e-15    -3.72094e-14    1.19494e-14    -2.03456e-14    
174    1.2466e-15    0.204124    0.166667    1.37345e-15    4.19338e-13    -3.51688e-13    -4.49125e-14    -9.92522e-15    -1.06819e-14    -8.3817e-15    
175    2.1774e-15    0.204124    0.166667    2.56253e-15    6.28615e-13    -5.37185e-13    2.19701e-15    4.70418e-14    -1.55772e-14    1.97447e-14    
176    -4.41569e-18    0.204124    0.166667    -2.61211e-15    4.532e-13    -4.0523e-13    4.64523e-14    -2.0805e-15    1.93172e-14    2.7552e-15    
177    -2.22786e-15    0.204124    0.166667    -2.05873e-15    7.31012e-14    -8.60645e-14    -2.37631e-15    -4.01393e-14    3.54054e-15    -1.48803e-14    
178    4.7875e-16    0.204124    0.166667    -2.0608e-16    -1.40214e-13    1.07673e-13    -3.44016e-14    5.34555e-15    -1.00455e-14    -1.81403e-14    
179    -1.52527e-15    0.204124    0.166667    -5.27873e-15    3.1683e-14    -2.65527e-14    -7.88786e-15    3.97409e-14    -6.85024e-15    2.17376e-14    
180    -1.50027e-15    0.204124    0.166667    -2.43263e-15    4.19553e-13    -3.51241e-13    4.26778e-14    5.30305e-15    1.05413e-14    1.16278e-14    
181    -5.8328e-14    1.31417e-14    -2.57135e-13    5.1929e-14    -4.14599e-16    -0.145301    8.1882e-14    9.10232e-13    4.93975e-16    -3.13312e-15    
182    -7.26925e-14    2.13282e-14    -2.15194e-13    1.40752e-13    0.145301    7.58113e-16    9.77199e-14    7.48194e-13    1.62373e-15    1.3112e-15    
183    -4.54702e-14    1.62574e-14    -2.35038e-13    3.24274e-14    9.35016e-16    -0.145301    4.59102e-14    9.3335e-13    5.92178e-15    -1.53234e-15    
184    -6.42046e-14    1.72585e-14    -1.76397e-13    1.40614e-13    0.145301    1.86699e-16    9.15953e-14    7.87791e-13    -9.7924e-15    4.13531e-15    
185    -5.06952e-14    1.29854e-14    -2.32948e-13    6.20967e-14    8.20524e-16    -0.145301    6.47175e-14    9.39789e-13    -5.14097e-16    1.37879e-15    
186    -7.03896e-14    1.60028e-14    -2.25853e-13    1.28458e-13    0.145301    -2.63195e-17    1.20893e-13    7.82201e-13    -9.69368e-16    7.96274e-15    
187    -6.79245e-14    1.21877e-14    -2.63997e-13    8.15844e-14    1.39125e-15    -0.145301    6.23405e-14    9.01301e-13    1.11286e-14    -5.34316e-16    
188    -7.35037e-14    2.00153e-14    -2.22513e-13    1.36062e-13    0.145301    3.66559e-16    8.42236e-14    7.55876e-13    1.98354e-15    6.35826e-15    
189    -5.19789e-14    1.6904e-14    -2.45449e-13    6.16339e-14    3.07046e-16    -0.145301    4.72628e-14    9.08751e-13    7.92042e-15    -4.97631e-15    
190    -6.40662e-14    1.77436e-14    -1.86041e-13    1.36439e-13    0.145301    7.76007e-16    8.0108e-14    7.85401e-13    4.10016e-15    1.91091e-15    
191    -5.06466e-14    1.33953e-14    -2.25157e-13    5.50835e-14    5.55112e-16    -0.145301    8.03268e-14    9.33309e-13    3.66011e-15    -4.61554e-15    
192    -6.93837e-14    1.48423e-14    -2.19252e-13    1.28726e-13    0.145301    1.16819e-15    1.15087e-13    7.66209e-13    -3.942e-15    6.50954e-16    
193    -3.17421e-14    1.75199e-14    -1.58073e-13    6.87679e-14    0.135821    7.95642e-16    3.24731e-14    7.41407e-13    5.09984e-15    1.27415e-15    
194    -2.33706e-14    1.83475e-14    -1.05456e-13    2.89768e-14    6.08892e-16    -0.135821    3.6211e-14    9.27189e-13    -1.61925e-15    -7.76465e-15    
195    -4.18907e-14    3.66374e-15    -2.0961e-13    6.53986e-14    0.135821    3.93419e-16    1.2559e-13    7.62732e-13    2.54422e-15    -6.72486e-15    
196    -8.40973e-14    1.92069e-14    -1.93012e-13    1.34233e-13    7.35666e-16    -0.135821    6.83538e-14    8.44231e-13    -5.20957e-15    2.38577e-17    
197    -6.1283e-14    1.27676e-14    -3.11279e-13    8.03944e-14    0.135821    1.79282e-16    8.70599e-14    6.84434e-13    1.14751e-15    -1.29479e-14    
198    -6.05072e-14    2.37686e-14    -1.52515e-13    9.4334e-14    1.03354e-15    -0.135821    -4.69107e-15    8.3775e-13    -1.01304e-14    -3.11657e-15    
199    -2.63678e-14    1.84006e-14    -1.82525e-13    5.93508e-14    0.135821    1.50583e-16    1.8996e-14    7.50164e-13    -4.62579e-15    -8.24223e-15    
200    -3.67986e-14    1.91658e-14    -1.20041e-13    6.83704e-14    4.39943e-16    -0.135821    3.62458e-14    9.03971e-13    9.02026e-16    -2.80807e-16    
201    -5.07076e-14    3.33737e-15    -2.13132e-13    1.00974e-13    0.135821    8.22259e-16    1.04824e-13    7.62731e-13    -5.48059e-15    -4.02217e-15    
202    -7.17696e-14    2.01139e-14    -1.96246e-13    9.51488e-14    1.61383e-16    -0.135821    9.36496e-14    8.49144e-13    -8.11135e-16    -8.48564e-16    
203    -5.49002e-14    1.32634e-14    -2.83941e-13    5.35043e-14    0.135821    7.77156e-16    8.29361e-14    6.59098e-13    -5.96972e-15    -2.52323e-15    
204    -5.42129e-14    2.28951e-14    -1.47826e-13    8.19395e-14    1.50363e-16    -0.135821    6.58792e-15    8.45325e-13    1.78726e-18    -4.84464e-15    
#Execution time: 203309 s
