#Fermion code
#Is hermitian: 1
1   1 100
2   2 100
3   3 100
4   4 100
5   5 100
6   6 100
7   7 100
8   8 100
9   9 100
10   10 100
11   11 100

12   1 110
13   2 110
14   3 110
15   4 110
16   5 110
17   6 110
18   7 110
19   8 110
20   9 110
21   10 110
22   11 110

23   1 210
24   2 210
25   3 210
26   4 210
27   5 210
28   6 210
29   7 210
30   8 210
31   9 210
32   10 210
33   11 210

34   1 120
35   2 120
36   3 120
37   4 120
38   5 120
39   6 120
40   7 120
41   8 120
42   9 120
43   10 120
44   11 120

45   1 101
46   2 101
47   3 101
48   4 101
49   5 101
50   6 101
51   7 101
52   8 101
53   9 101
54   10 101
55   11 101

56   1 201
57   2 201
58   3 201
59   4 201
60   5 201
61   6 201
62   7 201
63   8 201
64   9 201
65   10 201
66   11 201

67   1 111
68   2 111
69   3 111
70   4 111
71   5 111
72   6 111
73   7 111
74   8 111
75   9 111
76   10 111
77   11 111

78   1 211
79   2 211
80   3 211
81   4 211
82   5 211
83   6 211
84   7 211
85   8 211
86   9 211
87   10 211
88   11 211

89   1 311
90   2 311
91   3 311
92   4 311
93   5 311
94   6 311
95   7 311
96   8 311
97   9 311
98   10 311
99   11 311

100   1 121
101   2 121
102   3 121
103   4 121
104   5 121
105   6 121
106   7 121
107   8 121
108   9 121
109   10 121
110   11 121

111   1 221
112   2 221
113   3 221
114   4 221
115   5 221
116   6 221
117   7 221
118   8 221
119   9 221
120   10 221
121   11 221

122   1 131
123   2 131
124   3 131
125   4 131
126   5 131
127   6 131
128   7 131
129   8 131
130   9 131
131   10 131
132   11 131

133   1 331
134   2 331
135   3 331
136   4 331
137   5 331
138   6 331
139   7 331
140   8 331
141   9 331
142   10 331
143   11 331

144   1 102
145   2 102
146   3 102
147   4 102
148   5 102
149   6 102
150   7 102
151   8 102
152   9 102
153   10 102
154   11 102

155   1 112
156   2 112
157   3 112
158   4 112
159   5 112
160   6 112
161   7 112
162   8 112
163   9 112
164   10 112
165   11 112

166   1 212
167   2 212
168   3 212
169   4 212
170   5 212
171   6 212
172   7 212
173   8 212
174   9 212
175   10 212
176   11 212

177   1 122
178   2 122
179   3 122
180   4 122
181   5 122
182   6 122
183   7 122
184   8 122
185   9 122
186   10 122
187   11 122

#187 operators generated.
#Correlation matrix eigenvalues: 
  -6.9036e-18
  -5.8286e-18
  -5.3482e-18
  -5.2697e-18
  -4.3703e-18
  -3.1769e-18
  -2.3079e-18
  -1.4241e-18
  -1.2457e-18
  -1.1869e-18
  -1.1090e-18
  -8.9573e-19
  -7.4946e-19
  -7.2961e-19
  -6.9496e-19
  -6.6334e-19
  -5.6395e-19
  -5.4176e-19
  -4.5984e-19
  -4.0099e-19
  -3.6833e-19
  -3.1630e-19
  -3.0940e-19
  -2.7983e-19
  -2.4351e-19
  -2.0669e-19
  -1.6699e-19
  -1.3963e-19
  -1.3181e-19
  -1.1434e-19
  -9.3709e-20
  -5.3093e-20
  -1.6503e-20
  -5.3785e-22
  -5.2843e-23
  -1.3182e-23
  -1.0636e-23
  -9.5284e-24
  -9.3301e-24
  -6.9048e-24
  -6.4093e-24
  -5.6571e-24
  -5.2933e-24
  -4.1264e-24
  -3.8845e-24
  -3.5345e-24
  -3.2263e-24
  -3.1686e-24
  -2.8341e-24
  -2.6588e-24
  -2.6199e-24
  -2.3541e-24
  -2.2073e-24
  -1.9723e-24
  -1.8506e-24
  -1.5917e-24
  -1.3490e-24
  -1.2377e-24
  -1.1095e-24
  -1.1042e-24
  -9.1612e-25
  -7.7389e-25
  -7.1004e-25
  -6.7014e-25
  -6.3493e-25
  -5.9341e-25
  -4.3531e-25
  -4.2869e-25
  -3.3483e-25
  -3.0438e-25
  -2.5687e-25
  -2.3144e-25
  -2.2630e-25
  -2.2385e-25
  -1.9313e-25
  -1.7736e-25
  -1.3455e-25
  -7.7573e-26
  -7.5214e-26
  -4.7987e-26
  -1.5159e-26
  -1.2428e-26
  -5.9715e-27
  -3.5818e-27
  -1.1285e-28
  -3.2829e-29
   3.6362e-29
   4.9856e-29
   1.2529e-28
   1.8956e-28
   2.4552e-28
   4.5074e-28
   8.0208e-28
   8.3145e-28
   1.0274e-27
   1.5509e-27
   4.2023e-27
   9.4931e-27
   1.5628e-26
   2.2876e-26
   3.6962e-26
   4.0291e-26
   7.4730e-26
   7.6164e-26
   9.8509e-26
   1.0525e-25
   1.7219e-25
   2.2932e-25
   2.7072e-25
   2.7553e-25
   3.6123e-25
   4.3756e-25
   4.5713e-25
   4.6244e-25
   5.2891e-25
   6.7639e-25
   6.8215e-25
   8.4545e-25
   9.1470e-25
   9.6031e-25
   1.0454e-24
   1.2549e-24
   1.2633e-24
   1.6449e-24
   1.6959e-24
   1.8095e-24
   1.9580e-24
   2.1420e-24
   2.2840e-24
   2.4641e-24
   2.7346e-24
   3.3326e-24
   3.8005e-24
   4.4373e-24
   4.4409e-24
   4.6011e-24
   5.2134e-24
   6.1102e-24
   6.2164e-24
   8.0717e-24
   1.1506e-23
   3.4552e-23
   1.0588e-22
   5.6666e-21
   4.8767e-20
   9.5922e-20
   9.8286e-20
   1.3080e-19
   1.5268e-19
   1.7295e-19
   1.8646e-19
   1.9766e-19
   2.4112e-19
   3.0639e-19
   3.2185e-19
   4.0304e-19
   4.4467e-19
   4.9568e-19
   5.5513e-19
   6.4035e-19
   6.8477e-19
   7.4090e-19
   9.3648e-19
   1.0820e-18
   1.3868e-18
   1.6542e-18
   2.7071e-18
   2.7613e-18
   3.8116e-18
   4.8866e-18
   5.3661e-18
   6.9806e-18
   8.1737e-18
   1.6772e-05
   1.6772e-05
   5.6138e-05
   5.6138e-05
   9.0007e-05
   3.2509e-04
   3.2509e-04
   4.1314e-04
   4.1314e-04
   7.3558e-04
   9.6116e-04
   2.1661e-03
   2.1661e-03
   1.8174e-02

#Eigenvector: 
1    -1.25857e-15    2.58799e-14    -9.95147e-15    6.96681e-15    -3.42949e-14    1.01861e-16    -2.1978e-16    -4.00463e-16    -2.10831e-16    -1.54659e-14    
2    -4.76622e-16    5.29983e-15    -2.90789e-14    3.91906e-14    -1.43954e-14    1.13279e-15    -5.70798e-16    -3.59223e-16    3.2066e-16    -6.98916e-15    
3    5.13026e-16    -1.99938e-14    -2.11448e-14    3.39498e-14    1.89258e-14    1.21018e-15    9.54572e-17    2.25055e-16    4.69527e-16    8.46869e-15    
4    1.03569e-15    -2.37456e-14    1.27877e-14    -1.10345e-14    3.06799e-14    1.88708e-16    9.46603e-16    5.43531e-16    -5.03081e-17    1.39522e-14    
5    -1.13327e-16    6.29213e-15    2.78447e-14    -4.06515e-14    -1.38936e-15    -7.7934e-16    9.76748e-16    2.3889e-16    -4.33309e-16    -1.11873e-15    
6    -9.9089e-16    2.726e-14    1.19556e-14    -2.49257e-14    -3.17415e-14    -8.78849e-16    3.53543e-16    -4.06719e-16    -3.38437e-16    -1.49198e-14    
7    -1.11038e-15    2.30587e-14    -1.66006e-14    1.50247e-14    -3.10412e-14    -2.74176e-16    -2.72451e-16    -4.77577e-16    9.26132e-17    -1.48612e-14    
8    3.23577e-16    -1.14018e-14    -2.44173e-14    3.52316e-14    8.91442e-15    1.61942e-16    -2.1382e-16    3.27136e-17    3.18223e-16    3.16294e-15    
9    1.21676e-15    -2.90694e-14    1.11344e-15    6.84013e-15    3.79024e-14    9.57208e-17    3.33756e-16    3.59125e-16    1.70772e-16    1.82613e-14    
10    9.29143e-16    -1.75665e-14    2.39199e-14    -2.75763e-14    2.82051e-14    -6.59314e-16    -6.40022e-17    4.26947e-16    -2.45225e-16    1.39782e-14    
11    -2.4251e-16    1.40234e-14    2.33273e-14    -3.35407e-14    -1.13505e-14    -9.86198e-16    -2.68326e-16    -3.14338e-16    -4.33341e-16    -5.1679e-15    
12    -0.177541    0.0504895    -0.236413    1.63874e-15    -0.00157441    0.0420185    0.0523213    0.0846845    -0.130498    -0.243692    
13    -0.177541    -0.211733    0.11666    6.28761e-16    -0.00157441    0.0636352    0.0212986    -0.0835261    -0.131243    -0.243692    
14    -0.177541    0.226822    0.0836207    3.39859e-16    -0.00157441    0.0650483    -0.0164863    -0.154081    0.0214579    -0.243692    
15    -0.177541    -0.0853403    -0.22618    -3.29222e-15    -0.00157441    0.0458089    -0.0490369    -0.0444886    0.149071    -0.243692    
16    -0.177541    -0.11505    0.212612    -3.92351e-16    -0.00157441    0.0120256    -0.0660186    0.117118    0.102394    -0.243692    
17    -0.177541    0.236023    -0.0522828    1.54263e-15    -0.00157441    -0.0255758    -0.0620399    0.141794    -0.0639982    -0.243692    
18    -0.177541    -0.194075    -0.144137    1.78107e-15    -0.00157441    -0.055057    -0.038364    0.000688478    -0.155566    -0.243692    
19    -0.177541    0.018161    0.241062    1.43056e-15    -0.00157441    -0.0670581    -0.00250776    -0.141222    -0.0652507    -0.243692    
20    -0.177541    0.170289    -0.171587    -1.63199e-15    -0.00157441    -0.0577686    0.0341447    -0.11802    0.101354    -0.243692    
21    -0.177541    -0.241192    -0.0163304    -1.54669e-15    -0.00157441    -0.0301381    0.0599564    0.0431674    0.149458    -0.243692    
22    -0.177541    0.145606    0.192975    -4.30674e-16    -0.00157441    0.00706113    0.0667324    0.153885    0.0228208    -0.243692    
23    4.91733e-16    -6.63028e-15    2.32354e-14    -3.00361e-14    1.51479e-14    1.0207e-15    2.2537e-15    5.4525e-16    -1.89889e-16    3.11486e-15    
24    -3.0889e-16    1.68659e-14    1.91281e-14    -3.16273e-14    -1.33154e-14    -1.21835e-15    -9.25241e-16    1.27711e-16    -2.23722e-16    -4.3907e-15    
25    -1.77196e-16    1.2789e-14    -7.31624e-17    -3.76261e-15    -1.68888e-14    -3.6488e-15    -1.80205e-15    -2.64841e-16    1.23414e-16    -1.1919e-15    
26    2.07006e-17    1.17578e-15    -1.45346e-14    2.0053e-14    -4.19909e-15    -3.60402e-15    -6.80733e-16    -1.12922e-16    3.95465e-16    1.15123e-15    
27    8.63073e-16    -2.46306e-14    -1.18333e-14    2.29317e-14    2.76236e-14    -9.48582e-16    4.42541e-16    2.43784e-16    3.11147e-16    9.55001e-15    
28    7.95526e-16    -1.89151e-14    9.94213e-15    -5.91133e-15    2.83839e-14    1.70567e-15    -1.09996e-15    3.83618e-16    9.76277e-17    9.59905e-15    
29    1.91756e-16    -1.26491e-15    1.08366e-14    -1.4264e-14    4.14226e-15    2.00939e-15    -3.11908e-15    1.81452e-16    -1.91698e-16    3.86674e-15    
30    -4.98008e-16    1.9103e-14    2.82554e-15    -6.92293e-15    -2.52848e-14    1.64723e-15    -3.39013e-15    -1.20286e-16    -1.63263e-16    -7.37819e-15    
31    -1.02634e-15    1.64535e-14    -2.20691e-14    2.43055e-14    -2.91935e-14    2.80173e-16    -1.35306e-15    -2.51224e-16    5.21243e-17    -8.98905e-15    
32    -2.20974e-17    -3.91516e-15    -1.6187e-14    2.38469e-14    -2.21891e-15    1.22938e-15    2.44905e-15    1.38187e-16    3.20734e-16    -4.57113e-15    
33    -3.26655e-17    -1.11926e-14    -1.00294e-15    2.48357e-15    1.55366e-14    1.484e-15    3.87295e-15    5.88989e-16    2.53745e-16    -6.12708e-16    
34    1.12295e-15    -1.94378e-14    9.8712e-15    -1.14338e-14    2.52178e-14    -1.8235e-15    -3.02251e-15    2.27129e-16    7.02194e-17    1.92136e-14    
35    6.62264e-16    -2.74016e-15    2.59576e-14    -3.46465e-14    8.98396e-15    -3.06641e-15    -2.05836e-15    -8.61124e-17    -3.45335e-16    7.4237e-15    
36    -5.63846e-16    1.22024e-14    6.51081e-15    -1.2686e-14    -1.2549e-14    -1.03927e-15    1.06563e-15    -5.28125e-16    -1.9939e-16    -7.19979e-15    
37    -4.56374e-16    8.73902e-15    -1.02796e-14    1.43262e-14    -1.07796e-14    2.79186e-15    -1.22697e-17    -5.76906e-16    1.02637e-16    -1.09946e-14    
38    -1.06104e-16    -6.55232e-15    -2.46416e-14    3.68364e-14    5.75262e-15    4.65858e-15    -1.46642e-15    8.23673e-18    3.62601e-16    3.56459e-16    
39    1.0496e-15    -2.19498e-14    -5.93524e-15    1.77244e-14    2.38314e-14    2.57221e-15    -1.55495e-15    2.85698e-16    3.1225e-17    1.5557e-14    
40    2.08766e-16    -5.80428e-15    9.78868e-15    -1.03056e-14    7.6728e-15    -8.2047e-16    9.21866e-16    1.9104e-16    -4.14689e-17    8.56493e-15    
41    -3.78674e-16    1.07013e-14    1.35249e-14    -2.02975e-14    -1.45247e-14    -1.83629e-15    3.11667e-15    -8.91058e-17    -2.04573e-16    -8.53617e-15    
42    -1.46716e-15    2.68616e-14    -1.93068e-15    -5.47718e-15    -3.33742e-14    -1.16036e-15    3.93446e-15    -4.46716e-16    5.95398e-17    -1.93236e-14    
43    -5.48112e-16    7.31789e-15    -1.68142e-14    1.80809e-14    -1.29418e-14    8.51562e-16    1.05953e-15    -2.32599e-16    3.85186e-16    -1.18376e-14    
44    5.40108e-16    -9.20496e-15    -5.78012e-15    8.35442e-15    1.19431e-14    -6.47837e-17    -1.81733e-15    5.32735e-17    4.10947e-16    7.85428e-15    
45    -0.0884152    -0.178891    -0.13286    1.1923e-15    0.0535946    0.102484    0.0714114    0.000217048    -0.0490435    0.0640685    
46    -0.0884152    0.0167402    0.222202    2.95766e-16    0.0535946    0.124823    0.00466798    -0.0445214    -0.0205708    0.0640685    
47    -0.0884152    0.156966    -0.158162    -1.00154e-15    0.0535946    0.107532    -0.0635575    -0.0372067    0.0319526    0.0640685    
48    -0.0884152    -0.222322    -0.0150528    -1.32399e-15    0.0535946    0.0560996    -0.111604    0.0136089    0.047118    0.0640685    
49    -0.0884152    0.134214    0.177877    9.41788e-16    0.0535946    -0.0131437    -0.124217    0.0485134    0.00719446    0.0640685    
50    -0.0884152    0.0465393    -0.217917    8.75968e-16    0.0535946    -0.0782139    -0.0973919    0.0266975    -0.0411407    0.0640685    
51    -0.0884152    -0.195167    0.107533    1.13239e-15    0.0535946    -0.118452    -0.0396456    -0.0263323    -0.0413754    0.0640685    
52    -0.0884152    0.209076    0.0770785    -6.26331e-16    0.0535946    -0.121082    0.0306878    -0.0485752    0.00676478    0.0640685    
53    -0.0884152    -0.0786635    -0.208485    -1.6637e-15    0.0535946    -0.0852696    0.0912781    -0.0140254    0.0469957    0.0640685    
54    -0.0884152    -0.106048    0.195978    1.60009e-18    0.0535946    -0.0223847    0.122888    0.0369225    0.0322807    0.0640685    
55    -0.0884152    0.217557    -0.0481923    4.21706e-16    0.0535946    0.0476073    0.115482    0.0447017    -0.020176    0.0640685    
56    -2.75714e-16    2.07719e-14    2.16453e-14    -3.37989e-14    -1.88298e-14    -1.58461e-15    -1.19225e-15    -1.19133e-17    -1.97655e-16    -7.17901e-15    
57    -6.9435e-16    1.95681e-14    -1.42672e-14    1.37101e-14    -2.64008e-14    -3.7949e-15    -1.8108e-15    -1.86889e-16    1.79307e-16    -6.27345e-15    
58    7.64441e-16    -1.29407e-14    -1.96589e-14    3.22136e-14    9.28961e-15    -3.18669e-15    -1.31618e-15    -3.58024e-17    5.04578e-16    7.85043e-15    
59    6.39652e-16    -2.59775e-14    -8.55657e-15    1.9418e-14    3.2428e-14    -1.00751e-16    -1.28042e-16    2.65334e-16    3.97295e-16    1.50478e-14    
60    1.237e-15    -2.35587e-14    1.73429e-14    -1.57479e-14    3.20289e-14    2.41271e-15    -1.40711e-15    3.26169e-16    -3.31836e-17    1.10145e-14    
61    -6.95963e-16    1.45589e-14    1.7736e-14    -2.72249e-14    -1.14296e-14    3.34673e-15    -2.62989e-15    1.06297e-16    -1.83168e-16    -4.9925e-15    
62    -6.88577e-16    2.27185e-14    -8.08113e-15    3.68213e-15    -3.4397e-14    2.20621e-15    -2.73638e-15    -2.01433e-16    -6.03535e-17    -1.3902e-14    
63    -9.26258e-16    1.64266e-14    -2.41839e-14    2.82558e-14    -2.83779e-14    2.00626e-16    -1.56461e-16    -2.06434e-16    2.2249e-16    -1.02158e-14    
64    1.38883e-16    -1.48624e-14    -2.22505e-14    3.16517e-14    9.64349e-15    4.03697e-16    2.96113e-15    2.92929e-16    2.23866e-16    3.47149e-15    
65    6.03544e-16    -1.75992e-14    1.49297e-14    -1.50858e-14    2.69732e-14    1.1075e-15    4.11599e-15    4.88324e-16    1.93253e-16    6.50688e-15    
66    -1.62296e-17    4.4756e-16    2.52255e-14    -3.61224e-14    8.66509e-15    6.93677e-16    2.09991e-15    4.15237e-16    -2.19557e-16    -6.36387e-16    
67    -5.85363e-16    -2.04756e-16    -4.44882e-16    -8.8425e-16    -1.91621e-15    3.22526e-15    4.71175e-15    1.43746e-15    -8.28656e-16    -6.57561e-15    
68    5.42422e-16    1.08303e-16    1.01681e-15    6.49393e-16    4.25061e-15    1.05976e-14    -1.57672e-15    -8.28575e-16    8.04911e-16    3.54298e-16    
69    -1.11918e-15    2.96321e-16    4.47462e-18    -2.85358e-16    -4.79597e-17    1.28082e-15    -6.68256e-15    -9.71166e-16    -5.64339e-16    -1.08406e-14    
70    4.40552e-16    2.27728e-17    -1.61139e-16    3.99972e-16    -2.86316e-15    -3.5474e-15    2.49176e-16    3.45204e-16    -2.51418e-16    -3.25348e-15    
71    7.08187e-16    7.75396e-16    -3.77913e-17    -1.17287e-15    1.16918e-15    -4.70844e-15    5.78431e-16    -5.18877e-16    7.55608e-16    1.12901e-14    
72    -6.61292e-16    -6.40253e-16    1.13661e-16    1.09805e-15    -3.00519e-15    -3.54853e-15    6.41457e-15    2.09041e-16    -6.09846e-16    -1.24363e-15    
73    7.02556e-16    1.43736e-16    -1.85511e-16    -4.34142e-16    -1.87288e-15    7.9448e-15    7.00406e-15    5.94267e-16    4.35427e-16    4.40247e-15    
74    -7.17211e-17    -1.99414e-16    3.81622e-19    8.51834e-16    3.34136e-15    2.99895e-15    -4.46468e-15    -5.66074e-16    -3.92875e-16    1.71891e-15    
75    -8.00386e-16    1.08467e-16    8.27407e-18    9.80701e-16    -2.10997e-15    -4.57307e-15    -5.05428e-15    4.45749e-16    -1.16147e-15    -4.74891e-15    
76    6.34952e-16    -2.2334e-16    -5.82402e-16    9.86547e-17    4.60808e-16    -2.94306e-15    -2.16521e-15    -2.40203e-16    1.33914e-15    1.20453e-14    
77    4.33014e-17    2.80325e-16    -2.6392e-16    -9.17348e-16    1.43311e-15    -4.4676e-15    3.47673e-16    -1.67938e-15    -5.97736e-16    -3.36707e-15    
78    0.141807    0.181984    0.0226378    -0.213201    -0.085959    -0.156765    -0.137263    0.200668    -0.0492721    -0.102758    
79    0.141807    -0.102066    -0.152359    -0.213201    -0.085959    -0.206089    -0.0307199    0.0385411    -0.203002    -0.102758    
80    0.141807    -0.0483064    0.17691    -0.213201    -0.085959    -0.189982    0.085577    -0.168647    -0.119388    -0.102758    
81    0.141807    0.165333    -0.0793437    -0.213201    -0.085959    -0.113556    0.174704    -0.178658    0.103811    -0.102758    
82    0.141807    -0.168234    -0.0729916    -0.213201    -0.085959    -0.00107767    0.208363    0.0202125    0.205638    -0.102758    
83    0.141807    0.0550067    0.174942    -0.213201    -0.085959    0.111743    0.175869    0.195451    0.067039    -0.102758    
84    0.141807    0.0961909    -0.156134    -0.213201    -0.085959    0.189086    0.0875375    0.142174    -0.14994    -0.102758    
85    0.141807    -0.18099    0.0295499    -0.213201    -0.085959    0.206396    -0.0285865    -0.0773286    -0.191613    -0.102758    
86    0.141807    0.140856    0.117432    -0.213201    -0.085959    0.158176    -0.135634    -0.206421    -0.00925851    -0.102758    
87    0.141807    -0.0034916    -0.183353    -0.213201    -0.085959    0.0597367    -0.19962    -0.0941722    0.183921    -0.102758    
88    0.141807    -0.136283    0.12271    -0.213201    -0.085959    -0.0576687    -0.200227    0.12818    0.162066    -0.102758    
89    2.07913e-16    -1.97946e-16    -4.33138e-15    6.45687e-15    1.086e-16    -2.5272e-15    -1.74866e-15    2.92567e-16    4.0577e-16    3.73938e-15    
90    8.40251e-16    -1.66534e-14    -4.06643e-15    8.9219e-15    1.74272e-14    -2.20392e-15    -1.12704e-15    2.12245e-16    1.34885e-16    1.11501e-14    
91    4.195e-16    -9.10054e-15    1.36749e-14    -1.35428e-14    1.55218e-14    -1.59197e-16    -1.17425e-15    -6.44751e-17    -5.10663e-17    8.95227e-15    
92    -1.35008e-16    2.05699e-15    3.22463e-15    -5.3296e-15    -1.47942e-16    1.65518e-15    -1.1532e-15    7.4429e-17    7.94771e-17    -2.36084e-15    
93    -3.17441e-16    8.28334e-15    5.37406e-16    1.99259e-16    -9.129e-15    3.20499e-15    -1.64427e-15    -1.33107e-17    -2.09141e-17    -6.10892e-15    
94    -4.70887e-16    6.83584e-15    -1.79822e-14    2.1829e-14    -1.23859e-14    2.37826e-15    -9.73829e-16    7.39754e-17    9.17343e-17    -4.59916e-15    
95    5.32644e-16    -9.21597e-15    -7.76214e-15    1.41978e-14    5.15131e-15    1.09323e-16    4.95525e-16    2.36451e-16    2.30352e-16    3.21912e-15    
96    -2.50782e-16    -2.88036e-15    7.24561e-16    -1.36501e-15    3.47961e-15    -6.88546e-16    3.00357e-15    2.62677e-16    1.21632e-16    2.61937e-15    
97    4.65073e-17    -1.85396e-15    1.26182e-14    -1.75094e-14    3.5277e-15    -5.73179e-17    2.76559e-15    -4.14063e-17    -1.65548e-16    -1.81054e-15    
98    -7.67753e-16    1.709e-14    8.69025e-15    -1.70257e-14    -1.51937e-14    8.45492e-17    1.36589e-15    -1.56946e-16    1.79134e-17    -1.10204e-14    
99    -1.34894e-16    5.45876e-15    -4.97356e-15    3.4787e-15    -8.3541e-15    -1.08098e-15    -9.36061e-16    -9.15968e-18    3.00134e-16    -2.8282e-15    
100    0.106548    0.0645393    0.0479323    -1.20295e-15    0.270659    -0.224512    -0.156441    -0.0011694    0.264234    -0.0793741    
101    0.106548    -0.00603942    -0.0801645    -8.00934e-16    0.270659    -0.27345    -0.0102262    0.23987    0.11083    -0.0793741    
102    0.106548    -0.0566293    0.0570609    2.70802e-15    0.270659    -0.23557    0.139236    0.20046    -0.172153    -0.0793741    
103    0.106548    0.080208    0.00543066    2.84978e-15    0.270659    -0.122897    0.244491    -0.0733212    -0.25386    -0.0793741    
104    0.106548    -0.0484209    -0.0641735    -5.13096e-16    0.270659    0.028794    0.272122    -0.261378    -0.0387619    -0.0793741    
105    0.106548    -0.0167902    0.0786188    -2.5356e-15    0.270659    0.171343    0.213357    -0.143839    0.221655    -0.0793741    
106    0.106548    0.0704113    -0.0387952    -1.87673e-15    0.270659    0.259493    0.0868518    0.141872    0.22292    -0.0793741    
107    0.106548    -0.0754291    -0.0278079    1.77459e-16    0.270659    0.265255    -0.0672279    0.261711    -0.0364469    -0.0793741    
108    0.106548    0.0283797    0.0752158    2.73716e-15    0.270659    0.1868    -0.199963    0.0755653    -0.253201    -0.0793741    
109    0.106548    0.0382595    -0.0707038    2.23312e-15    0.270659    0.0490381    -0.269212    -0.198929    -0.17392    -0.0793741    
110    0.106548    -0.0784891    0.0173865    5.58992e-17    0.270659    -0.104293    -0.252987    -0.240841    0.108703    -0.0793741    
111    3.87844e-16    -1.72039e-14    -2.02221e-14    3.2942e-14    1.22911e-14    -9.799e-16    1.60956e-16    -3.46306e-16    5.32131e-17    7.53286e-15    
112    1.26794e-16    -9.75461e-15    1.88354e-15    1.56961e-15    1.17969e-14    2.92217e-15    1.54739e-15    3.45728e-17    -2.03422e-16    -1.5983e-15    
113    -5.351e-16    4.70068e-15    6.46999e-15    -1.20187e-14    -4.85216e-15    4.41918e-15    8.71505e-16    5.56414e-17    -3.6515e-16    -6.79128e-15    
114    -8.22991e-16    2.22569e-14    9.08024e-15    -1.95485e-14    -2.63661e-14    2.51653e-15    -9.27472e-16    -3.58e-16    -5.14172e-16    -1.21999e-14    
115    -9.70171e-16    1.99345e-14    -1.09238e-14    5.36265e-15    -2.85285e-14    -5.31287e-16    -2.04264e-16    -2.73208e-16    -8.94992e-17    -9.24212e-15    
116    1.89853e-16    -1.96827e-15    -5.095e-15    5.82325e-15    -1.66282e-15    -2.22838e-15    2.36747e-15    -2.15208e-16    -1.94579e-17    1.83708e-15    
117    2.23075e-16    -1.22676e-14    2.95091e-15    -2.69042e-15    1.92946e-14    -2.54558e-15    4.06797e-15    -1.18387e-16    -7.61806e-17    5.26337e-15    
118    9.6395e-16    -1.59045e-14    2.1557e-14    -2.47629e-14    2.79859e-14    3.10891e-17    3.01789e-15    5.00316e-17    -2.21479e-16    5.12684e-15    
119    -1.26905e-16    5.10515e-15    1.58427e-14    -2.14291e-14    4.04925e-15    -2.1811e-17    -6.39384e-16    -1.5138e-16    -2.08094e-16    1.51166e-15    
120    3.38272e-16    3.50965e-15    -3.6525e-15    5.62281e-15    -6.36387e-15    -1.14178e-15    -3.76706e-15    -4.89352e-16    -2.45177e-16    2.77284e-15    
121    3.02707e-17    1.76227e-15    -1.86093e-14    2.77539e-14    -7.85824e-15    -2.9666e-15    -3.73415e-15    -7.08821e-16    -3.96091e-17    4.69445e-15    
122    1.37348e-16    -1.22236e-15    -3.24342e-16    5.3333e-16    -5.09899e-16    -1.58835e-15    -1.13947e-15    -1.61641e-16    -1.58007e-16    2.85468e-15    
123    -2.354e-16    2.53609e-15    -2.4902e-15    4.17413e-15    -3.23714e-15    -4.49175e-16    1.45813e-15    -2.93984e-16    1.54728e-17    -3.76067e-15    
124    -1.08473e-16    -4.70285e-15    -8.22404e-15    1.20364e-14    4.50861e-15    1.62196e-15    1.27023e-15    -1.55694e-16    1.45954e-16    -3.54743e-15    
125    2.43144e-16    -2.90386e-15    7.87577e-16    1.21747e-15    4.54207e-15    3.12267e-15    -1.13146e-15    -4.60069e-17    -8.8849e-17    5.23929e-16    
126    -3.33706e-17    6.21009e-17    -1.13605e-15    5.27081e-16    -1.19297e-15    1.32743e-15    -1.56229e-15    2.93144e-17    -1.20106e-16    3.95011e-15    
127    -1.80591e-17    4.23934e-15    4.86976e-15    -7.04334e-15    -6.80225e-15    -1.05683e-15    2.14377e-16    -2.42224e-16    -1.17047e-16    5.98026e-16    
128    -6.70088e-16    7.77966e-15    -3.39475e-15    1.26159e-15    -1.06138e-14    -1.42354e-15    2.30977e-15    -2.6988e-16    1.97551e-17    -5.62724e-15    
129    -2.65866e-17    -2.39935e-16    -3.52451e-16    5.71644e-16    -2.83827e-16    -6.09825e-16    2.36523e-15    -8.40616e-17    9.97777e-17    -4.20096e-15    
130    -1.52883e-16    -2.12134e-16    -6.91695e-16    1.86534e-16    3.37853e-15    6.84736e-16    1.19803e-15    8.89987e-17    1.40988e-16    -2.02242e-15    
131    5.42813e-16    -7.03585e-15    5.20042e-15    -5.45943e-15    1.02712e-14    -5.1806e-17    -1.7423e-15    7.71631e-18    3.48522e-17    6.24667e-15    
132    1.7156e-16    1.85081e-15    5.77999e-15    -7.96645e-15    -1.30666e-16    -7.18919e-16    -2.82533e-15    -1.48736e-16    -4.43804e-17    6.02865e-15    
133    -2.62438e-16    4.00748e-15    -5.96483e-15    5.28701e-15    -6.26708e-15    -1.23022e-15    -7.30156e-16    -2.37008e-16    -2.30028e-16    -1.6635e-15    
134    3.74427e-16    -1.15043e-15    -4.58841e-15    5.83703e-15    1.24766e-15    -2.3064e-15    -1.07227e-15    -3.89525e-16    4.3278e-16    2.44353e-15    
135    7.4009e-16    -1.71016e-14    4.97456e-16    2.58075e-15    1.90779e-14    -2.68475e-15    -6.60048e-16    -3.32854e-17    5.58899e-16    1.32438e-14    
136    5.69147e-16    -4.98295e-15    1.5218e-14    -1.78165e-14    1.00959e-14    -6.71731e-16    -1.26531e-15    9.45067e-17    -3.96725e-17    4.64571e-15    
137    -3.32826e-16    2.61023e-15    2.77245e-15    -4.86994e-15    -1.19824e-15    1.29351e-15    -1.20766e-15    -8.77845e-17    -2.31972e-16    -2.26003e-15    
138    -2.78779e-16    8.35986e-15    -1.66438e-15    3.01531e-15    -9.23041e-15    2.89925e-15    -2.22659e-15    -3.08873e-16    -1.00743e-17    -4.32149e-15    
139    -3.19455e-16    1.83833e-15    -1.90282e-14    2.53844e-14    -5.92456e-15    2.37724e-15    -1.7031e-15    -1.22466e-16    1.63736e-16    -1.77548e-15    
140    5.7466e-16    -1.0524e-14    -5.04944e-15    1.20598e-14    8.46071e-15    5.71815e-16    5.258e-16    -1.10463e-17    6.0185e-17    5.75861e-15    
141    -2.23964e-16    -2.77261e-15    1.40795e-15    -1.8004e-15    2.90056e-15    8.84852e-17    2.78562e-15    -2.9646e-17    3.00006e-16    8.74611e-16    
142    -1.00868e-16    1.565e-15    1.29541e-14    -1.75796e-14    -3.39459e-16    4.4431e-16    2.84082e-15    1.09729e-16    1.21734e-16    -4.90639e-15    
143    -9.4804e-16    1.84505e-14    3.70693e-15    -1.13452e-14    -1.88671e-14    3.13263e-16    1.1346e-15    2.19551e-17    -4.65354e-17    -1.06993e-14    
144    1.75255e-15    -2.65028e-14    9.64123e-15    -7.33169e-15    3.26454e-14    -2.33552e-15    -2.11776e-15    1.08406e-16    2.10306e-16    2.00149e-14    
145    6.46073e-16    -6.98663e-15    2.48547e-14    -3.34245e-14    1.45819e-14    -3.58963e-15    -1.14469e-15    5.96105e-17    -1.03956e-16    1.21993e-14    
146    -8.2215e-17    9.91539e-15    2.2253e-14    -3.23818e-14    -7.53366e-15    -1.41587e-15    -3.65137e-17    -1.4209e-16    -2.08385e-16    -3.78093e-15    
147    -1.32795e-15    2.35896e-14    -8.71626e-15    7.19191e-15    -2.59901e-14    2.33819e-15    -3.5801e-16    -5.87837e-16    -6.41947e-17    -1.6619e-14    
148    -9.46155e-18    -6.27724e-15    -2.78111e-14    4.10827e-14    2.62397e-15    4.51664e-15    -1.81733e-15    -2.91526e-16    2.64581e-16    -1.02571e-15    
149    8.19616e-16    -2.01095e-14    -1.4026e-14    2.81873e-14    2.28409e-14    3.1647e-15    -1.9829e-15    3.11676e-16    3.01164e-16    1.30855e-14    
150    1.08925e-15    -2.32303e-14    7.37931e-15    -3.1867e-15    2.61815e-14    -4.44775e-16    6.09196e-16    3.54561e-16    3.69038e-17    1.59347e-14    
151    -2.5424e-16    9.78007e-15    2.46235e-14    -3.38291e-14    -8.88942e-15    -1.27929e-15    3.48729e-15    -6.75379e-17    -2.39365e-16    -4.51592e-15    
152    -1.65623e-15    2.74877e-14    -4.38267e-16    -9.22893e-15    -3.50606e-14    -4.10979e-16    3.60641e-15    -4.07371e-16    -5.43194e-17    -2.16327e-14    
153    -9.7017e-16    1.9502e-14    -1.46554e-14    1.41135e-14    -2.69754e-14    7.87447e-16    1.25847e-15    -3.00879e-16    4.06339e-16    -1.72447e-14    
154    -8.98472e-17    -7.14497e-15    -2.3054e-14    2.92345e-14    5.02467e-15    -2.99997e-16    -1.3032e-15    1.16874e-16    4.11153e-16    4.23601e-15    
155    0.141807    0.0742667    0.167675    0.213201    -0.085959    -0.183059    -0.0995275    -0.200224    -0.0510463    -0.102758    
156    0.141807    0.0780863    -0.165931    0.213201    -0.085959    -0.207808    0.0152415    -0.129609    0.160925    -0.102758    
157    0.141807    -0.176538    0.049648    0.213201    -0.085959    -0.166579    0.125171    0.0925407    0.184747    -0.102758    
158    0.141807    0.153129    0.100906    0.213201    -0.085959    -0.0724624    0.19536    0.206495    -0.0074311    -0.102758    
159    0.141807    -0.0240187    -0.181807    0.213201    -0.085959    0.0446605    0.203524    0.0790215    -0.190921    -0.102758    
160    0.141807    -0.121671    0.13721    0.213201    -0.085959    0.147604    0.14707    -0.140841    -0.151192    -0.102758    
161    0.141807    0.183374    0.00209953    0.213201    -0.085959    0.203684    0.0439222    -0.196037    0.0653064    -0.102758    
162    0.141807    -0.118498    -0.13996    0.213201    -0.085959    0.195096    -0.0731703    -0.0220318    0.205451    -0.102758    
163    0.141807    -0.0281751    0.181209    0.213201    -0.085959    0.124566    -0.167032    0.177732    0.105388    -0.102758    
164    0.141807    0.155399    -0.0973734    0.213201    -0.085959    0.0144878    -0.207862    0.169697    -0.117891    -0.102758    
165    0.141807    -0.175355    -0.053677    0.213201    -0.085959    -0.100191    -0.182697    -0.0367427    -0.203336    -0.102758    
166    -8.27133e-16    4.17132e-15    -1.97393e-14    2.51575e-14    -9.14081e-15    1.50967e-15    1.46704e-15    -6.23358e-17    1.73414e-16    -7.62589e-15    
167    6.47416e-17    -8.86321e-15    -4.51748e-15    1.00495e-14    8.19884e-15    3.46734e-15    1.0653e-15    1.65156e-16    6.59443e-17    7.42452e-16    
168    -3.88644e-16    2.60557e-15    -2.31164e-15    6.17412e-16    -2.77408e-15    2.06888e-15    1.2131e-16    2.09002e-16    -2.38345e-16    -2.77677e-15    
169    3.74165e-16    -7.8117e-16    1.09018e-14    -1.56555e-14    -1.24571e-15    -1.33896e-15    -3.83179e-16    7.44552e-17    -2.32463e-16    3.12568e-15    
170    -6.21104e-16    1.91662e-14    5.92934e-15    -1.50032e-14    -2.13773e-14    -2.85504e-15    4.58132e-16    -1.11526e-16    -2.80636e-17    -6.21628e-15    
171    2.60779e-17    1.55099e-15    -3.11822e-15    1.20745e-15    -4.7866e-15    -1.83904e-15    1.98119e-15    -2.37928e-16    -6.37531e-17    -5.46621e-15    
172    -2.88463e-16    1.92597e-15    6.73163e-16    -9.07273e-16    2.97811e-15    -7.31836e-17    1.83625e-15    -1.04083e-16    7.28584e-17    -1.59627e-15    
173    6.5846e-16    -1.65003e-14    -1.96378e-15    5.24126e-15    2.15925e-14    7.63278e-16    -9.44991e-16    3.33067e-16    8.32667e-17    6.895e-15    
174    7.72391e-16    -6.26438e-15    1.49025e-14    -1.502e-14    1.40604e-14    1.49186e-16    -2.24083e-15    2.22045e-16    -6.245e-17    8.85704e-15    
175    3.69914e-17    -8.71496e-16    -1.62119e-15    1.70397e-15    -1.59184e-16    -1.44329e-15    -1.85962e-15    -2.28983e-16    -3.74917e-16    6.80116e-15    
176    6.46773e-17    4.28477e-15    9.62772e-16    1.57441e-15    -6.53023e-15    -9.94193e-16    -5.33359e-16    -6.50769e-16    -7.04195e-17    -3.20511e-15    
177    -1.29985e-15    1.9762e-14    -1.07692e-14    1.22494e-14    -2.51825e-14    1.98445e-15    2.7988e-15    2.45877e-16    8.02891e-17    -1.91986e-14    
178    -5.59209e-16    4.2072e-15    -2.25672e-14    2.93137e-14    -1.17932e-14    2.30718e-15    7.32053e-16    3.747e-16    0    -7.04992e-15    
179    1.85997e-16    -2.57238e-15    -7.92536e-15    1.11003e-14    -4.46691e-16    -1.68268e-15    -1.80411e-15    4.30211e-16    2.22045e-16    4.51028e-15    
180    4.91817e-16    -8.11167e-15    6.89305e-15    -1.1104e-14    6.8695e-15    -4.01068e-15    -4.16334e-16    8.39606e-16    -8.32667e-17    9.21485e-15    
181    1.84986e-17    7.36976e-15    2.49074e-14    -3.77753e-14    -4.88498e-15    -3.747e-15    4.44089e-16    -5.89806e-17    -1.66533e-16    -1.33227e-15    
182    -8.34192e-16    1.56576e-14    8.16187e-15    -1.9984e-14    -1.46549e-14    -8.18789e-16    1.16573e-15    -3.75419e-16    -6.18429e-16    -1.36557e-14    
183    -4.66207e-17    5.83561e-15    -9.85323e-16    -7.77156e-16    -3.53884e-15    2.45637e-15    -1.05471e-15    8.73433e-16    2.63678e-16    -2.33147e-15    
184    3.88578e-16    -1.0103e-14    -1.34337e-14    1.95399e-14    1.32117e-14    2.16493e-15    -4.21885e-15    -4.51028e-17    -1.73472e-16    8.82627e-15    
185    1.77636e-15    -2.56462e-14    2.30371e-15    6.38378e-15    3.16691e-14    2.3332e-15    -2.10248e-15    -1.94327e-15    -1.34181e-15    1.42143e-14    
186    4.44089e-16    -9.60343e-15    7.54952e-15    -5.27356e-15    1.3628e-14    -8.67362e-16    9.02056e-16    8.70181e-16    -5.15213e-16    1.05818e-14    
187    -2.63141e-16    2.76511e-15    5.25591e-15    -4.45346e-15    -4.45534e-15    6.41895e-16    2.98656e-15    -2.10297e-17    -4.41648e-16    -6.92879e-15    
#Execution time: 9841.32 s
