#Spin code
#Is hermitian: 1
1   1 100
2   2 100
3   3 100
4   4 100
5   5 100
6   6 100
7   7 100
8   8 100
9   9 100
10   10 100
11   11 100
12   12 100

13   1 110
14   2 110
15   3 110
16   4 110
17   5 110
18   6 110
19   7 110
20   8 110
21   9 110
22   10 110
23   11 110
24   12 110

25   1 210
26   2 210
27   3 210
28   4 210
29   5 210
30   6 210
31   7 210
32   8 210
33   9 210
34   10 210
35   11 210
36   12 210

37   1 120
38   2 120
39   3 120
40   4 120
41   5 120
42   6 120
43   7 120
44   8 120
45   9 120
46   10 120
47   11 120
48   12 120

49   1 101
50   2 101
51   3 101
52   4 101
53   5 101
54   6 101
55   7 101
56   8 101
57   9 101
58   10 101
59   11 101
60   12 101

61   1 201
62   2 201
63   3 201
64   4 201
65   5 201
66   6 201
67   7 201
68   8 201
69   9 201
70   10 201
71   11 201
72   12 201

73   1 111
74   2 111
75   3 111
76   4 111
77   5 111
78   6 111
79   7 111
80   8 111
81   9 111
82   10 111
83   11 111
84   12 111

85   1 211
86   2 211
87   3 211
88   4 211
89   5 211
90   6 211
91   7 211
92   8 211
93   9 211
94   10 211
95   11 211
96   12 211

97   1 311
98   2 311
99   3 311
100   4 311
101   5 311
102   6 311
103   7 311
104   8 311
105   9 311
106   10 311
107   11 311
108   12 311

109   1 121
110   2 121
111   3 121
112   4 121
113   5 121
114   6 121
115   7 121
116   8 121
117   9 121
118   10 121
119   11 121
120   12 121

121   1 221
122   2 221
123   3 221
124   4 221
125   5 221
126   6 221
127   7 221
128   8 221
129   9 221
130   10 221
131   11 221
132   12 221

133   1 131
134   2 131
135   3 131
136   4 131
137   5 131
138   6 131
139   7 131
140   8 131
141   9 131
142   10 131
143   11 131
144   12 131

145   1 331
146   2 331
147   3 331
148   4 331
149   5 331
150   6 331
151   7 331
152   8 331
153   9 331
154   10 331
155   11 331
156   12 331

157   1 102
158   2 102
159   3 102
160   4 102
161   5 102
162   6 102
163   7 102
164   8 102
165   9 102
166   10 102
167   11 102
168   12 102

169   1 112
170   2 112
171   3 112
172   4 112
173   5 112
174   6 112
175   7 112
176   8 112
177   9 112
178   10 112
179   11 112
180   12 112

181   1 212
182   2 212
183   3 212
184   4 212
185   5 212
186   6 212
187   7 212
188   8 212
189   9 212
190   10 212
191   11 212
192   12 212

193   1 122
194   2 122
195   3 122
196   4 122
197   5 122
198   6 122
199   7 122
200   8 122
201   9 122
202   10 122
203   11 122
204   12 122

#204 operators generated.
#Correlation matrix eigenvalues: 
  -2.4723e-17
  -1.9202e-17
  -1.7637e-17
  -1.5549e-17
  -1.4046e-17
  -1.2467e-17
  -9.8436e-18
  -9.6175e-18
  -7.8877e-18
  -7.8296e-18
  -7.8141e-18
  -7.6940e-18
  -7.4087e-18
  -5.8744e-18
  -5.5740e-18
  -5.5205e-18
  -4.3691e-18
  -3.2803e-18
  -2.7029e-18
  -2.5116e-18
  -2.2521e-18
  -1.4356e-18
  -1.3171e-18
  -1.0813e-18
  -9.4431e-19
  -7.3401e-19
  -6.3336e-19
  -5.7135e-19
  -5.2630e-19
  -4.7152e-19
  -4.2327e-19
  -4.2066e-19
  -4.0869e-19
  -3.9599e-19
  -3.8993e-19
  -3.5513e-19
  -3.4488e-19
  -3.1616e-19
  -2.9709e-19
  -2.9329e-19
  -2.7699e-19
  -2.7412e-19
  -2.6445e-19
  -2.6111e-19
  -2.4572e-19
  -2.4194e-19
  -2.3713e-19
  -1.9857e-19
  -1.9660e-19
  -1.7635e-19
  -1.7169e-19
  -1.6343e-19
  -1.6174e-19
  -1.3711e-19
  -1.2372e-19
  -1.1845e-19
  -1.1219e-19
  -1.0594e-19
  -9.1212e-20
  -9.0304e-20
  -8.6814e-20
  -7.0395e-20
  -6.3651e-20
  -6.3314e-20
  -6.2925e-20
  -4.7188e-20
  -4.5866e-20
  -2.9449e-20
  -2.9139e-20
  -2.2381e-20
  -1.8517e-20
  -1.7267e-20
  -1.2872e-20
  -1.2644e-20
  -9.5699e-21
  -7.0529e-21
  -6.5763e-21
  -3.6022e-21
   3.2555e-21
   5.7874e-21
   1.0208e-20
   1.5639e-20
   2.0819e-20
   2.4340e-20
   3.5070e-20
   3.6725e-20
   4.6716e-20
   5.3068e-20
   5.6621e-20
   6.8558e-20
   7.0787e-20
   7.6443e-20
   8.2864e-20
   8.8473e-20
   1.1639e-19
   1.2032e-19
   1.3169e-19
   1.4592e-19
   1.5396e-19
   1.6737e-19
   1.8019e-19
   1.8678e-19
   2.1519e-19
   2.1974e-19
   2.2959e-19
   2.5164e-19
   2.5358e-19
   2.5681e-19
   2.9874e-19
   3.4173e-19
   3.4234e-19
   3.9386e-19
   4.1311e-19
   5.0873e-19
   5.2885e-19
   5.3553e-19
   5.8804e-19
   6.2582e-19
   7.8278e-19
   8.6377e-19
   9.6297e-19
   1.0333e-18
   1.4971e-18
   1.9185e-18
   2.3066e-18
   3.5585e-18
   3.5586e-18
   4.8079e-18
   5.0368e-18
   6.0023e-18
   7.8433e-18
   8.2220e-18
   8.6045e-18
   9.1530e-18
   1.1759e-17
   1.4020e-17
   1.5013e-17
   1.8147e-17
   1.8841e-06
   1.8841e-06
   2.1273e-05
   2.9487e-05
   3.8811e-05
   3.8811e-05
   4.9210e-05
   4.9210e-05
   7.9301e-05
   7.9301e-05
   8.1672e-05
   8.1672e-05
   8.5964e-05
   8.5964e-05
   1.0699e-04
   1.7377e-04
   1.8003e-04
   1.8003e-04
   2.0354e-04
   3.4154e-04
   3.5672e-04
   3.5672e-04
   4.9350e-04
   4.9350e-04
   6.5100e-04
   6.5104e-04
   6.5104e-04
   7.4324e-04
   7.4324e-04
   7.9904e-04
   7.9904e-04
   9.2667e-04
   9.3320e-04
   1.0460e-03
   1.0736e-03
   1.1964e-03
   1.1964e-03
   1.2290e-03
   1.2723e-03
   1.2723e-03
   1.3021e-03
   1.3021e-03
   1.3704e-03
   1.4502e-03
   1.4502e-03
   1.4877e-03
   1.6804e-03
   1.7282e-03
   2.1661e-03
   2.1661e-03
   2.1966e-03
   2.5692e-03
   2.5692e-03
   2.8889e-03
   2.8889e-03
   3.1485e-03
   4.2601e-03
   4.2601e-03
   7.4329e-03
   7.4922e-03
   7.4922e-03
   8.6037e-03
   8.6037e-03
   2.0321e-02
   4.7723e-02
   1.1985e-01

#10 eigenvectors corresponding to largest eigenvalues: 
1    -2.1819e-17    -5.21402e-15    -2.01323e-14    3.48739e-16    -2.10371e-15    -6.06214e-14    2.39909e-14    -8.44979e-16    -2.74591e-15    5.07585e-15    
2    -2.31158e-15    1.52077e-14    8.46545e-16    5.90044e-16    4.05674e-15    5.21189e-14    4.28964e-14    -1.43426e-16    2.29416e-15    3.5358e-15    
3    5.5845e-15    -1.2841e-14    -5.69336e-15    1.32079e-15    -2.6826e-15    1.03079e-14    -6.55365e-14    6.20718e-16    2.73254e-15    1.35968e-15    
4    1.79088e-15    5.72315e-15    -1.21231e-14    -1.64716e-15    1.51162e-15    -6.22489e-14    2.55334e-14    8.5698e-16    1.05317e-15    -2.50894e-15    
5    -4.49136e-15    1.49191e-14    2.79811e-15    1.37144e-15    4.48705e-16    5.33066e-14    4.1042e-14    1.59635e-15    -3.99238e-15    2.41283e-16    
6    3.38907e-15    -2.06405e-14    -1.40044e-14    -1.02038e-15    -3.0531e-16    9.07455e-15    -6.5817e-14    7.82273e-16    6.73936e-16    2.36905e-15    
7    1.52419e-15    1.13845e-15    -2.35367e-14    -6.0507e-16    -5.80199e-16    -6.28e-14    2.48613e-14    6.42559e-16    3.06248e-15    -1.04141e-15    
8    -3.45233e-15    2.85045e-14    7.63278e-16    8.53385e-16    1.13651e-15    5.38913e-14    3.96461e-14    -1.69634e-15    -1.87566e-15    -6.67256e-15    
9    3.35897e-15    -1.8574e-14    -2.41647e-15    -1.96435e-15    -1.27436e-15    1.00468e-14    -6.55067e-14    -2.4054e-15    -3.57103e-15    1.17755e-15    
10    2.49017e-15    -6.47459e-15    -1.41987e-14    2.28996e-15    1.16322e-15    -6.26524e-14    2.50067e-14    7.54433e-16    5.81119e-17    6.51192e-16    
11    -1.30978e-15    2.06317e-14    1.96024e-16    7.02768e-16    -2.62914e-15    5.07331e-14    4.06018e-14    -2.47352e-15    3.08086e-15    -2.10043e-16    
12    2.65427e-15    -6.94067e-15    -1.26869e-14    -7.11103e-16    1.48503e-15    8.99746e-15    -6.60866e-14    2.46906e-16    -6.25915e-16    -3.2663e-15    
13    -0.221736    -2.56183e-16    -0.184842    0.293925    -0.208781    0.363106    -0.163135    -0.288675    0.186652    0.042968    
14    -0.221736    -2.91989e-16    -0.184842    -0.0338465    -0.358937    -0.0402738    0.396027    0.288675    0.130537    -0.140161    
15    -0.221736    -1.14776e-15    -0.184842    -0.327772    -0.150157    -0.322832    -0.232891    -0.288675    -0.0561145    -0.183129    
16    -0.221736    -1.16614e-15    -0.184842    -0.293925    0.208781    0.363106    -0.163135    0.288675    -0.186652    -0.042968    
17    -0.221736    4.95209e-17    -0.184842    0.0338465    0.358937    -0.0402738    0.396027    -0.288675    -0.130537    0.140161    
18    -0.221736    -9.13034e-16    -0.184842    0.327772    0.150157    -0.322832    -0.232891    0.288675    0.0561145    0.183129    
19    -0.221736    -1.13616e-15    -0.184842    0.293925    -0.208781    0.363106    -0.163135    -0.288675    0.186652    0.042968    
20    -0.221736    9.55182e-16    -0.184842    -0.0338465    -0.358937    -0.0402738    0.396027    0.288675    0.130537    -0.140161    
21    -0.221736    -1.57589e-15    -0.184842    -0.327772    -0.150157    -0.322832    -0.232891    -0.288675    -0.0561145    -0.183129    
22    -0.221736    -7.19233e-16    -0.184842    -0.293925    0.208781    0.363106    -0.163135    0.288675    -0.186652    -0.042968    
23    -0.221736    1.36939e-15    -0.184842    0.0338465    0.358937    -0.0402738    0.396027    -0.288675    -0.130537    0.140161    
24    -0.221736    -3.80514e-16    -0.184842    0.327772    0.150157    -0.322832    -0.232891    0.288675    0.0561145    0.183129    
25    -6.94375e-15    -1.79921e-15    2.01812e-14    9.97667e-17    4.00728e-16    1.02832e-13    -9.22243e-14    -6.29627e-15    1.29319e-16    -4.69816e-17    
26    -1.29222e-15    -8.46554e-15    3.53317e-15    4.78677e-16    -4.87821e-16    -1.30043e-13    -4.23097e-14    -3.75519e-15    -1.1557e-15    1.70587e-16    
27    8.75541e-15    1.79289e-14    -2.56059e-14    -4.8647e-16    8.1953e-16    2.82826e-14    1.3461e-13    -6.14771e-15    9.36728e-16    8.03693e-17    
28    -9.49959e-15    -1.87301e-15    2.48824e-14    -8.34486e-16    7.72737e-16    1.02531e-13    -9.21925e-14    -6.49148e-15    -2.11893e-16    3.35941e-16    
29    -4.46681e-17    -1.46489e-14    4.31481e-15    3.35824e-16    -1.14551e-16    -1.30678e-13    -4.18131e-14    -6.69697e-15    -3.18367e-16    7.07687e-16    
30    1.22297e-14    1.90852e-14    -2.96936e-14    6.13434e-16    9.20362e-16    2.73552e-14    1.34825e-13    -4.9825e-15    1.45011e-15    -8.31774e-16    
31    -1.08314e-14    2.41051e-15    2.65246e-14    7.86653e-18    -6.73515e-16    1.02251e-13    -9.21401e-14    -5.97516e-15    -2.91125e-16    -1.51137e-15    
32    -3.30048e-15    -1.45286e-14    6.58639e-15    -4.83854e-17    6.3912e-16    -1.31037e-13    -4.25437e-14    -4.06957e-15    -2.05865e-15    6.244e-16    
33    1.29427e-14    1.40278e-14    -3.11722e-14    -1.37109e-16    1.00893e-15    2.69384e-14    1.34228e-13    -6.19773e-15    1.39695e-15    1.11754e-16    
34    -7.75886e-15    3.5736e-15    2.22547e-14    -1.78859e-16    -3.42667e-16    1.01599e-13    -9.2588e-14    -6.2461e-15    6.14061e-16    5.31978e-16    
35    -4.21902e-15    -1.04581e-14    9.38811e-15    7.61099e-16    4.93573e-16    -1.30572e-13    -4.22289e-14    -6.56396e-15    -1.34772e-15    -8.12618e-16    
36    9.77053e-15    1.33387e-14    -2.8007e-14    4.42108e-16    -3.13518e-16    2.78508e-14    1.34592e-13    -4.22068e-15    1.18257e-15    3.39358e-17    
37    8.78427e-15    6.0748e-15    -2.48183e-14    -5.68867e-17    -1.64567e-16    -6.38735e-14    1.22449e-13    4.90896e-15    6.10725e-16    -2.40606e-16    
38    -2.30602e-15    4.73748e-15    6.11186e-15    -5.34404e-16    4.07784e-16    1.36857e-13    -6.8993e-15    4.95119e-15    6.1639e-16    1.11838e-16    
39    -6.68337e-15    -1.95564e-14    2.05716e-14    7.49569e-16    -1.02381e-15    -7.39975e-14    -1.15568e-13    5.26029e-15    -7.03282e-16    -4.13328e-16    
40    1.12569e-14    8.56226e-15    -3.05176e-14    6.53046e-16    -5.08549e-16    -6.36095e-14    1.22178e-13    7.58811e-15    2.55658e-16    -5.27508e-17    
41    -4.36518e-15    9.39423e-15    7.5306e-15    -4.3735e-16    -5.13744e-17    1.37633e-13    -7.1264e-15    5.34115e-15    2.47291e-16    -1.09695e-15    
42    -9.66395e-15    -2.05807e-14    2.30556e-14    -5.17369e-16    -9.01286e-16    -7.32975e-14    -1.16e-13    6.34651e-15    -1.77275e-15    1.63137e-15    
43    1.31086e-14    3.37692e-15    -3.15608e-14    1.68736e-17    9.09193e-16    -6.31056e-14    1.22422e-13    4.45652e-15    1.03953e-15    7.09636e-16    
44    -1.28977e-15    1.13776e-14    4.34452e-15    -2.56563e-18    -1.1514e-15    1.37705e-13    -6.5681e-15    5.42148e-15    1.64038e-15    -1.58935e-16    
45    -1.11033e-14    -1.6891e-14    2.65534e-14    2.25168e-16    -4.67471e-16    -7.25663e-14    -1.15272e-13    5.0972e-15    -1.75115e-15    -5.98478e-16    
46    1.03787e-14    2.4054e-15    -2.91057e-14    6.65945e-17    -3.16257e-17    -6.28027e-14    1.2264e-13    7.68236e-15    4.01013e-17    6.32668e-18    
47    1.54119e-16    6.38077e-15    2.18895e-15    -7.74435e-16    -1.88994e-16    1.3739e-13    -6.84732e-15    4.88167e-15    1.08903e-15    4.05823e-16    
48    -8.05406e-15    -1.39131e-14    2.25499e-14    -4.04441e-16    2.85811e-17    -7.36531e-14    -1.15751e-13    5.72027e-15    -1.44797e-15    3.32445e-16    
49    0.184842    -1.12771e-16    -0.221736    -0.0797717    0.174131    -0.0734725    -0.0530031    2.6966e-14    0.34471    -0.105626    
50    0.184842    4.07931e-17    -0.221736    0.110916    0.15615    0.0826383    -0.0371275    -2.39645e-14    0.08088    -0.35134    
51    0.184842    7.99477e-16    -0.221736    0.190688    -0.0179812    -0.0091658    0.0901306    -1.5722e-14    -0.26383    -0.245714    
52    0.184842    7.73849e-16    -0.221736    0.0797717    -0.174131    -0.0734725    -0.0530031    2.89316e-14    -0.34471    0.105626    
53    0.184842    9.47064e-16    -0.221736    -0.110916    -0.15615    0.0826383    -0.0371275    -1.49744e-14    -0.08088    0.35134    
54    0.184842    1.00687e-15    -0.221736    -0.190688    0.0179812    -0.0091658    0.0901306    -1.03074e-14    0.26383    0.245714    
55    0.184842    -1.6629e-16    -0.221736    -0.0797717    0.174131    -0.0734725    -0.0530031    3.20291e-14    0.34471    -0.105626    
56    0.184842    -1.46298e-15    -0.221736    0.110916    0.15615    0.0826383    -0.0371275    -1.46672e-14    0.08088    -0.35134    
57    0.184842    -1.31222e-15    -0.221736    0.190688    -0.0179812    -0.0091658    0.0901306    -6.53081e-15    -0.26383    -0.245714    
58    0.184842    -1.97689e-15    -0.221736    0.0797717    -0.174131    -0.0734725    -0.0530031    3.58885e-14    -0.34471    0.105626    
59    0.184842    -1.65167e-15    -0.221736    -0.110916    -0.15615    0.0826383    -0.0371275    -1.4346e-14    -0.08088    0.35134    
60    0.184842    -2.18719e-15    -0.221736    -0.190688    0.0179812    -0.0091658    0.0901306    -1.28413e-14    0.26383    0.245714    
61    2.65407e-15    -2.58121e-15    -5.09494e-15    6.13706e-16    -4.56387e-16    -7.66803e-14    -2.03912e-15    6.41677e-15    -2.54464e-15    -2.28097e-16    
62    3.61108e-15    4.11784e-15    -8.25005e-15    -3.91055e-16    7.53812e-16    3.74197e-14    6.64963e-14    -4.28471e-15    1.04673e-15    2.73759e-16    
63    -7.4124e-15    -1.99983e-16    1.91006e-14    3.40609e-16    -1.93501e-16    3.96391e-14    -6.55665e-14    5.47139e-15    5.69362e-16    1.98182e-15    
64    3.08004e-15    -7.50166e-15    -5.63417e-15    3.90179e-16    -9.93166e-16    -7.63439e-14    3.79611e-16    -3.73124e-15    4.17731e-16    -2.05416e-15    
65    6.27055e-15    4.15563e-15    -1.35195e-14    -4.33292e-16    4.10282e-16    3.7373e-14    6.75325e-14    6.00506e-15    3.55007e-16    -1.37107e-15    
66    -7.8773e-15    2.57477e-15    1.75636e-14    2.27697e-16    -3.09518e-16    3.98353e-14    -6.5314e-14    -3.42606e-15    -3.10657e-15    9.41015e-16    
67    1.16218e-16    -5.98965e-15    -2.32963e-15    2.20884e-16    4.63701e-16    -7.71299e-14    8.29862e-17    6.48617e-15    9.70849e-16    9.63147e-16    
68    6.72111e-15    1.31358e-15    -1.17372e-14    7.1613e-17    -8.86611e-17    3.57185e-14    6.7242e-14    -4.42822e-15    1.77122e-15    -8.93864e-16    
69    -4.82496e-15    3.09327e-15    1.42032e-14    3.11315e-16    -1.11017e-15    3.93453e-14    -6.6211e-14    5.92923e-15    -1.29015e-15    -9.6737e-16    
70    -5.65737e-16    -4.21906e-15    -2.24275e-15    -1.11848e-16    1.76723e-16    -7.61725e-14    -5.41571e-16    -3.9778e-15    -1.17603e-15    2.19674e-15    
71    3.3631e-15    1.93622e-15    -1.09702e-14    -1.40306e-16    -2.35919e-16    3.64541e-14    6.53744e-14    6.607e-15    1.23402e-15    -1.68535e-18    
72    -5.25433e-15    -2.13298e-16    1.35546e-14    -1.08558e-17    5.4273e-16    3.95636e-14    -6.78723e-14    -4.13374e-15    1.07162e-15    -1.14619e-15    
73    1.52305e-14    -4.64929e-14    -3.63843e-14    7.50323e-16    8.28607e-16    -8.7191e-14    9.03076e-14    -1.15276e-14    5.20693e-16    -9.45741e-16    
74    2.28573e-14    7.81932e-16    -5.26157e-14    -1.10232e-17    -9.69686e-16    1.2103e-13    3.13371e-14    -1.69971e-14    -1.27822e-15    5.70638e-16    
75    -3.2837e-14    4.2445e-14    8.31064e-14    -8.05462e-16    1.35026e-15    -3.40778e-14    -1.19901e-13    -7.78262e-15    2.20794e-15    8.54e-17    
76    8.17781e-15    -2.93264e-14    -2.83733e-14    4.31899e-16    1.57446e-15    -8.68694e-14    8.9642e-14    -4.36513e-15    7.76638e-16    -1.40409e-15    
77    1.92123e-14    -4.72112e-15    -4.96586e-14    -1.28823e-15    -7.35097e-16    1.20702e-13    3.09093e-14    -1.16965e-14    -6.03216e-16    2.31926e-15    
78    -2.59067e-14    2.57174e-14    7.41697e-14    -1.32211e-15    3.73782e-16    -3.30616e-14    -1.20558e-13    -1.52422e-14    1.12658e-15    1.08762e-15    
79    1.14514e-14    -2.43268e-14    -3.13157e-14    1.59556e-15    1.33239e-16    -8.7791e-14    9.09283e-14    -8.29275e-15    -4.17793e-16    -1.91752e-15    
80    1.29099e-14    1.15057e-14    -3.99737e-14    -1.16283e-16    -2.85005e-17    1.21702e-13    3.03135e-14    -7.16549e-15    -4.26819e-16    1.68357e-16    
81    -2.91821e-14    2.03597e-14    7.77033e-14    -2.19771e-15    1.58504e-15    -3.41076e-14    -1.19146e-13    -1.11507e-14    2.45555e-15    1.04012e-15    
82    1.82983e-14    -4.07731e-14    -4.06401e-14    3.53881e-16    -1.20975e-16    -8.76055e-14    8.84545e-14    -1.3284e-14    7.43532e-17    -7.74192e-16    
83    1.60301e-14    1.74534e-14    -4.4696e-14    1.86402e-17    -1.42862e-15    1.2138e-13    3.10749e-14    -7.66039e-15    -1.01287e-15    2.09692e-15    
84    -3.6308e-14    3.74311e-14    8.55082e-14    -7.671e-16    9.06183e-16    -3.40054e-14    -1.20546e-13    -6.92241e-15    1.39013e-15    7.26162e-16    
85    3.61899e-16    0.204124    3.29381e-16    -3.77233e-15    -1.04534e-15    -1.59801e-15    -1.83197e-15    3.5568e-15    -2.74908e-15    -3.42917e-15    
86    -4.52387e-16    0.204124    4.01372e-16    4.28105e-16    1.03831e-15    -3.78416e-16    -1.16907e-15    2.24933e-15    -3.07352e-15    -1.45506e-15    
87    -2.09243e-16    0.204124    1.69764e-15    1.94704e-15    -1.4033e-15    1.10031e-15    -2.32643e-15    -5.4815e-15    5.66458e-15    5.12192e-16    
88    -3.85221e-16    0.204124    2.49735e-15    -1.00671e-15    -2.14173e-15    1.06667e-15    -1.99181e-15    -7.0273e-15    -1.17738e-16    -2.52559e-15    
89    -9.36016e-16    0.204124    9.47593e-17    1.48142e-15    3.05804e-15    7.62693e-16    -1.11815e-15    -1.12019e-14    -1.57275e-15    4.59445e-15    
90    4.35252e-17    0.204124    2.50668e-16    1.60721e-15    -5.05232e-17    1.06929e-15    -9.63427e-16    -1.42116e-15    9.19796e-16    6.36647e-16    
91    -1.22441e-16    0.204124    5.17381e-16    -2.12987e-15    -1.00683e-15    2.51293e-15    2.11176e-15    -6.57642e-15    -3.30755e-15    -3.84897e-15    
92    9.58819e-17    0.204124    -2.67451e-15    -1.43358e-15    1.09389e-15    1.49377e-15    2.31865e-15    -2.49613e-15    -1.31578e-15    9.83011e-16    
93    6.01041e-19    0.204124    -1.61156e-15    1.01637e-15    -3.31605e-15    -1.652e-15    2.06623e-15    6.74914e-15    4.76065e-15    3.89522e-17    
94    3.63783e-16    0.204124    -2.83389e-15    -3.29499e-17    -8.51411e-16    -1.18647e-15    2.96772e-15    -2.27534e-15    2.29932e-16    -4.06513e-15    
95    2.1146e-16    0.204124    -2.41365e-15    -4.24672e-16    1.82087e-15    -2.06537e-15    2.23211e-16    1.24288e-14    -1.90992e-15    6.06199e-15    
96    2.22292e-16    0.204124    -1.22537e-15    1.34624e-15    -2.86333e-17    -1.27131e-15    -8.37448e-16    1.13102e-14    1.69882e-15    2.53701e-15    
97    -8.29273e-15    1.82031e-14    2.48551e-14    -2.39349e-15    -1.50803e-15    4.33986e-14    -1.67335e-14    -1.9881e-15    1.65655e-15    -1.70627e-15    
98    1.51191e-15    -1.42557e-14    -4.57447e-15    -6.50536e-16    -5.56783e-17    -3.49511e-14    -3.10419e-14    9.00982e-15    -2.0706e-15    -2.46092e-15    
99    7.05644e-15    -3.88608e-15    -1.81938e-14    -1.01453e-15    -1.10944e-15    -1.06864e-14    4.4506e-14    -4.9302e-16    1.91955e-16    1.16497e-15    
100    -8.42081e-15    1.99919e-14    1.7035e-14    1.17994e-16    -1.05117e-18    4.17535e-14    -1.39654e-14    4.13463e-15    3.75963e-15    1.15647e-15    
101    1.96607e-15    -8.67351e-15    -6.97012e-15    8.94712e-16    -3.85399e-17    -3.51537e-14    -3.02023e-14    -9.11595e-17    1.7985e-15    -3.43669e-15    
102    7.26745e-15    -5.60102e-15    -1.25022e-14    -2.05664e-15    -4.44483e-16    -8.5309e-15    4.63455e-14    3.07102e-15    -6.61973e-16    1.35399e-15    
103    -8.38033e-15    1.35658e-14    2.35194e-14    2.17249e-16    6.40168e-16    4.46566e-14    -1.24535e-14    -2.19746e-15    -4.62076e-16    2.00338e-15    
104    2.36429e-15    -8.1696e-15    -4.3316e-15    -1.16093e-15    1.32425e-16    -3.41196e-14    -3.0973e-14    6.26031e-15    3.21399e-15    3.00368e-16    
105    6.82189e-15    -1.20107e-15    -1.63758e-14    -1.24617e-15    3.50776e-16    -8.01981e-15    4.50643e-14    -2.98762e-15    -1.4286e-16    -3.29373e-15    
106    -1.00941e-14    1.22459e-14    1.7257e-14    -1.33578e-15    8.39519e-16    4.56129e-14    -1.52317e-14    5.87423e-15    -2.15211e-15    7.46125e-16    
107    8.81644e-16    -1.33268e-14    -8.6528e-15    -1.02522e-15    1.55616e-15    -3.41462e-14    -3.09715e-14    -8.89656e-16    -1.87773e-16    1.12208e-15    
108    7.5467e-15    1.96953e-15    -1.38136e-14    -3.89948e-16    -1.42887e-15    -1.05142e-14    4.41563e-14    6.46065e-15    5.8599e-16    4.29263e-16    
109    -1.23638e-17    -4.82906e-17    8.34467e-16    2.04708e-15    6.17575e-16    6.79465e-16    -1.10906e-16    -1.42375e-16    2.43638e-15    3.24498e-15    
110    -1.52766e-16    3.68119e-16    1.68959e-16    2.78799e-16    -6.33017e-16    -1.5111e-17    -5.32881e-16    -3.2334e-15    5.26326e-16    -5.01104e-16    
111    1.60578e-16    2.54699e-16    -1.31317e-15    -1.49635e-15    1.62639e-15    7.78925e-17    -1.01243e-15    2.07856e-15    -2.7682e-15    3.20266e-15    
112    -1.27675e-16    9.09998e-17    9.86546e-17    2.19169e-16    7.95256e-16    2.51723e-16    6.66993e-16    -1.53329e-15    -5.04507e-16    -2.27699e-15    
113    4.19691e-16    2.40781e-16    -1.18601e-15    -2.98011e-16    -5.34781e-16    -7.19066e-16    -8.32211e-16    9.36344e-16    6.75715e-16    -2.51644e-15    
114    -1.02334e-16    -1.04497e-15    5.79753e-16    -1.52292e-15    -1.09771e-15    1.76588e-15    7.96207e-16    -2.65423e-15    -1.0058e-15    -8.9646e-16    
115    -1.90735e-16    -6.29231e-17    -7.3243e-16    2.23595e-15    1.85046e-16    -6.8927e-16    -6.00288e-16    6.86433e-16    3.60058e-15    3.20383e-15    
116    4.7527e-16    -6.03259e-16    3.79379e-16    2.11649e-16    -7.78118e-17    -1.03512e-15    -9.77297e-17    3.33457e-15    4.5635e-16    -1.20959e-15    
117    -3.67123e-16    4.76413e-16    1.26962e-15    3.63653e-16    1.82184e-15    5.29735e-16    6.15658e-16    -1.42756e-15    -3.87632e-15    1.15314e-15    
118    1.4875e-16    -3.11643e-16    -1.61639e-15    -1.24382e-15    3.74687e-16    4.21405e-16    -1.62894e-15    7.76481e-15    -3.35708e-16    6.03804e-16    
119    -2.42087e-17    2.02668e-16    2.74659e-15    -5.86014e-16    -1.75031e-15    -7.42662e-16    -5.55508e-16    -3.36392e-15    1.17488e-15    -2.08827e-15    
120    -4.48931e-17    3.40983e-16    -1.57924e-15    -2.59443e-16    1.63541e-16    -2.52433e-16    -8.26241e-16    -2.44018e-15    -9.78417e-17    -2.92622e-15    
121    1.78568e-15    -3.73201e-15    -7.72169e-15    -1.12301e-15    7.94283e-18    -2.2849e-14    -1.88691e-14    -1.94497e-15    -2.32046e-15    -2.05531e-15    
122    -1.30911e-15    4.31401e-15    -3.68976e-15    4.2279e-18    -1.07537e-15    -5.79858e-15    2.98414e-14    5.02416e-15    -1.49345e-15    1.38055e-15    
123    -3.77664e-15    1.7059e-15    1.88309e-14    1.3484e-15    -8.96304e-16    2.80624e-14    -9.08808e-15    -6.46985e-15    1.74031e-15    7.04861e-16    
124    3.06654e-15    -1.72792e-14    -1.17267e-15    -7.76695e-16    -7.20616e-16    -2.07327e-14    -1.88139e-14    6.77357e-15    1.37378e-15    -1.52649e-15    
125    1.80432e-15    1.00435e-14    3.17628e-15    7.89781e-16    -1.27058e-16    -4.51916e-15    2.88555e-14    -2.23278e-15    -1.24566e-15    5.41423e-16    
126    -5.48075e-15    1.06582e-14    2.18697e-14    9.60993e-16    7.65026e-16    2.8921e-14    -1.00581e-14    5.30069e-15    -7.48881e-16    3.16619e-15    
127    -4.76447e-16    -2.56727e-14    -3.37447e-15    5.82189e-16    -4.17594e-16    -2.20821e-14    -2.05519e-14    -7.82712e-16    3.26064e-15    2.29191e-15    
128    1.4134e-15    -2.93391e-15    -7.69697e-15    3.27434e-16    -5.08635e-16    -6.31874e-15    2.65628e-14    8.03121e-15    7.56519e-16    -9.78425e-16    
129    -3.41786e-15    1.96048e-14    1.46662e-14    -4.66671e-16    1.0047e-15    2.78247e-14    -9.86494e-15    -3.35134e-15    -2.03221e-15    -2.10787e-16    
130    1.93036e-16    -1.10418e-14    3.90313e-15    -1.2739e-15    1.53553e-15    -2.21777e-14    -2.00704e-14    4.65728e-15    -1.18964e-15    3.14062e-15    
131    1.17027e-15    -8.0524e-15    6.24674e-15    1.50709e-16    6.12693e-16    -6.56e-15    2.91184e-14    -2.84682e-16    2.7542e-16    1.02497e-16    
132    -5.08229e-16    5.84063e-15    1.68286e-14    7.01251e-16    -5.25606e-16    2.66006e-14    -8.73576e-15    2.30254e-15    -1.79931e-15    -3.72787e-15    
133    -6.50251e-15    1.78878e-14    1.37737e-14    -3.34575e-16    4.95756e-16    7.99036e-14    -2.25598e-14    3.48618e-15    2.70274e-15    4.78882e-15    
134    6.16248e-15    -1.67524e-14    -3.29944e-15    9.56245e-16    -1.60018e-15    -5.91991e-14    -5.49175e-14    2.46012e-15    3.89005e-15    1.34461e-15    
135    4.07294e-15    8.9819e-16    -1.36072e-14    -2.07308e-15    1.06967e-16    -1.76842e-14    8.1633e-14    7.38462e-15    1.58297e-15    -3.79085e-15    
136    -7.72359e-15    1.44847e-14    1.46046e-14    9.72558e-16    5.61196e-16    8.13134e-14    -2.43363e-14    2.16822e-15    -2.07245e-15    1.64841e-15    
137    3.48433e-15    -1.57392e-14    -1.48128e-14    6.33741e-16    4.90244e-16    -5.94797e-14    -5.76807e-14    6.79993e-15    7.96209e-16    8.89733e-16    
138    1.28973e-15    2.65577e-15    -2.41682e-14    -5.71948e-16    -2.07318e-16    -1.81176e-14    7.91023e-14    5.95539e-16    4.43423e-15    -1.09848e-15    
139    -8.47831e-15    1.22009e-14    1.2837e-14    9.07443e-17    -2.68816e-16    8.16264e-14    -2.71647e-14    2.06434e-15    -1.92639e-15    -5.66071e-15    
140    6.13537e-15    -1.3804e-14    -3.60822e-15    -1.63563e-15    1.02892e-15    -6.16884e-14    -5.82165e-14    1.14946e-15    -3.51601e-15    -6.5195e-16    
141    5.10531e-15    7.0845e-15    -1.33157e-14    6.76044e-16    1.1322e-15    -2.02156e-14    8.00473e-14    -3.30352e-16    -1.26957e-15    7.23757e-16    
142    -7.11525e-15    1.26795e-14    1.39836e-14    -5.93834e-16    1.63368e-16    7.67342e-14    -2.40868e-14    2.66824e-15    1.9908e-15    6.10023e-16    
143    4.96127e-15    -1.8718e-14    -1.64998e-14    -3.59998e-16    7.82831e-16    -6.33029e-14    -5.61777e-14    7.31079e-16    -1.19777e-15    -2.91859e-15    
144    4.04007e-15    7.84722e-15    -2.66107e-14    -8.90644e-16    -2.11336e-16    -1.97533e-14    8.25161e-14    1.7476e-15    -3.01738e-15    4.61822e-15    
145    -8.4194e-15    1.17085e-14    1.57001e-14    -1.4875e-15    -7.53819e-16    9.26106e-14    -4.01818e-14    6.78596e-15    -2.49438e-15    -1.45893e-15    
146    1.14192e-15    -2.39842e-14    -1.09392e-14    2.01303e-16    -1.06186e-15    -7.7847e-14    -6.10385e-14    -4.16952e-15    -1.49256e-15    2.27771e-15    
147    3.38097e-15    9.60098e-15    -5.06908e-15    -6.81193e-16    1.07702e-16    -1.32131e-14    9.67022e-14    8.59947e-15    1.52085e-15    -1.2522e-16    
148    -6.7419e-15    9.75937e-15    2.23346e-14    6.99389e-16    -1.12506e-15    8.94574e-14    -3.91697e-14    -3.73692e-18    1.66689e-15    -1.90748e-15    
149    3.69964e-15    -2.14295e-14    -7.21298e-15    -8.39887e-16    3.68871e-16    -7.96165e-14    -6.01549e-14    6.28547e-15    -6.63269e-16    -2.44216e-15    
150    4.17294e-15    1.13928e-14    -5.57887e-15    8.79094e-16    1.09717e-15    -1.26037e-14    9.76595e-14    8.01322e-16    -1.52192e-16    9.98948e-16    
151    -7.51288e-15    4.77238e-15    1.58077e-14    -4.12677e-16    -6.9284e-16    9.02606e-14    -3.70652e-14    6.77351e-15    2.34229e-15    2.00646e-15    
152    3.58289e-15    -2.20694e-14    -1.27225e-14    -8.79311e-16    2.74512e-16    -7.92474e-14    -5.89062e-14    -1.02399e-15    1.56136e-15    -8.55776e-16    
153    5.72617e-15    1.56734e-14    -4.39579e-15    -4.67814e-16    6.89241e-16    -1.18034e-14    9.86504e-14    4.8396e-15    -3.31373e-15    -1.97961e-15    
154    -7.14039e-15    8.25219e-15    2.41647e-14    -1.97864e-15    1.5357e-15    9.28662e-14    -3.64906e-14    -5.76643e-16    -1.34652e-15    2.97961e-15    
155    2.49484e-15    -2.86645e-14    -8.44116e-15    4.23769e-16    6.70321e-16    -7.79039e-14    -5.92666e-14    4.23192e-15    1.24154e-15    5.561e-16    
156    4.0228e-15    1.23534e-14    -8.2781e-15    -1.11894e-15    -4.36459e-16    -1.2464e-14    9.81001e-14    -1.77729e-15    1.07191e-15    -1.82502e-15    
157    2.1355e-15    2.747e-15    -1.04507e-14    5.36969e-16    -7.54184e-16    -7.42451e-14    6.32289e-14    -4.88084e-15    -2.53515e-16    -1.0662e-15    
158    7.68918e-16    8.68273e-15    2.6102e-15    -8.10189e-16    -2.55519e-16    8.96923e-14    3.31354e-14    3.94302e-15    1.00326e-15    -6.21132e-16    
159    -3.02677e-15    -1.42088e-14    1.00384e-14    -6.05865e-17    2.62837e-17    -1.67886e-14    -9.62935e-14    -5.11165e-15    -2.63808e-15    8.53256e-16    
160    3.67172e-15    6.86405e-15    -1.03098e-14    1.92827e-16    2.07573e-16    -7.44262e-14    6.14259e-14    6.05237e-15    -2.0539e-16    1.9222e-15    
161    -9.82469e-16    1.24588e-14    3.65906e-15    4.39234e-16    3.99557e-16    9.01209e-14    3.13372e-14    -4.23737e-15    3.42736e-15    -1.64018e-15    
162    -4.81476e-15    -1.56869e-14    9.18792e-15    -5.14204e-17    -5.29142e-16    -1.60478e-14    -9.61239e-14    5.90923e-15    -2.21849e-15    -1.61221e-15    
163    4.75027e-15    1.4139e-15    -1.41116e-14    6.16113e-16    8.19235e-16    -7.35606e-14    6.23529e-14    -5.30525e-15    -1.72906e-15    9.09738e-16    
164    5.94073e-16    1.53538e-14    2.25074e-15    1.25824e-16    -5.58173e-16    9.10825e-14    3.23318e-14    5.00448e-15    2.51858e-15    2.03804e-15    
165    -5.77174e-15    -1.28276e-14    1.4935e-14    -2.8102e-16    -8.20206e-16    -1.54153e-14    -9.4522e-14    -5.41737e-15    2.22932e-16    -2.49795e-15    
166    3.46444e-15    -1.64872e-16    -1.21964e-14    2.51705e-16    3.23745e-16    -7.37702e-14    6.33458e-14    6.65285e-15    -1.83078e-15    -9.18536e-16    
167    2.22931e-15    9.80366e-15    -8.80861e-16    -2.77713e-16    6.95152e-16    9.06379e-14    3.39029e-14    -4.83144e-15    2.69749e-16    4.12864e-16    
168    -4.28145e-15    -9.41564e-15    1.22649e-14    6.42233e-16    3.60317e-16    -1.69828e-14    -9.30839e-14    5.02882e-15    -1.94289e-16    1.69309e-15    
169    -1.75493e-16    -0.204124    2.1632e-15    -3.50942e-15    -9.51261e-16    7.42682e-16    2.04379e-15    -8.12269e-15    -4.65381e-15    -3.60679e-15    
170    -1.58984e-16    -0.204124    -1.61936e-15    8.45556e-16    1.05301e-15    7.97735e-16    2.53006e-15    6.00758e-16    -1.00049e-15    -2.6322e-17    
171    4.57345e-16    -0.204124    1.02045e-15    1.03759e-15    -2.33323e-15    3.53731e-16    3.13622e-15    -7.78954e-16    5.9653e-15    -1.80094e-15    
172    1.85921e-16    -0.204124    -1.9559e-16    -2.76249e-16    -1.57511e-15    -1.56499e-15    2.71433e-15    4.77277e-15    -1.71899e-15    -1.92801e-15    
173    3.63467e-17    -0.204124    -1.097e-15    1.14613e-15    1.82757e-15    -6.67243e-16    2.29904e-15    7.73994e-15    -5.38563e-17    8.63689e-15    
174    5.51416e-16    -0.204124    6.38161e-16    8.93891e-16    -9.98724e-16    -2.07736e-15    1.16885e-15    1.32761e-14    2.08327e-15    8.98638e-17    
175    3.15428e-16    -0.204124    -4.25007e-17    -2.36826e-15    1.24915e-15    -2.11205e-15    6.48051e-16    3.87883e-15    -4.15047e-15    -3.66388e-15    
176    -2.3406e-16    -0.204124    -7.37257e-17    -7.30678e-16    8.68073e-16    -2.24671e-16    -1.20959e-15    1.67656e-15    -1.74149e-15    1.05732e-15    
177    -2.29642e-16    -0.204124    5.9089e-16    9.90168e-16    -3.23096e-15    -9.46316e-16    -2.9861e-15    9.24651e-17    5.57763e-15    -7.09375e-16    
178    2.38782e-16    -0.204124    2.00816e-15    2.13012e-16    6.37836e-16    6.07996e-16    -7.49063e-16    -1.45632e-14    3.42533e-16    -2.26561e-15    
179    -5.24491e-16    -0.204124    1.5014e-15    2.28514e-15    2.51464e-15    1.57968e-15    -3.13098e-16    -3.21513e-15    -1.27557e-15    6.02954e-15    
180    -1.17157e-16    -0.204124    1.00852e-15    1.50051e-15    1.60645e-16    3.22503e-15    1.43132e-15    -5.28647e-15    6.29611e-16    8.66112e-17    
181    -4.18665e-15    3.13808e-15    1.7767e-14    -3.00593e-16    3.63644e-17    3.96443e-14    -1.8237e-15    -2.179e-15    -9.42025e-16    -1.90842e-15    
182    1.11175e-15    -1.16732e-14    -4.51028e-15    4.51562e-16    1.40807e-15    -2.23888e-14    -3.16481e-14    1.82196e-16    -2.42564e-15    6.22733e-16    
183    1.73907e-15    4.95783e-15    -2.54701e-15    3.35831e-16    1.0193e-15    -1.50016e-14    3.71444e-14    -1.85033e-15    9.46605e-16    4.73415e-15    
184    -5.20889e-15    5.26774e-15    1.92641e-14    2.92866e-16    7.08865e-17    4.02989e-14    -3.4358e-15    -1.57465e-15    2.57927e-15    -1.40084e-15    
185    8.0018e-16    -1.70021e-14    3.53537e-15    -5.81297e-16    6.38587e-16    -2.05763e-14    -3.33382e-14    -2.43756e-15    -1.30743e-15    -2.71528e-15    
186    2.95005e-15    2.46622e-15    4.12864e-15    3.64187e-16    6.92315e-16    -1.42299e-14    3.49712e-14    4.47843e-16    -4.31597e-15    -1.27317e-16    
187    -5.23759e-15    1.20386e-14    1.80272e-14    1.09193e-15    5.08072e-16    3.90764e-14    -4.55034e-15    -1.06638e-15    2.74826e-16    1.92688e-15    
188    -9.58298e-16    -1.47304e-14    -2.26815e-15    4.13163e-16    -6.03899e-16    -2.31699e-14    -3.44371e-14    1.9114e-17    2.92484e-15    -1.1673e-15    
189    2.23634e-15    -1.76291e-15    -7.63278e-17    8.38619e-17    3.8523e-16    -1.8157e-14    3.48628e-14    -1.88475e-16    -1.74669e-15    -2.83502e-15    
190    -4.13431e-15    1.12645e-14    1.62149e-14    4.77026e-16    3.22479e-16    3.90031e-14    -3.49738e-15    -7.71452e-16    -3.08684e-15    3.46247e-16    
191    1.18486e-15    -8.08699e-15    6.5746e-16    6.17125e-16    3.40729e-17    -2.53192e-14    -3.10339e-14    -1.17913e-15    1.54288e-15    3.39443e-15    
192    2.42136e-15    -1.06256e-16    5.33948e-15    7.57721e-16    -1.08764e-16    -1.92003e-14    3.72953e-14    -2.76693e-16    5.13107e-15    -1.48972e-15    
193    4.68865e-15    5.24667e-15    -1.7486e-15    -6.73118e-16    -1.18729e-15    -6.58006e-14    3.84674e-14    7.95468e-15    1.27953e-15    -3.45224e-15    
194    -6.52989e-15    5.41234e-15    1.18482e-14    -1.2277e-15    -4.01395e-16    6.75096e-14    3.80629e-14    -2.52809e-15    -1.1735e-15    -2.7425e-15    
195    6.5334e-16    -1.86517e-14    1.30538e-15    4.92527e-17    -7.79866e-16    1.29374e-15    -7.69787e-14    1.55497e-15    -1.28438e-15    1.37604e-15    
196    4.2466e-15    9.98507e-15    -1.14428e-14    1.10827e-15    -7.19017e-17    -6.49186e-14    3.79354e-14    -6.98388e-16    1.84709e-15    1.80032e-15    
197    -7.99361e-15    2.05808e-14    1.41132e-14    1.74951e-16    -1.05182e-15    6.64853e-14    3.74205e-14    -4.03079e-16    2.59738e-17    7.87964e-17    
198    -1.15186e-15    -2.39235e-14    1.19033e-14    -4.91327e-17    -7.90551e-16    -8.29676e-17    -7.82522e-14    -3.72353e-15    -1.22802e-15    -1.2106e-16    
199    6.29645e-15    -5.98331e-15    -3.78546e-15    -2.72668e-16    7.70637e-16    -6.77816e-14    3.76129e-14    7.16739e-15    1.56849e-16    2.54829e-15    
200    -5.04725e-15    2.48593e-14    9.05369e-15    2.85041e-16    8.71379e-16    6.48647e-14    3.73027e-14    -3.73772e-15    2.31752e-15    2.03207e-15    
201    -2.49913e-15    -9.51787e-15    1.13912e-15    -1.29347e-15    1.14954e-16    -1.43449e-15    -7.64341e-14    5.1315e-15    1.44708e-15    -2.15535e-16    
202    4.20373e-15    -8.90146e-15    -8.70357e-15    -9.23404e-16    5.89293e-16    -6.69639e-14    3.90454e-14    -9.0996e-16    -1.6953e-15    -4.8013e-16    
203    -3.08669e-15    1.28643e-14    1.1484e-14    -6.74195e-18    9.8771e-16    6.63772e-14    3.88763e-14    4.94011e-15    -1.87149e-15    1.10877e-15    
204    2.30533e-15    -4.70352e-15    9.21991e-15    7.2241e-18    -1.12099e-15    3.80015e-18    -7.49454e-14    -2.23647e-15    1.51349e-15    -3.12776e-16    
#Execution time: 110410 s
