#Spin code
#Is hermitian: 1
1   1 100
2   2 100
3   3 100
4   4 100
5   5 100
6   6 100
7   7 100
8   8 100
9   9 100
10   10 100
11   11 100
12   12 100

13   1 110
14   2 110
15   3 110
16   4 110
17   5 110
18   6 110
19   7 110
20   8 110
21   9 110
22   10 110
23   11 110
24   12 110

25   1 210
26   2 210
27   3 210
28   4 210
29   5 210
30   6 210
31   7 210
32   8 210
33   9 210
34   10 210
35   11 210
36   12 210

37   1 120
38   2 120
39   3 120
40   4 120
41   5 120
42   6 120
43   7 120
44   8 120
45   9 120
46   10 120
47   11 120
48   12 120

49   1 101
50   2 101
51   3 101
52   4 101
53   5 101
54   6 101
55   7 101
56   8 101
57   9 101
58   10 101
59   11 101
60   12 101

61   1 201
62   2 201
63   3 201
64   4 201
65   5 201
66   6 201
67   7 201
68   8 201
69   9 201
70   10 201
71   11 201
72   12 201

73   1 111
74   2 111
75   3 111
76   4 111
77   5 111
78   6 111
79   7 111
80   8 111
81   9 111
82   10 111
83   11 111
84   12 111

85   1 211
86   2 211
87   3 211
88   4 211
89   5 211
90   6 211
91   7 211
92   8 211
93   9 211
94   10 211
95   11 211
96   12 211

97   1 311
98   2 311
99   3 311
100   4 311
101   5 311
102   6 311
103   7 311
104   8 311
105   9 311
106   10 311
107   11 311
108   12 311

109   1 121
110   2 121
111   3 121
112   4 121
113   5 121
114   6 121
115   7 121
116   8 121
117   9 121
118   10 121
119   11 121
120   12 121

121   1 221
122   2 221
123   3 221
124   4 221
125   5 221
126   6 221
127   7 221
128   8 221
129   9 221
130   10 221
131   11 221
132   12 221

133   1 131
134   2 131
135   3 131
136   4 131
137   5 131
138   6 131
139   7 131
140   8 131
141   9 131
142   10 131
143   11 131
144   12 131

145   1 331
146   2 331
147   3 331
148   4 331
149   5 331
150   6 331
151   7 331
152   8 331
153   9 331
154   10 331
155   11 331
156   12 331

157   1 102
158   2 102
159   3 102
160   4 102
161   5 102
162   6 102
163   7 102
164   8 102
165   9 102
166   10 102
167   11 102
168   12 102

169   1 112
170   2 112
171   3 112
172   4 112
173   5 112
174   6 112
175   7 112
176   8 112
177   9 112
178   10 112
179   11 112
180   12 112

181   1 212
182   2 212
183   3 212
184   4 212
185   5 212
186   6 212
187   7 212
188   8 212
189   9 212
190   10 212
191   11 212
192   12 212

193   1 122
194   2 122
195   3 122
196   4 122
197   5 122
198   6 122
199   7 122
200   8 122
201   9 122
202   10 122
203   11 122
204   12 122

#204 operators generated.
#Correlation matrix eigenvalues: 
  -3.2174e-17
  -1.4523e-17
  -9.9115e-18
  -8.4738e-18
  -6.3610e-18
  -5.2909e-18
  -4.7424e-18
  -4.2507e-18
  -4.0156e-18
  -3.0829e-18
  -2.6440e-18
  -2.6236e-18
  -2.0756e-18
  -1.5215e-18
  -1.2908e-18
  -1.0140e-18
  -7.6193e-19
  -6.9559e-19
  -5.5802e-19
  -4.6679e-19
  -4.2333e-19
  -3.9101e-19
  -3.6378e-19
  -3.0146e-19
  -2.4474e-19
  -2.1863e-19
  -1.8326e-19
  -1.8249e-19
  -1.6141e-19
  -1.5593e-19
  -1.3245e-19
  -1.1847e-19
  -1.1613e-19
  -1.0281e-19
  -9.1998e-20
  -8.3674e-20
  -7.8520e-20
  -7.6798e-20
  -7.5423e-20
  -7.0384e-20
  -6.0807e-20
  -5.5031e-20
  -5.2601e-20
  -4.7424e-20
  -4.6275e-20
  -4.5551e-20
  -3.9797e-20
  -3.1203e-20
  -2.7866e-20
  -2.4607e-20
  -2.2551e-20
  -2.0172e-20
  -2.0101e-20
  -1.8393e-20
  -1.3548e-20
  -1.1951e-20
  -1.0712e-20
  -1.9721e-21
   6.3094e-22
   1.3059e-21
   4.0781e-21
   1.3061e-20
   2.2492e-20
   2.2639e-20
   2.6231e-20
   2.8366e-20
   2.8988e-20
   4.2754e-20
   4.5025e-20
   4.5088e-20
   4.6026e-20
   5.6570e-20
   5.7391e-20
   6.2164e-20
   6.2964e-20
   6.5334e-20
   6.6706e-20
   7.5496e-20
   7.8898e-20
   9.2003e-20
   9.6293e-20
   1.2576e-19
   1.6869e-19
   1.7301e-19
   2.0229e-19
   2.0511e-19
   2.2434e-19
   2.8092e-19
   3.2776e-19
   4.6576e-19
   6.1955e-19
   9.1921e-19
   1.0819e-18
   1.2283e-18
   1.3805e-18
   1.8376e-18
   2.5219e-18
   2.8663e-18
   2.9809e-18
   3.2891e-18
   4.2929e-18
   5.3776e-18
   5.6929e-18
   6.5964e-18
   5.4308e-07
   5.4308e-07
   6.3643e-07
   6.4415e-07
   6.4415e-07
   9.4131e-07
   4.6335e-06
   4.6335e-06
   4.8324e-06
   4.8324e-06
   6.2595e-06
   6.2595e-06
   8.2154e-06
   8.2154e-06
   1.1024e-05
   1.3975e-05
   1.3975e-05
   1.5366e-05
   1.5366e-05
   2.1422e-05
   2.1422e-05
   2.4932e-05
   2.9072e-05
   3.1134e-05
   3.1134e-05
   3.6964e-05
   3.6964e-05
   4.0533e-05
   4.2625e-05
   4.5782e-05
   7.7287e-05
   7.7287e-05
   7.9736e-05
   7.9736e-05
   9.4426e-05
   9.4426e-05
   9.4785e-05
   1.0103e-04
   1.0103e-04
   1.1703e-04
   1.1703e-04
   1.2464e-04
   1.2464e-04
   1.2560e-04
   1.3019e-04
   1.3019e-04
   1.5219e-04
   1.8479e-04
   1.8946e-04
   1.8946e-04
   2.5408e-04
   2.5408e-04
   3.4020e-04
   3.4020e-04
   3.9063e-04
   3.9947e-04
   5.5017e-04
   5.5017e-04
   5.5378e-04
   5.5378e-04
   5.7978e-04
   6.4746e-04
   6.4746e-04
   6.6341e-04
   6.6341e-04
   6.6628e-04
   6.6628e-04
   7.4028e-04
   7.4028e-04
   8.1051e-04
   8.1051e-04
   8.7258e-04
   8.7258e-04
   1.2460e-03
   1.2460e-03
   1.6935e-03
   1.6935e-03
   1.7431e-03
   1.7431e-03
   1.7676e-03
   3.8098e-03
   3.8098e-03
   4.1887e-03
   4.1887e-03
   5.1561e-03
   5.1561e-03
   5.3356e-03
   5.3356e-03
   8.7063e-03
   8.7063e-03
   1.1095e-02
   1.1095e-02
   1.2266e-02
   1.3860e-02
   1.3860e-02
   1.7453e-02
   1.8131e-02
   2.2520e-02
   4.5254e-02
   1.2416e-01

#10 eigenvectors corresponding to largest eigenvalues: 
1    -2.16662e-16    -1.74668e-15    -2.50321e-15    -6.31765e-16    -5.03764e-15    -8.73901e-16    -3.26345e-15    -1.42518e-15    8.3206e-15    1.79213e-15    
2    1.84498e-16    -1.87146e-16    -1.36696e-15    -2.81242e-15    -3.48159e-15    1.76925e-15    -4.64732e-15    -5.39499e-16    7.25722e-15    -2.93383e-15    
3    4.53754e-16    -1.72664e-15    -1.44676e-15    -2.40129e-15    -9.83588e-16    1.56894e-15    -6.72292e-15    -4.5981e-16    6.11013e-15    -4.75975e-15    
4    3.27008e-16    -1.08151e-15    -1.68615e-15    -2.44683e-15    2.243e-15    1.69321e-15    -2.81632e-15    -8.15537e-16    1.75077e-15    -7.71628e-15    
5    1.42981e-16    1.0217e-15    -1.17788e-15    -2.46699e-15    4.34548e-15    1.9093e-15    2.41127e-16    -3.33284e-16    -2.61336e-15    -8.61423e-15    
6    3.89825e-16    8.7972e-16    -1.53176e-15    -5.37331e-16    4.94743e-15    2.02021e-15    2.64719e-15    3.22225e-16    -7.83618e-15    -3.62758e-15    
7    4.6624e-16    -1.24527e-15    -1.54737e-15    3.28513e-16    5.10356e-15    1.25821e-15    3.88925e-15    -2.84061e-17    -9.15414e-15    -1.22928e-15    
8    2.52382e-16    -1.33293e-15    -1.86309e-15    2.63591e-15    2.77903e-15    -1.22852e-15    5.57714e-15    6.14526e-16    -7.10283e-15    5.53724e-15    
9    -2.8064e-17    -1.28727e-15    -2.96117e-15    2.77816e-15    1.47278e-15    -1.0584e-15    4.11563e-15    1.51225e-15    -3.16847e-15    6.8188e-15    
10    6.87789e-16    -6.38163e-16    -1.96457e-16    2.91684e-15    -2.32849e-15    -2.01084e-15    1.92923e-15    9.02056e-16    1.23876e-15    7.56524e-15    
11    4.1632e-16    7.43156e-16    -1.30278e-15    1.65276e-15    -4.10089e-15    -2.01523e-15    -2.60209e-17    4.50703e-16    3.55445e-15    6.62232e-15    
12    -2.84987e-16    1.48207e-15    -1.6237e-15    4.7011e-16    -4.56579e-15    -2.92594e-15    -1.02522e-15    -4.00938e-16    7.14446e-15    2.03941e-15    
13    0.229124    2.04901e-14    -0.175601    1.28627e-11    0.288675    0.338598    0.162124    4.92878e-15    0.119856    -0.301084    
14    0.229124    -2.43555e-15    -0.175601    -3.24493e-11    -0.288675    -0.0288956    -0.374296    -8.43249e-15    -0.200818    -0.25434    
15    0.229124    2.3388e-15    -0.175601    -1.04323e-11    0.288675    -0.309702    0.212173    -2.18081e-14    -0.320674    0.0467439    
16    0.229124    -1.41955e-14    -0.175601    3.08317e-11    -0.288675    0.338598    0.162124    -9.16541e-15    -0.119856    0.301084    
17    0.229124    -4.28951e-16    -0.175601    1.08e-11    0.288675    -0.0288956    -0.374296    1.32889e-14    0.200818    0.25434    
18    0.229124    2.11205e-14    -0.175601    -2.98495e-11    -0.288675    -0.309702    0.212173    2.52298e-14    0.320674    -0.0467439    
19    0.229124    -2.00977e-14    -0.175601    -1.28602e-11    0.288675    0.338598    0.162124    2.86381e-15    0.119856    -0.301084    
20    0.229124    2.54473e-15    -0.175601    3.2448e-11    -0.288675    -0.0288956    -0.374296    -8.16795e-15    -0.200818    -0.25434    
21    0.229124    -3.43058e-15    -0.175601    1.04333e-11    0.288675    -0.309702    0.212173    -9.567e-15    -0.320674    0.0467439    
22    0.229124    1.36431e-14    -0.175601    -3.08296e-11    -0.288675    0.338598    0.162124    1.95373e-15    -0.119856    0.301084    
23    0.229124    -1.43379e-15    -0.175601    -1.08044e-11    0.288675    -0.0288956    -0.374296    6.46308e-15    0.200818    0.25434    
24    0.229124    -2.17544e-14    -0.175601    2.98555e-11    -0.288675    -0.309702    0.212173    8.19657e-17    0.320674    -0.0467439    
25    -4.90845e-16    1.3885e-15    4.06202e-16    -2.26825e-15    -2.74959e-16    -5.02243e-16    -6.25562e-16    -7.67162e-16    2.15963e-15    -1.43496e-15    
26    9.98008e-16    -1.56e-15    9.07131e-16    -9.88665e-16    1.6223e-15    2.25056e-16    -2.19749e-15    8.24665e-17    2.9448e-16    -3.06024e-16    
27    -7.21012e-16    1.27513e-15    3.79563e-16    -1.90496e-15    -5.45773e-17    -1.40835e-15    -5.73159e-16    1.56306e-16    1.33676e-15    -3.39809e-15    
28    1.27673e-15    -2.84198e-16    -3.02711e-16    1.53868e-15    8.53242e-16    8.28162e-16    4.753e-16    1.62933e-16    2.06798e-17    -2.38855e-15    
29    -1.11971e-15    -2.64736e-15    -1.05702e-15    1.06251e-15    4.85422e-16    8.25065e-16    2.81897e-17    3.1877e-16    -3.28338e-15    -2.30169e-15    
30    3.24941e-16    7.15438e-16    -1.08889e-15    -7.87412e-16    -1.02212e-16    1.3152e-15    3.12446e-16    1.47111e-16    -1.90088e-15    1.3888e-16    
31    3.27914e-16    -2.89932e-15    1.5365e-15    1.24338e-15    -2.19743e-16    5.03455e-16    -4.58351e-16    3.35862e-16    -2.94189e-15    3.16027e-15    
32    -7.0462e-16    2.31405e-15    -5.70682e-16    -1.1007e-15    -1.2635e-15    -8.44675e-16    9.7569e-16    1.25692e-15    1.58349e-15    2.73353e-15    
33    1.39039e-15    -1.3018e-15    4.23149e-16    1.27447e-15    -5.7541e-16    1.12209e-17    1.72441e-15    1.11413e-15    2.73576e-15    3.24676e-15    
34    -9.90195e-16    4.92127e-16    1.11871e-16    1.83577e-15    -1.05352e-15    -8.2562e-16    4.37249e-16    3.71031e-16    1.13893e-15    2.97342e-16    
35    6.88141e-16    -6.26215e-16    -4.82166e-16    4.94262e-16    -3.67791e-16    3.65717e-16    8.18536e-16    -1.18042e-15    2.96217e-15    -1.67565e-15    
36    -9.78699e-16    -3.76578e-15    -2.00964e-16    2.94518e-16    1.86213e-16    -1.00165e-16    -1.759e-15    -1.94564e-15    -4.72106e-16    -2.81494e-16    
37    -7.77881e-16    1.95537e-15    3.12477e-17    -1.02391e-15    -1.10183e-15    -4.03188e-16    6.48306e-16    -8.45366e-16    1.66723e-15    8.07553e-16    
38    8.07916e-16    -8.18379e-16    8.97916e-16    -5.66698e-16    9.62751e-16    2.45179e-16    -1.56386e-15    -2.9969e-16    6.59898e-16    2.11441e-15    
39    -8.75779e-16    2.2226e-15    8.571e-16    -2.55085e-15    -2.89329e-16    -1.93146e-15    -8.57084e-16    -3.04908e-16    2.45776e-15    -1.50769e-15    
40    1.28457e-15    1.47949e-15    3.53834e-16    3.70928e-16    8.58843e-16    -2.00137e-16    -1.08439e-17    -3.26221e-16    2.11293e-15    -2.10204e-15    
41    -1.04269e-15    -1.34948e-15    -6.43045e-16    5.57329e-16    9.78691e-16    4.54101e-17    -4.67181e-16    -1.56009e-16    -1.72433e-15    -3.83436e-15    
42    1.2686e-16    1.76668e-15    -1.42549e-15    -1.36016e-15    7.5436e-16    1.12794e-15    -2.29231e-16    -4.7435e-16    -1.83174e-15    -2.91084e-15    
43    3.14777e-16    -2.28678e-15    1.22489e-15    6.37143e-16    8.94632e-16    9.71103e-16    -1.26079e-15    -3.87477e-16    -4.82992e-15    2.72111e-16    
44    -8.66427e-16    2.93499e-15    -5.91842e-16    -1.8511e-15    -2.91427e-16    -2.93274e-16    2.84525e-17    8.81844e-16    -1.59991e-15    1.12772e-15    
45    1.452e-15    8.66091e-18    3.50375e-16    2.98894e-16    4.69425e-17    3.70085e-16    1.49917e-15    1.5129e-15    1.85279e-17    3.47021e-15    
46    -7.34544e-16    2.01136e-15    2.57618e-16    1.71307e-15    -8.81851e-16    -6.53363e-16    1.00362e-15    1.54686e-15    -1.05511e-15    2.12367e-15    
47    9.3517e-16    1.45625e-15    -4.93568e-16    1.26197e-15    -7.25966e-16    4.33614e-16    2.1628e-15    1.95351e-16    1.62643e-15    3.84636e-16    
48    -7.44003e-16    -2.6703e-15    -5.17013e-16    1.75094e-15    -4.00837e-16    1.52224e-16    -1.74485e-16    -1.26161e-15    -1.32203e-15    1.8212e-15    
49    0.175601    1.49328e-14    0.229124    -1.41979e-11    -6.5147e-11    0.13234    -0.0906643    6.74536e-16    -0.0358148    -0.245697    
50    0.175601    3.22439e-15    0.229124    -3.08414e-11    -2.02048e-11    -0.144688    -0.0692778    -9.85843e-15    -0.230688    -0.0918322    
51    0.175601    -1.24201e-14    0.229124    1.44915e-11    6.54325e-11    0.0123475    0.159942    -1.13494e-14    -0.194873    0.153865    
52    0.175601    -6.18781e-15    0.229124    3.03818e-11    2.01469e-11    0.13234    -0.0906643    1.59665e-15    0.0358148    0.245697    
53    0.175601    1.07691e-14    0.229124    -1.39998e-11    -6.56383e-11    -0.144688    -0.0692778    1.77487e-14    0.230688    0.0918322    
54    0.175601    1.2343e-15    0.229124    -3.07776e-11    -1.97649e-11    0.0123475    0.159942    1.19424e-14    0.194873    -0.153865    
55    0.175601    -1.40308e-14    0.229124    1.41965e-11    6.51531e-11    0.13234    -0.0906643    -3.04986e-15    -0.0358148    -0.245697    
56    0.175601    -2.72367e-15    0.229124    3.08385e-11    2.02037e-11    -0.144688    -0.0692778    -4.06077e-15    -0.230688    -0.0918322    
57    0.175601    1.31209e-14    0.229124    -1.44931e-11    -6.54314e-11    0.0123475    0.159942    7.34005e-16    -0.194873    0.153865    
58    0.175601    6.73778e-15    0.229124    -3.03852e-11    -2.01419e-11    0.13234    -0.0906643    4.10474e-15    0.0358148    0.245697    
59    0.175601    -1.11822e-14    0.229124    1.39992e-11    6.56426e-11    -0.144688    -0.0692778    -2.47241e-15    0.230688    0.0918322    
60    0.175601    -2.40496e-16    0.229124    3.078e-11    1.97639e-11    0.0123475    0.159942    -9.85757e-16    0.194873    -0.153865    
61    3.91995e-16    -8.78492e-16    2.06063e-16    -1.15422e-15    -1.11547e-16    1.04777e-17    -9.91679e-16    -2.75224e-16    1.47855e-15    -3.13774e-15    
62    7.8867e-17    -9.38306e-17    5.44057e-16    -1.17306e-15    7.29883e-16    -3.11812e-16    -1.654e-15    -1.91277e-16    7.19597e-16    -4.09235e-15    
63    3.45002e-16    1.25312e-15    9.47649e-16    -7.43876e-16    2.90619e-16    4.22751e-16    -1.05639e-15    2.27112e-16    -1.35526e-15    -2.96824e-15    
64    -1.11762e-17    5.65079e-16    4.01656e-16    2.1066e-16    1.95384e-16    5.87359e-16    1.25438e-16    1.10826e-15    -1.82255e-15    -2.89807e-15    
65    8.44309e-17    1.15483e-15    2.09482e-16    -7.7546e-16    1.13903e-16    1.03336e-15    5.76393e-17    3.24838e-16    -3.85535e-15    -5.48832e-16    
66    -4.90643e-17    -4.48857e-16    1.13389e-15    -4.20844e-16    -7.21043e-16    9.82743e-17    -6.47037e-16    3.15172e-16    -2.6765e-15    8.6982e-16    
67    -6.1937e-16    6.85711e-16    4.74664e-16    1.10952e-15    -5.83623e-16    3.80403e-16    9.63971e-16    1.39811e-15    -2.21485e-15    2.75909e-15    
68    2.80263e-16    3.34406e-16    7.85118e-16    8.10272e-16    -9.6387e-16    3.26264e-16    1.90923e-15    1.15639e-15    2.38378e-16    3.07823e-15    
69    3.9639e-16    -7.6744e-17    8.50703e-16    1.37469e-15    -1.11786e-15    -8.16827e-16    9.78012e-16    3.16874e-16    6.59471e-16    3.151e-15    
70    7.93056e-16    1.60125e-15    -8.16065e-18    1.0442e-15    -1.05046e-15    -1.38672e-15    3.89963e-16    -4.894e-16    1.48011e-15    1.22799e-15    
71    -2.98549e-16    -8.29077e-17    -2.89644e-16    -6.30648e-16    -8.63681e-16    1.25566e-16    4.71334e-16    -1.69186e-15    2.79458e-15    -3.80725e-16    
72    -7.00552e-16    6.98755e-16    -9.35901e-18    -8.86559e-16    -2.34554e-16    -2.63687e-16    -1.06985e-15    -1.36692e-15    2.35419e-15    -1.73402e-15    
73    3.05064e-17    2.38074e-15    7.48598e-16    -2.09776e-15    4.85634e-16    -4.09521e-15    1.48124e-15    -1.04069e-15    3.82534e-16    1.26686e-15    
74    4.92911e-16    -2.91406e-15    7.58263e-16    1.04474e-15    -1.43776e-15    3.69894e-15    8.41216e-16    -1.55198e-15    2.68161e-16    -8.09344e-16    
75    -1.4621e-15    1.33234e-17    -2.3294e-15    -1.10982e-15    1.19572e-16    -1.85927e-15    -2.96758e-15    -5.10961e-17    2.3024e-15    1.32877e-15    
76    7.40593e-16    2.81125e-15    1.38171e-15    -3.44975e-16    2.80681e-15    -8.94126e-16    3.02481e-15    1.70248e-15    -1.84219e-15    -5.25266e-16    
77    8.70467e-16    -3.0994e-15    4.06421e-16    1.62523e-15    -2.69585e-15    1.83671e-15    -2.96673e-15    1.32929e-15    3.72279e-15    5.27228e-16    
78    -1.63522e-15    1.09612e-17    -1.46678e-15    -2.25445e-15    2.59897e-15    -3.53693e-15    2.90942e-15    -3.63784e-16    -1.966e-15    -1.11399e-15    
79    8.42963e-16    2.31e-15    7.05985e-16    2.27633e-15    -1.82327e-15    4.05006e-15    -8.65879e-16    -1.29442e-15    2.79283e-16    -5.7968e-16    
80    6.89389e-17    -3.56281e-15    5.71107e-16    -9.35744e-16    -4.16454e-16    -3.52583e-15    -1.16881e-15    -8.3346e-16    -2.6784e-16    1.17937e-15    
81    -9.65577e-16    9.55285e-16    -1.60083e-15    -1.76514e-15    1.05998e-15    2.32606e-15    3.22043e-15    4.58648e-16    -1.04132e-15    -2.07396e-15    
82    1.10648e-15    2.54049e-15    1.07516e-15    1.31828e-15    -9.3216e-16    2.2434e-16    -3.69337e-15    1.82783e-15    8.26116e-16    1.78899e-15    
83    4.8287e-16    -2.47325e-15    4.66802e-16    -7.86146e-16    1.68389e-15    -1.62192e-15    2.83189e-15    1.65191e-15    -1.68983e-15    -5.12e-16    
84    -8.45958e-16    5.47946e-16    -1.25679e-15    1.4603e-15    -1.04114e-15    2.86032e-15    -2.44807e-15    5.03331e-17    1.16828e-15    2.2946e-16    
85    3.26856e-15    0.204124    -4.31252e-15    0.148498    -5.76277e-12    -2.00105e-11    -2.76411e-11    0.182574    -1.53403e-10    1.41053e-10    
86    6.00085e-15    0.204124    -3.38618e-15    -0.148498    1.00301e-11    4.43045e-11    -3.36312e-11    0.182574    -6.7049e-11    -1.31912e-11    
87    -3.83433e-15    0.204124    3.44516e-15    0.148498    3.40975e-12    2.83123e-11    3.35253e-11    0.182574    1.29895e-10    -1.41217e-10    
88    -5.31346e-15    0.204124    -2.57433e-15    -0.148498    -8.29481e-12    -5.44442e-11    3.26883e-11    0.182574    8.73008e-11    2.50869e-11    
89    1.8147e-15    0.204124    1.37043e-15    0.148498    -4.04054e-12    -1.90661e-11    -3.7778e-11    0.182574    -1.41506e-10    1.20787e-10    
90    7.67271e-15    0.204124    -5.49907e-15    -0.148498    7.68999e-12    4.85574e-11    -2.43856e-11    0.182574    -8.74751e-11    -1.59337e-12    
91    -2.91672e-15    0.204124    1.3739e-15    0.148498    5.76378e-12    2.00097e-11    2.76413e-11    0.182574    1.53387e-10    -1.41053e-10    
92    -5.03297e-15    0.204124    1.66187e-15    -0.148498    -1.00297e-11    -4.43064e-11    3.36343e-11    0.182574    6.7033e-11    1.31904e-11    
93    3.18764e-15    0.204124    -2.0782e-15    0.148498    -3.40919e-12    -2.83137e-11    -3.35268e-11    0.182574    -1.29909e-10    1.41218e-10    
94    4.21861e-15    0.204124    2.25167e-15    -0.148498    8.29522e-12    5.44426e-11    -3.26854e-11    0.182574    -8.73136e-11    -2.50871e-11    
95    -1.46089e-15    0.204124    -1.81105e-15    0.148498    4.04189e-12    1.90652e-11    3.77761e-11    0.182574    1.41492e-10    -1.20787e-10    
96    -7.5467e-15    0.204124    2.60209e-15    -0.148498    -7.6903e-12    -4.85576e-11    2.43875e-11    0.182574    8.74633e-11    1.59003e-12    
97    1.45762e-15    -1.48217e-16    1.07206e-15    1.4615e-15    2.00881e-15    9.4044e-16    1.35482e-15    -5.65954e-16    -1.95937e-15    2.30664e-16    
98    -1.96503e-18    -2.74425e-15    -5.75928e-16    1.43592e-15    1.69482e-15    -1.01789e-15    3.34802e-15    -1.26418e-16    -5.27269e-15    -8.15293e-16    
99    -2.76101e-16    -4.20124e-16    1.64799e-15    2.58777e-15    1.05818e-16    5.51828e-16    2.58647e-15    -7.30752e-16    -3.93565e-15    1.7351e-15    
100    9.3322e-16    -2.95541e-16    9.50628e-16    2.38915e-15    -1.34615e-15    -1.08275e-15    1.40513e-15    -1.02349e-16    -2.51101e-15    7.37899e-15    
101    1.24955e-15    1.12957e-15    4.64906e-16    3.97685e-16    -2.69316e-15    -5.88414e-16    6.17562e-16    3.66027e-16    2.6229e-15    4.40064e-15    
102    5.31295e-16    -4.32961e-16    -1.56125e-16    9.91394e-16    -3.20924e-15    -2.40012e-15    -2.05391e-15    -3.05745e-16    6.3248e-15    5.12679e-15    
103    -1.17839e-15    1.44362e-16    -2.10248e-15    -8.93383e-16    -1.08941e-15    -7.90518e-16    -6.62664e-16    1.03216e-16    6.7845e-15    -2.86129e-15    
104    9.86129e-16    -5.2241e-16    2.49453e-15    -1.44893e-15    -2.06432e-15    6.47736e-16    -2.55872e-15    2.08167e-16    5.21631e-15    -4.45638e-15    
105    1.13998e-15    -1.77398e-15    2.46331e-16    -1.84531e-15    5.12611e-16    1.87302e-15    -2.09251e-15    -9.5464e-17    -1.62067e-15    -4.81701e-15    
106    -2.47631e-16    3.25933e-16    8.63892e-16    -1.30538e-15    1.83881e-15    -5.77456e-16    -2.10942e-15    3.03577e-18    -1.86916e-15    -5.03863e-15    
107    1.59376e-17    -4.32069e-16    -5.58581e-16    -5.66387e-16    1.25247e-15    4.65828e-16    -1.14665e-15    9.88576e-16    -3.35582e-15    -4.66065e-16    
108    3.12222e-16    1.50906e-15    1.00614e-16    -8.24861e-16    2.42167e-15    1.65646e-15    1.51094e-15    2.9512e-16    -2.89525e-15    -2.63545e-15    
109    1.92928e-16    -1.3599e-15    -4.18415e-15    0.198065    -9.0582e-12    -5.2672e-11    8.17506e-12    0.129099    -1.57227e-11    7.20675e-11    
110    6.18386e-15    9.48015e-15    -4.57273e-15    -0.198065    -2.08305e-12    2.81782e-11    -3.42058e-11    0.129099    -1.40079e-10    1.14785e-10    
111    -4.74142e-16    -6.42783e-15    7.46625e-15    0.198065    6.03958e-12    6.68567e-11    -3.59737e-12    0.129099    -1.70557e-11    -8.26125e-11    
112    -4.24732e-15    -1.1022e-15    -6.88338e-15    -0.198065    3.76019e-12    -4.27574e-11    3.73322e-11    0.129099    1.63178e-10    -8.92668e-11    
113    -4.16842e-15    -8.73831e-16    7.64666e-15    0.198065    -5.91645e-12    -5.57928e-11    -6.40023e-12    0.129099    9.79535e-12    4.89608e-11    
114    8.49789e-15    5.32235e-15    -9.37445e-15    -0.198065    -5.64271e-12    3.81737e-11    -2.31461e-11    0.129099    -1.73727e-10    1.22033e-10    
115    -3.55876e-16    1.49081e-16    4.77049e-15    0.198065    9.06e-12    5.26716e-11    -8.17558e-12    0.129099    1.57117e-11    -7.20692e-11    
116    -5.94617e-15    -9.42793e-15    2.01228e-15    -0.198065    2.08245e-12    -2.81794e-11    3.42085e-11    0.129099    1.40067e-10    -1.14786e-10    
117    7.36571e-16    6.80527e-15    -5.79051e-15    0.198065    -6.03868e-12    -6.68569e-11    3.59484e-12    0.129099    1.70446e-11    8.26124e-11    
118    4.00144e-15    1.60227e-15    5.3707e-15    -0.198065    -3.76071e-12    4.27569e-11    -3.733e-11    0.129099    -1.63187e-10    8.92663e-11    
119    3.53998e-15    1.24084e-15    -6.40113e-15    0.198065    5.91857e-12    5.57931e-11    6.40093e-12    0.129099    -9.80649e-12    -4.89596e-11    
120    -8.49614e-15    -5.78765e-15    7.48707e-15    -0.198065    5.64125e-12    -3.81748e-11    2.31477e-11    0.129099    1.7372e-10    -1.22036e-10    
121    -7.38229e-16    -1.78823e-16    -1.11022e-16    -8.10983e-16    -1.60982e-15    -2.54267e-16    -2.23779e-16    7.27933e-16    1.48666e-15    -3.21497e-15    
122    1.52087e-16    6.73633e-16    -1.14839e-15    4.09395e-16    -9.33281e-16    -9.88626e-16    -2.36963e-15    4.91686e-16    8.41341e-16    -4.20352e-16    
123    5.45506e-16    1.85173e-15    9.50628e-16    -1.96804e-15    -3.1225e-17    2.08994e-16    -9.05526e-16    3.16587e-17    -1.45196e-15    -5.65533e-16    
124    -1.98473e-16    6.89488e-16    -1.51355e-15    -1.99558e-15    -7.91901e-16    6.79802e-16    -1.24119e-15    6.52798e-16    8.82974e-16    -1.42618e-15    
125    -3.0523e-16    6.51409e-16    -1.56295e-16    -9.10188e-17    1.48162e-15    6.56514e-16    -1.35334e-15    -3.30072e-17    -7.89055e-16    1.37063e-16    
126    -7.70946e-16    3.31399e-16    -7.69784e-16    -1.21555e-15    1.93812e-15    1.79933e-16    7.74554e-16    -2.23671e-16    -5.98046e-16    -4.94528e-15    
127    6.44192e-16    4.69424e-16    2.43208e-15    9.62772e-17    1.70003e-16    1.23633e-15    9.79251e-16    7.70217e-16    -4.42138e-15    -2.10806e-15    
128    1.64163e-16    -1.21116e-15    7.94503e-16    1.17961e-16    2.05044e-15    8.67884e-16    9.52363e-16    6.5746e-16    -6.58588e-15    -8.56208e-16    
129    -7.98064e-16    6.94425e-16    1.31839e-16    1.04777e-15    -5.06539e-16    3.90885e-16    1.83881e-15    1.70437e-16    -3.22312e-15    3.79552e-15    
130    -5.10217e-18    2.20423e-15    3.41741e-16    7.47232e-16    -1.48319e-15    -1.88886e-15    9.93997e-16    -5.72242e-16    -2.4078e-15    5.14664e-15    
131    4.59048e-17    5.84499e-16    -5.60316e-16    1.20975e-15    -5.61183e-16    -4.48144e-18    2.1619e-15    -1.54499e-15    3.0375e-15    2.99708e-15    
132    4.21933e-16    -8.40971e-16    1.81712e-16    -2.47198e-16    -2.34058e-15    -6.48573e-16    -9.34149e-16    -1.19929e-15    3.85152e-15    2.20072e-15    
133    6.59514e-16    1.2263e-15    -3.98986e-17    -2.68882e-16    -1.82666e-15    1.45574e-15    -3.05311e-15    -1.89952e-16    3.29597e-15    -1.60245e-15    
134    1.60254e-16    -1.16569e-15    -5.51642e-16    -1.8336e-15    -1.66533e-16    -4.87515e-16    -3.58741e-15    -3.52366e-16    -5.25188e-16    -3.93023e-15    
135    7.93744e-17    -8.06108e-16    -9.02056e-17    -5.82433e-16    2.86229e-16    2.92487e-15    -1.08854e-15    -8.75168e-16    -1.02045e-15    -4.35104e-15    
136    2.47004e-16    3.32926e-16    1.56125e-15    -1.12979e-15    2.11853e-15    1.11656e-15    -1.66143e-15    -2.66578e-16    -4.21516e-15    -1.01372e-15    
137    1.71798e-16    2.13541e-15    -1.5439e-16    -1.56559e-15    2.41213e-15    1.4382e-15    2.83324e-15    7.80192e-16    -4.09048e-15    -3.30907e-15    
138    8.54779e-16    2.80791e-16    1.72974e-15    4.20725e-16    1.38279e-15    1.33677e-15    6.28404e-16    1.46638e-17    -5.29676e-15    -2.81518e-16    
139    -4.75747e-16    -1.49487e-15    -4.33681e-16    1.46107e-15    2.25514e-15    -1.87211e-15    4.52416e-15    3.9465e-17    -5.87551e-15    1.91016e-16    
140    -2.93141e-16    -1.21255e-15    -1.73472e-18    2.03266e-15    -2.11636e-16    4.87053e-16    3.31159e-15    4.8041e-16    -2.71744e-15    2.79806e-15    
141    4.51411e-16    -7.0967e-16    1.08247e-15    1.49186e-15    -1.6584e-15    -1.31211e-15    9.88792e-16    -3.0813e-16    -4.05665e-15    4.44535e-15    
142    1.33442e-16    1.50749e-15    3.30465e-16    4.54064e-16    -1.661e-15    -1.43876e-15    4.42788e-16    3.21303e-16    1.10719e-15    3.89277e-15    
143    3.41766e-16    1.25324e-15    7.60676e-16    -3.40873e-16    -3.22377e-15    -2.45814e-15    -2.48499e-15    7.11033e-16    2.81107e-15    2.66982e-15    
144    -5.50027e-16    -9.06994e-16    -2.80917e-16    -1.06702e-15    -1.77516e-15    -1.58339e-15    -6.25097e-16    -1.93876e-16    3.68978e-15    -1.57455e-15    
145    6.32788e-16    -2.0943e-16    -1.24119e-15    2.03201e-15    1.46237e-15    -7.0992e-16    3.58264e-15    -1.00614e-16    -3.96233e-15    2.33403e-15    
146    -7.99016e-16    1.29986e-15    -2.52576e-15    1.26982e-15    -2.35922e-16    -1.00823e-15    2.22392e-15    -7.45931e-17    -4.60222e-15    3.21073e-15    
147    2.78179e-16    1.04883e-15    -1.04083e-16    1.96197e-15    -1.90126e-15    -7.36994e-16    -4.02456e-16    -2.24647e-16    5.37764e-17    4.87437e-15    
148    1.01257e-15    -9.85802e-16    4.7011e-16    1.57925e-15    -1.88044e-15    -2.46806e-16    -1.87784e-15    -2.28225e-17    3.90334e-15    5.39743e-15    
149    -6.76156e-18    1.18685e-15    -1.56472e-15    -1.18026e-15    -2.67711e-15    -1.23841e-15    -1.78232e-15    5.56548e-16    6.95559e-15    -1.14883e-15    
150    2.64385e-18    1.45207e-15    -1.68615e-15    -1.71911e-15    -2.72005e-15    8.29557e-16    -3.76435e-15    3.40439e-16    3.98119e-15    -2.2028e-15    
151    -4.17895e-17    7.56587e-16    -7.56339e-16    -2.13848e-15    6.62664e-16    6.25691e-17    -2.30024e-15    3.68412e-16    -1.66967e-16    -6.45491e-15    
152    1.03047e-15    3.83258e-16    3.53884e-16    -1.17701e-15    3.40006e-16    1.15643e-15    -2.1684e-16    2.55004e-16    -6.95624e-16    -2.50115e-15    
153    -4.58935e-19    -1.34316e-15    -1.97412e-15    -1.70523e-15    2.48412e-15    2.53839e-15    -6.07153e-17    -6.45751e-16    -3.0002e-15    -1.06034e-15    
154    -2.93493e-17    6.33115e-16    3.90313e-17    -2.68665e-16    3.09128e-15    1.2915e-15    4.82253e-16    1.76942e-16    -5.73109e-16    -1.03361e-15    
155    7.58957e-16    1.01304e-15    7.97973e-17    1.83881e-16    1.94723e-15    -2.12047e-17    4.72712e-16    1.38778e-16    -2.46092e-15    1.72917e-16    
156    4.70117e-16    8.40794e-16    6.59195e-16    -2.60209e-16    2.80331e-15    -7.94122e-16    3.26475e-15    -4.51462e-16    -2.43208e-15    -3.46286e-15    
157    2.74424e-16    1.62015e-15    1.28707e-15    -3.28326e-16    -1.51944e-16    -1.31922e-15    -1.15805e-15    -1.09092e-15    3.6144e-15    2.24401e-16    
158    -6.69179e-17    3.41987e-16    2.39166e-16    -1.31372e-15    3.96805e-16    -9.03096e-16    -7.96645e-16    -6.20031e-16    1.32622e-15    -1.0804e-15    
159    -1.41411e-18    6.07933e-16    1.03872e-16    -9.74202e-17    4.58331e-16    -1.45761e-15    -3.903e-16    -6.19549e-16    1.49546e-15    -2.20652e-15    
160    4.50752e-16    -6.87009e-16    4.87912e-16    -9.27855e-16    1.66675e-15    6.2289e-16    -1.09504e-15    -6.94734e-16    -8.02702e-16    -3.40881e-15    
161    -5.33969e-16    -1.38091e-15    4.1457e-16    -8.14315e-16    8.6239e-16    7.17152e-16    -1.46796e-15    -3.99791e-16    -6.11366e-16    -3.19361e-15    
162    1.12658e-16    8.9071e-16    1.14911e-15    2.61922e-16    2.99121e-16    1.08717e-15    -2.84983e-16    -4.57184e-16    -2.98206e-15    -1.9211e-15    
163    -2.49511e-16    -6.85067e-18    8.63778e-16    -7.57544e-16    -2.94306e-16    4.96364e-16    8.76993e-17    3.50582e-17    -3.33699e-15    -5.24031e-16    
164    2.62966e-16    1.07377e-15    1.08452e-15    3.26928e-16    -7.71364e-16    -9.61688e-17    8.60703e-16    1.1898e-15    -2.30757e-15    1.85133e-15    
165    4.83041e-16    2.05051e-16    4.95977e-16    1.66557e-15    -1.53352e-15    1.467e-17    1.33483e-15    1.6044e-15    -8.72356e-16    3.50622e-15    
166    -5.34609e-16    -1.61435e-16    8.50742e-16    6.84445e-16    -1.38675e-15    1.13582e-15    2.11528e-15    1.10533e-15    2.13959e-16    3.95401e-15    
167    5.79272e-16    2.56199e-16    2.31621e-16    1.11299e-15    -9.14048e-16    -4.87893e-16    -5.08733e-16    5.09897e-16    1.23683e-15    1.73687e-15    
168    1.71207e-16    -1.27648e-15    3.1857e-16    6.28497e-16    -1.55938e-15    -1.17154e-16    1.07417e-16    -6.6417e-16    1.9922e-15    8.39824e-16    
169    -4.18312e-15    -0.204124    2.05391e-15    0.148498    2.85805e-12    -7.99192e-11    1.99096e-11    0.182574    1.35978e-10    -7.22561e-11    
170    5.74644e-15    -0.204124    -8.03177e-15    -0.148498    -9.99332e-12    -1.4629e-11    -9.17194e-12    0.182574    -6.69331e-11    1.23197e-10    
171    2.0887e-15    -0.204124    7.47666e-15    0.148498    -4.4347e-12    9.0095e-11    -1.98304e-11    0.182574    -1.55173e-10    5.86903e-11    
172    -2.87439e-15    -0.204124    -2.60902e-15    -0.148498    1.04492e-11    5.76908e-12    1.41829e-11    0.182574    7.67528e-11    -1.01857e-10    
173    -6.56917e-15    -0.204124    3.67067e-15    0.148498    5.24545e-12    -8.49269e-11    1.10561e-11    0.182574    1.5732e-10    -8.20882e-11    
174    4.30215e-15    -0.204124    -3.8268e-15    -0.148498    -1.23066e-11    -5.85108e-12    -4.00665e-12    0.182574    -9.03278e-11    1.21035e-10    
175    3.8494e-15    -0.204124    -9.54098e-16    0.148498    -2.85726e-12    7.9917e-11    -1.99099e-11    0.182574    -1.35992e-10    7.22533e-11    
176    -5.99538e-15    -0.204124    8.20524e-15    -0.148498    9.99395e-12    1.46274e-11    9.17475e-12    0.182574    6.69179e-11    -1.232e-10    
177    -2.32658e-15    -0.204124    -7.06726e-15    0.148498    4.43467e-12    -9.00955e-11    1.98277e-11    0.182574    1.55156e-10    -5.86914e-11    
178    3.50346e-15    -0.204124    1.47798e-15    -0.148498    -1.04492e-11    -5.76892e-12    -1.4182e-11    0.182574    -7.6767e-11    1.01856e-10    
179    6.45454e-15    -0.204124    -3.70537e-15    0.148498    -5.24353e-12    8.49282e-11    -1.10551e-11    0.182574    -1.57336e-10    8.20895e-11    
180    -5.54649e-15    -0.204124    3.28557e-15    -0.148498    1.23062e-11    5.85076e-12    4.01187e-12    0.182574    9.03159e-11    -1.21037e-10    
181    -3.18358e-16    8.20149e-16    -1.76595e-15    1.10849e-15    2.60209e-17    1.11095e-15    2.74867e-15    2.84928e-16    -2.73089e-15    -6.6015e-16    
182    1.13445e-15    4.79374e-16    -5.16948e-16    1.43028e-15    1.52656e-16    -1.25682e-15    3.02189e-15    -1.56992e-16    -2.13284e-15    2.61206e-15    
183    8.54371e-16    -9.56753e-16    9.08995e-16    8.79505e-16    -1.10328e-15    9.71801e-18    1.88738e-15    4.9483e-16    -1.93595e-15    4.54514e-15    
184    -4.58177e-16    -1.04413e-15    -9.4369e-16    6.71338e-16    -2.51882e-15    -1.90975e-15    -7.42462e-16    3.21574e-16    2.22608e-15    4.24182e-15    
185    3.48738e-16    6.29063e-16    -1.25269e-15    1.92343e-15    -1.60787e-15    -1.50415e-15    9.93129e-17    -5.70331e-16    5.4485e-15    3.44773e-15    
186    5.02401e-16    1.53608e-15    -8.69096e-16    -9.06393e-17    -2.59168e-15    -1.05591e-15    -2.14846e-15    -6.24609e-16    6.68085e-15    8.15523e-17    
187    8.56863e-16    -7.595e-16    3.71231e-16    -1.22992e-15    -1.80411e-15    -6.65835e-16    -2.47892e-15    -2.53486e-16    4.31859e-15    -2.53503e-15    
188    -3.86639e-16    3.09675e-18    -9.15934e-16    -2.17708e-15    5.30825e-16    1.94308e-15    -2.14412e-15    3.3697e-16    1.84748e-15    -4.43329e-15    
189    -5.05401e-17    7.54899e-16    -2.94903e-16    -2.1632e-15    1.15533e-15    1.28743e-15    -1.82319e-15    1.05319e-15    9.92262e-16    -2.90763e-15    
190    1.55542e-15    -2.22812e-17    3.65593e-16    -1.29822e-15    1.75554e-15    1.10463e-15    -2.33103e-16    3.17888e-16    -1.60223e-15    -1.75943e-15    
191    3.69786e-16    -1.28567e-15    -1.56125e-16    1.09981e-15    2.86403e-15    1.29459e-15    4.45824e-16    -1.57014e-15    -2.22435e-15    -1.09305e-15    
192    -2.66827e-17    2.78751e-16    -1.3687e-15    6.09972e-16    1.65753e-15    -1.9839e-17    2.3306e-15    -3.64346e-16    -1.38279e-15    -2.61086e-16    
193    4.21753e-16    -3.03685e-16    1.27676e-15    -1.99146e-15    -1.42941e-15    9.60108e-16    -4.30211e-16    5.89806e-17    1.17267e-15    -4.81575e-15    
194    5.8752e-16    -1.64929e-15    2.22045e-16    -5.55112e-16    -5.55112e-16    2.05666e-15    -1.66533e-16    -2.87964e-16    2.77556e-16    -2.86869e-15    
195    -7.52436e-17    -1.19349e-15    1.56646e-15    -1.37911e-15    5.18682e-16    5.77124e-16    -6.20597e-16    -7.9472e-17    -5.64869e-15    2.04386e-16    
196    -4.27609e-16    -1.11022e-16    1.42941e-15    -1.14535e-15    1.42854e-15    5.92545e-16    1.62544e-15    -2.75523e-16    -3.46332e-15    -1.68607e-15    
197    9.15934e-16    1.11716e-15    2.77995e-15    2.84018e-15    1.48381e-15    -1.12921e-16    2.52173e-15    -5.13502e-16    -1.8394e-15    3.08633e-15    
198    3.33067e-16    -7.04298e-16    5.38713e-17    1.02307e-15    7.0896e-16    1.71994e-16    2.36384e-15    -1.14116e-15    -3.26694e-16    1.17477e-16    
199    -3.83374e-16    -1.7708e-15    1.42909e-15    1.41316e-15    -1.2854e-15    -7.35036e-16    1.52984e-15    -7.89398e-16    -8.63246e-16    5.99784e-16    
200    -5.38464e-16    3.91824e-16    5.14059e-16    7.39298e-16    -3.32607e-16    -1.22473e-15    4.85103e-16    7.7514e-16    -3.21418e-15    -4.32035e-16    
201    1.96284e-16    1.9248e-16    1.18725e-15    -6.05947e-16    -1.56797e-15    -1.23671e-15    6.24168e-17    1.0984e-15    -4.09372e-16    1.70749e-15    
202    1.29196e-15    -7.27076e-16    1.5849e-15    -7.14835e-16    -2.2729e-15    -9.67989e-17    -2.12339e-15    1.46562e-15    -5.87828e-16    3.83933e-15    
203    -9.07099e-16    1.25184e-16    3.89014e-16    1.02723e-15    -8.29172e-16    -1.43217e-15    -8.39892e-16    2.57919e-16    1.43657e-15    7.95887e-16    
204    -2.2841e-16    5.85545e-16    -2.78297e-16    5.32026e-16    -2.10894e-15    9.99808e-19    -2.68462e-15    -7.82934e-16    4.96083e-15    6.63167e-17    
#Execution time: 67128.9 s
