#Spin code
#Is hermitian: 1
1   1 100
2   2 100
3   3 100
4   4 100
5   5 100
6   6 100
7   7 100
8   8 100
9   9 100
10   10 100
11   11 100
12   12 100

13   1 110
14   2 110
15   3 110
16   4 110
17   5 110
18   6 110
19   7 110
20   8 110
21   9 110
22   10 110
23   11 110
24   12 110

25   1 210
26   2 210
27   3 210
28   4 210
29   5 210
30   6 210
31   7 210
32   8 210
33   9 210
34   10 210
35   11 210
36   12 210

37   1 120
38   2 120
39   3 120
40   4 120
41   5 120
42   6 120
43   7 120
44   8 120
45   9 120
46   10 120
47   11 120
48   12 120

49   1 101
50   2 101
51   3 101
52   4 101
53   5 101
54   6 101
55   7 101
56   8 101
57   9 101
58   10 101
59   11 101
60   12 101

61   1 201
62   2 201
63   3 201
64   4 201
65   5 201
66   6 201
67   7 201
68   8 201
69   9 201
70   10 201
71   11 201
72   12 201

73   1 111
74   2 111
75   3 111
76   4 111
77   5 111
78   6 111
79   7 111
80   8 111
81   9 111
82   10 111
83   11 111
84   12 111

85   1 211
86   2 211
87   3 211
88   4 211
89   5 211
90   6 211
91   7 211
92   8 211
93   9 211
94   10 211
95   11 211
96   12 211

97   1 311
98   2 311
99   3 311
100   4 311
101   5 311
102   6 311
103   7 311
104   8 311
105   9 311
106   10 311
107   11 311
108   12 311

109   1 121
110   2 121
111   3 121
112   4 121
113   5 121
114   6 121
115   7 121
116   8 121
117   9 121
118   10 121
119   11 121
120   12 121

121   1 221
122   2 221
123   3 221
124   4 221
125   5 221
126   6 221
127   7 221
128   8 221
129   9 221
130   10 221
131   11 221
132   12 221

133   1 131
134   2 131
135   3 131
136   4 131
137   5 131
138   6 131
139   7 131
140   8 131
141   9 131
142   10 131
143   11 131
144   12 131

145   1 331
146   2 331
147   3 331
148   4 331
149   5 331
150   6 331
151   7 331
152   8 331
153   9 331
154   10 331
155   11 331
156   12 331

157   1 102
158   2 102
159   3 102
160   4 102
161   5 102
162   6 102
163   7 102
164   8 102
165   9 102
166   10 102
167   11 102
168   12 102

169   1 112
170   2 112
171   3 112
172   4 112
173   5 112
174   6 112
175   7 112
176   8 112
177   9 112
178   10 112
179   11 112
180   12 112

181   1 212
182   2 212
183   3 212
184   4 212
185   5 212
186   6 212
187   7 212
188   8 212
189   9 212
190   10 212
191   11 212
192   12 212

193   1 122
194   2 122
195   3 122
196   4 122
197   5 122
198   6 122
199   7 122
200   8 122
201   9 122
202   10 122
203   11 122
204   12 122

#204 operators generated.
#Correlation matrix eigenvalues: 
  -2.6800e-16
  -2.1838e-16
  -2.0832e-16
  -2.0151e-16
  -1.5272e-16
  -1.3584e-16
  -1.2829e-16
  -1.2712e-16
  -1.1586e-16
  -1.1580e-16
  -1.0677e-16
  -1.0484e-16
  -1.0370e-16
  -9.8060e-17
  -9.4451e-17
  -9.1837e-17
  -8.7276e-17
  -7.9840e-17
  -7.6159e-17
  -7.2707e-17
  -7.2574e-17
  -6.9453e-17
  -6.9400e-17
  -6.8235e-17
  -5.8599e-17
  -5.7430e-17
  -5.7340e-17
  -5.6673e-17
  -5.5253e-17
  -5.4029e-17
  -4.4316e-17
  -4.2972e-17
  -4.2366e-17
  -4.1833e-17
  -3.8732e-17
  -3.8661e-17
  -3.8183e-17
  -3.8103e-17
  -3.7723e-17
  -3.5225e-17
  -3.5069e-17
  -3.3859e-17
  -3.2321e-17
  -3.1360e-17
  -2.9561e-17
  -2.8151e-17
  -2.6289e-17
  -2.5266e-17
  -2.5240e-17
  -2.4905e-17
  -2.2529e-17
  -2.2107e-17
  -2.1709e-17
  -2.0013e-17
  -1.8908e-17
  -1.7432e-17
  -1.7301e-17
  -1.5048e-17
  -1.4555e-17
  -1.3599e-17
  -1.2818e-17
  -1.2482e-17
  -1.0803e-17
  -1.0531e-17
  -8.7502e-18
  -7.3414e-18
  -6.8377e-18
  -5.0571e-18
  -3.9354e-18
  -3.7249e-18
  -3.6923e-18
  -2.9660e-18
  -6.0889e-19
  -1.1908e-19
   5.8527e-19
   1.1076e-18
   2.9088e-18
   3.5499e-18
   3.6279e-18
   4.0429e-18
   4.7642e-18
   5.4818e-18
   8.1180e-18
   8.4468e-18
   9.8845e-18
   1.0253e-17
   1.2761e-17
   1.3191e-17
   1.4832e-17
   1.5741e-17
   1.6966e-17
   1.7602e-17
   2.1401e-17
   2.1469e-17
   2.3500e-17
   2.4416e-17
   2.4626e-17
   2.5730e-17
   2.6399e-17
   2.6583e-17
   2.7038e-17
   2.7669e-17
   2.9355e-17
   3.1332e-17
   3.5234e-17
   3.6123e-17
   3.7400e-17
   4.2822e-17
   4.4252e-17
   4.6171e-17
   4.7281e-17
   4.7426e-17
   4.8845e-17
   5.6407e-17
   5.7808e-17
   6.0099e-17
   6.1238e-17
   6.1255e-17
   6.5268e-17
   6.5458e-17
   6.7405e-17
   7.5711e-17
   7.8310e-17
   7.9488e-17
   9.1573e-17
   9.2780e-17
   1.1253e-16
   1.3056e-16
   1.3589e-16
   1.4004e-16
   1.4661e-16
   1.6131e-16
   1.8557e-16
   2.0570e-16
   2.3159e-16
   4.3886e-16
   2.3872e-03
   2.3872e-03
   2.6967e-03
   2.6967e-03
   3.8231e-03
   3.8231e-03
   3.8231e-03
   3.8231e-03
   4.7743e-03
   4.7743e-03
   5.9818e-03
   5.9818e-03
   6.0041e-03
   6.0041e-03
   6.0634e-03
   6.0634e-03
   6.0634e-03
   6.0634e-03
   6.8837e-03
   8.1584e-03
   8.1584e-03
   8.1584e-03
   8.1584e-03
   8.1584e-03
   8.1584e-03
   8.8209e-03
   8.8209e-03
   8.8209e-03
   1.0692e-02
   1.0692e-02
   1.0755e-02
   1.1264e-02
   1.1264e-02
   1.1426e-02
   1.1426e-02
   1.1749e-02
   1.1749e-02
   1.1749e-02
   1.1749e-02
   1.1749e-02
   1.1749e-02
   1.2015e-02
   1.2015e-02
   1.2015e-02
   1.2015e-02
   1.2756e-02
   1.2756e-02
   1.4264e-02
   1.4264e-02
   1.5451e-02
   1.6142e-02
   1.6142e-02
   1.6142e-02
   1.6142e-02
   3.9335e-02
   3.9335e-02
   1.2126e-01
   1.2126e-01
   1.2126e-01
   1.4715e-01
   1.4715e-01
   1.6151e-01
   2.4670e-01
   2.9637e-01
   3.1900e-01
   4.1872e-01
   4.1872e-01
   1.0000e+00

#10 eigenvectors corresponding to largest eigenvalues: 
1    -0.288675    -1.91576e-15    1.49923e-15    -3.2822e-15    -4.59619e-16    6.99549e-16    -1.38771e-15    -2.75983e-15    -8.79001e-15    -1.93247e-15    
2    0.288675    2.88713e-15    -1.43809e-15    3.50112e-16    -1.73082e-16    2.54829e-15    1.96896e-15    5.96382e-15    3.16913e-15    -2.21873e-16    
3    -0.288675    -1.48849e-15    2.45637e-15    1.06733e-15    -1.31512e-16    -2.17311e-15    5.7959e-17    -5.67848e-15    3.79052e-15    1.59739e-15    
4    0.288675    2.77346e-17    -2.55362e-15    5.15632e-16    2.555e-17    -3.25534e-15    -2.04102e-16    3.40578e-15    -3.01193e-15    -2.64202e-15    
5    -0.288675    -1.39261e-16    -2.08167e-16    -4.14833e-15    -1.15973e-16    1.35661e-15    -7.42572e-15    -2.84429e-15    -5.76021e-15    3.40861e-15    
6    0.288675    -2.48939e-16    2.20657e-15    -4.26102e-15    -7.06643e-18    3.36022e-15    -4.61342e-15    7.30599e-16    2.74789e-17    -3.42194e-15    
7    -0.288675    1.98463e-15    -1.5851e-15    3.08688e-15    4.63892e-16    -1.12511e-15    -2.28721e-16    2.34983e-15    8.29806e-15    1.86334e-15    
8    0.288675    -2.87853e-15    1.69309e-15    -6.64881e-16    3.25932e-16    -2.72953e-15    -2.35835e-15    -6.12191e-15    -3.61503e-15    2.01651e-16    
9    -0.288675    1.4911e-15    -2.65066e-15    -1.31011e-15    -1.11096e-16    2.39063e-15    4.96629e-16    6.27072e-15    -3.99349e-15    -1.61675e-15    
10    0.288675    -2.60624e-17    2.75702e-15    -3.57683e-16    -1.78991e-16    3.44949e-15    1.93427e-16    -3.23737e-15    2.72707e-15    2.37626e-15    
11    -0.288675    3.64654e-16    6.245e-17    4.17049e-15    -7.74191e-17    -1.30097e-15    6.6143e-15    3.02345e-15    5.8108e-15    -3.41364e-15    
12    0.288675    3.10373e-16    -1.98452e-15    4.0009e-15    -8.4495e-17    -3.34344e-15    3.15796e-15    -3.37375e-16    -2.17387e-16    3.79482e-15    
13    5.31274e-16    -0.070692    0.196094    3.21261e-15    3.0287e-15    -1.5539e-15    -7.60649e-16    1.0278e-14    1.98079e-15    -3.76357e-15    
14    -7.59363e-16    -0.070692    0.196094    -7.4629e-15    -4.66603e-16    -2.75957e-15    3.33782e-15    -6.55596e-15    -1.473e-15    -2.77422e-15    
15    1.62909e-15    -0.070692    0.196094    -1.49684e-15    -2.80879e-15    2.58009e-15    2.12647e-15    -2.94995e-15    5.13442e-16    5.48444e-15    
16    -1.35145e-15    -0.070692    0.196094    4.96798e-16    5.69716e-15    -5.94019e-15    5.39718e-16    -9.46041e-15    2.09742e-15    -1.01601e-14    
17    -2.1972e-16    -0.070692    0.196094    1.12128e-14    -7.48915e-15    6.83549e-15    -2.36407e-15    -1.26255e-14    -4.1968e-15    1.10676e-14    
18    -1.09923e-15    -0.070692    0.196094    1.59608e-15    5.87872e-15    -2.12367e-15    2.02249e-15    4.3614e-15    7.12135e-15    -6.64875e-15    
19    -5.47468e-16    -0.070692    0.196094    -3.40911e-15    -2.98701e-15    9.76979e-16    1.43392e-15    -1.02072e-14    -1.25092e-15    3.51199e-15    
20    5.54131e-16    -0.070692    0.196094    7.75776e-15    4.42223e-16    2.2406e-15    -4.27926e-15    4.85107e-15    1.87219e-15    2.9878e-15    
21    -1.75483e-15    -0.070692    0.196094    1.34372e-15    2.38294e-15    -2.71545e-15    -2.43061e-15    2.58478e-15    -9.21966e-16    -6.51807e-15    
22    1.0538e-15    -0.070692    0.196094    -6.69204e-16    -5.80135e-15    6.01576e-15    -5.28224e-16    9.43951e-15    -2.94445e-15    9.50546e-15    
23    1.89596e-16    -0.070692    0.196094    -1.15431e-14    7.05149e-15    -6.62509e-15    3.35337e-15    1.34503e-14    4.91448e-15    -1.0965e-14    
24    9.35688e-16    -0.070692    0.196094    -1.53306e-15    -6.08587e-15    2.13897e-15    -2.10283e-15    -5.2943e-15    -7.31651e-15    6.52721e-15    
25    -3.13919e-17    0.13866    0.0499868    -0.169098    -2.38672e-15    4.70325e-15    -0.114336    -7.94719e-15    6.76256e-15    3.6393e-16    
26    -4.66063e-16    -0.13866    -0.0499868    0.169098    -4.25364e-16    -3.30199e-17    0.114336    -1.60178e-15    1.17538e-15    3.81324e-15    
27    -5.43105e-17    0.13866    0.0499868    -0.169098    8.82686e-17    -1.77972e-15    -0.114336    -7.52977e-15    5.99374e-15    1.66048e-14    
28    -1.29983e-15    -0.13866    -0.0499868    0.169098    6.42304e-16    -3.82864e-15    0.114336    1.40538e-15    -1.59993e-14    7.1318e-15    
29    -1.22551e-15    0.13866    0.0499868    -0.169098    5.40282e-16    -2.88382e-15    -0.114336    9.52174e-16    2.58406e-15    1.60061e-14    
30    -5.51774e-16    -0.13866    -0.0499868    0.169098    2.42545e-15    -5.77266e-15    0.114336    8.3061e-15    -1.14973e-14    3.7917e-15    
31    1.51668e-16    0.13866    0.0499868    -0.169098    2.16113e-15    -4.87899e-15    -0.114336    8.4479e-15    -7.26682e-15    -3.69564e-16    
32    5.4533e-16    -0.13866    -0.0499868    0.169098    1.00907e-15    -4.96982e-17    0.114336    3.2172e-16    -4.76291e-16    -3.68204e-15    
33    1.35316e-16    0.13866    0.0499868    -0.169098    -9.56012e-16    2.40845e-15    -0.114336    8.59907e-15    -7.04232e-15    -1.68516e-14    
34    1.4913e-15    -0.13866    -0.0499868    0.169098    -1.31766e-16    3.97374e-15    0.114336    -2.40096e-15    1.62197e-14    -7.89292e-15    
35    1.27947e-15    0.13866    0.0499868    -0.169098    -1.39802e-15    3.21073e-15    -0.114336    -8.38896e-16    -2.89836e-15    -1.61531e-14    
36    6.9987e-16    -0.13866    -0.0499868    0.169098    -1.76002e-15    5.81819e-15    0.114336    -8.7901e-15    1.17145e-14    -3.97719e-15    
37    3.57727e-17    -0.13866    -0.0499868    -0.169098    1.84823e-15    -4.63215e-15    -0.114336    8.8167e-15    -6.99092e-15    -2.88446e-16    
38    4.67699e-16    0.13866    0.0499868    0.169098    9.81764e-16    -2.88941e-17    0.114336    7.36359e-16    -7.38341e-16    -3.88619e-15    
39    5.30077e-17    -0.13866    -0.0499868    -0.169098    -6.23705e-16    1.83111e-15    -0.114336    8.39072e-15    -6.57051e-15    -1.65419e-14    
40    1.3018e-15    0.13866    0.0499868    0.169098    -9.08946e-17    3.78637e-15    0.114336    -2.2745e-15    1.62741e-14    -7.20312e-15    
41    1.22235e-15    -0.13866    -0.0499868    -0.169098    -1.07741e-15    2.92807e-15    -0.114336    -7.76023e-17    -2.87853e-15    -1.58915e-14    
42    5.58322e-16    0.13866    0.0499868    0.169098    -1.88636e-15    5.73347e-15    0.114336    -9.1729e-15    1.18939e-14    -3.88621e-15    
43    -1.56238e-16    -0.13866    -0.0499868    -0.169098    -2.69389e-15    4.92049e-15    -0.114336    -7.56173e-15    6.88342e-15    4.58047e-16    
44    -5.44545e-16    0.13866    0.0499868    0.169098    -4.79242e-16    1.10838e-17    0.114336    -1.20441e-15    9.02739e-16    3.58118e-15    
45    -1.30344e-16    -0.13866    -0.0499868    -0.169098    4.29992e-16    -2.35349e-15    -0.114336    -7.73652e-15    6.6847e-15    1.69446e-14    
46    -1.49865e-15    0.13866    0.0499868    0.169098    6.6059e-16    -4.03998e-15    0.114336    1.5427e-15    -1.58727e-14    7.82403e-15    
47    -1.27326e-15    -0.13866    -0.0499868    -0.169098    8.58273e-16    -3.14757e-15    -0.114336    1.69076e-15    2.42337e-15    1.62492e-14    
48    -7.0984e-16    0.13866    0.0499868    0.169098    2.31116e-15    -5.88987e-15    0.114336    7.9274e-15    -1.10777e-14    3.88474e-15    
49    3.56333e-16    0.0677278    -0.187872    3.84288e-15    -3.1295e-15    2.49799e-15    -1.70533e-15    -8.36109e-16    -1.66488e-15    4.87845e-15    
50    -4.38794e-16    0.0677278    -0.187872    9.27726e-16    3.8085e-15    -5.87379e-16    -9.08928e-16    5.36957e-15    1.60113e-15    -3.89275e-15    
51    6.83877e-17    0.0677278    -0.187872    -2.30243e-15    -2.20138e-15    8.99535e-16    -1.42174e-15    2.77281e-15    -1.46968e-15    2.08015e-15    
52    7.38962e-16    0.0677278    -0.187872    -2.3453e-15    1.98261e-15    -2.01857e-16    1.89246e-15    1.00521e-14    1.95803e-15    -2.25094e-16    
53    3.86069e-16    0.0677278    -0.187872    -4.76052e-15    6.34006e-16    -2.35312e-15    -1.13818e-15    4.72023e-15    -1.72559e-15    -2.45068e-15    
54    1.1203e-15    0.0677278    -0.187872    -5.12455e-16    -2.40695e-15    9.0531e-16    -4.63945e-16    2.97182e-15    -2.54819e-15    2.12256e-15    
55    -1.50253e-16    0.0677278    -0.187872    -3.80475e-15    3.32381e-15    -2.258e-15    1.80026e-15    1.44483e-15    1.22296e-15    -5.00313e-15    
56    7.52963e-16    0.0677278    -0.187872    -1.13504e-15    -3.52794e-15    6.73498e-16    1.11659e-15    -5.20525e-15    -1.67244e-15    3.52214e-15    
57    2.13966e-16    0.0677278    -0.187872    2.30951e-15    2.78898e-15    -9.45064e-16    7.69842e-16    -2.89255e-15    1.79083e-15    -2.05363e-15    
58    -4.69822e-16    0.0677278    -0.187872    2.43104e-15    -1.5596e-15    -5.62042e-17    -3.62393e-16    -1.09791e-14    -1.54071e-15    1.399e-16    
59    -1.97169e-16    0.0677278    -0.187872    4.78556e-15    -1.99246e-16    2.05351e-15    -9.51718e-16    -5.36763e-15    1.81476e-15    2.03062e-15    
60    -9.08482e-16    0.0677278    -0.187872    6.00219e-16    2.91445e-15    -8.74432e-16    1.50987e-15    -3.37481e-15    2.23089e-15    -2.71011e-15    
61    1.99179e-16    -0.132846    -0.0478908    0.114336    -5.95145e-17    -1.18413e-15    -0.169098    5.49314e-15    -6.44678e-15    8.31669e-16    
62    -7.89285e-16    0.132846    0.0478908    -0.114336    2.49002e-15    -1.80984e-15    0.169098    -3.74716e-15    5.02324e-15    8.92473e-15    
63    -2.55182e-16    -0.132846    -0.0478908    0.114336    8.54136e-16    -3.21801e-15    -0.169098    7.09942e-15    -1.36288e-14    -2.99967e-15    
64    2.88554e-16    0.132846    0.0478908    -0.114336    -2.40324e-15    1.13588e-16    0.169098    -8.05732e-16    7.0478e-15    1.11369e-15    
65    2.32619e-16    -0.132846    -0.0478908    0.114336    6.12243e-16    -5.747e-16    -0.169098    3.79181e-15    -6.60366e-15    -4.00333e-15    
66    4.98646e-16    0.132846    0.0478908    -0.114336    2.91351e-15    1.32731e-15    0.169098    1.11668e-15    1.82711e-15    -7.3842e-15    
67    -2.77632e-16    -0.132846    -0.0478908    0.114336    2.06372e-16    1.27179e-15    -0.169098    -4.48069e-15    5.54837e-15    -3.82556e-16    
68    7.32829e-16    0.132846    0.0478908    -0.114336    -3.01287e-15    1.86851e-15    0.169098    2.80708e-15    -4.46371e-15    -8.92382e-15    
69    3.5184e-16    -0.132846    -0.0478908    0.114336    -1.24004e-16    2.9005e-15    -0.169098    -6.52324e-15    1.31962e-14    2.96735e-15    
70    -3.46667e-16    0.132846    0.0478908    -0.114336    1.80074e-15    2.46443e-17    0.169098    -7.58949e-16    -5.96646e-15    -1.11537e-15    
71    -1.78408e-16    -0.132846    -0.0478908    0.114336    -1.22162e-17    4.02867e-16    -0.169098    -1.89867e-15    5.79362e-15    3.96858e-15    
72    -4.9882e-16    0.132846    0.0478908    -0.114336    -3.43765e-15    -1.15179e-15    0.169098    -2.98663e-15    -1.40085e-15    7.17571e-15    
73    -2.91199e-16    1.01216e-15    9.34358e-16    8.25093e-16    1.32294e-17    -3.12874e-16    3.40303e-16    -5.20219e-17    2.22813e-15    0.275349    
74    1.06146e-16    6.99044e-16    -3.72591e-16    8.81264e-16    9.54169e-17    9.82574e-17    -8.71915e-16    -3.20295e-15    -1.23523e-15    -0.275349    
75    -6.28126e-16    -1.53885e-15    9.19178e-16    1.341e-15    3.31988e-16    -4.56455e-16    -2.52505e-16    -7.46368e-16    3.17951e-16    0.275349    
76    1.48257e-16    2.43793e-15    -6.05097e-17    1.65735e-16    4.9399e-16    5.8771e-17    -2.96e-16    -1.06142e-15    -9.91851e-16    -0.275349    
77    7.4998e-17    -1.76885e-15    -4.60292e-16    1.32948e-15    1.27926e-16    2.19932e-16    -1.27349e-15    9.95717e-17    -1.13814e-15    0.275349    
78    -1.90085e-17    1.09974e-15    1.39801e-16    8.94022e-16    -2.5384e-16    -7.124e-17    1.01547e-16    1.10987e-15    1.03497e-15    -0.275349    
79    3.08077e-16    -9.1747e-16    -1.00349e-15    -1.57968e-16    3.58273e-17    -9.24061e-17    -8.44995e-16    -4.26915e-16    -2.04261e-15    0.275349    
80    -3.14166e-16    -3.00035e-16    4.44538e-16    -4.30486e-16    -5.25002e-16    -3.11441e-16    4.40888e-16    2.25682e-15    6.84592e-16    -0.275349    
81    3.1559e-16    1.7816e-15    -5.20483e-16    -1.48655e-16    8.12626e-17    -2.62908e-17    -2.35641e-18    -1.44685e-16    4.44439e-16    0.275349    
82    -2.67377e-16    -2.2068e-15    2.14953e-16    6.65694e-16    -5.46187e-16    -3.47586e-16    -4.41266e-16    6.98305e-16    4.45633e-16    -0.275349    
83    -1.16979e-16    1.62047e-15    7.14403e-16    -5.20394e-16    1.65837e-16    -8.65171e-16    8.51684e-16    -7.46427e-16    1.12805e-15    0.275349    
84    1.13521e-16    -9.58727e-16    -2.97747e-17    1.60461e-16    -2.78857e-16    -2.78378e-16    -1.15453e-15    -1.17414e-15    -1.29e-15    -0.275349    
85    -1.58432e-15    1.58842e-15    5.00086e-16    1.76327e-15    2.92856e-16    -1.69826e-15    1.4297e-16    -2.82858e-05    0.204124    0.0500544    
86    -8.96809e-17    1.76394e-15    -1.08847e-15    6.06405e-15    6.36948e-16    2.05374e-15    -7.33248e-15    -2.82858e-05    0.204124    0.0500544    
87    1.47721e-15    -2.94867e-15    1.00234e-15    -8.737e-15    -1.08746e-15    1.06242e-15    6.47353e-15    -2.82858e-05    0.204124    0.0500544    
88    -2.55345e-15    3.68572e-15    -1.56637e-15    6.0963e-15    2.1129e-15    -6.31508e-15    -8.58571e-15    -2.82858e-05    0.204124    0.0500544    
89    3.80312e-15    -3.7286e-15    2.17316e-15    -6.55917e-15    -6.98526e-16    1.87237e-15    8.0139e-15    -2.82858e-05    0.204124    0.0500544    
90    -3.95435e-15    1.98324e-15    1.07657e-15    -8.79088e-16    -5.65231e-16    1.3975e-15    -1.14828e-15    -2.82858e-05    0.204124    0.0500544    
91    1.61256e-15    -1.14848e-15    -5.58122e-16    -1.81579e-15    -1.86883e-16    1.37384e-15    -9.36936e-16    -2.82858e-05    0.204124    0.0500544    
92    1.68685e-16    -1.34754e-15    1.21675e-15    -5.73477e-15    -8.82259e-16    -2.00595e-15    5.93774e-15    -2.82858e-05    0.204124    0.0500544    
93    -1.58008e-15    2.92216e-15    -1.07037e-15    8.68705e-15    1.10459e-15    -1.10283e-15    -7.46963e-15    -2.82858e-05    0.204124    0.0500544    
94    2.64388e-15    -3.38121e-15    1.6397e-15    -5.97749e-15    -2.56751e-15    6.55462e-15    7.60893e-15    -2.82858e-05    0.204124    0.0500544    
95    -3.85418e-15    3.67397e-15    -2.19877e-15    6.44685e-15    7.68178e-16    -2.20973e-15    -9.45214e-15    -2.82858e-05    0.204124    0.0500544    
96    3.95362e-15    -1.71124e-15    -1.04498e-15    1.01045e-15    5.10583e-16    -1.56416e-15    2.08787e-16    -2.82858e-05    0.204124    0.0500544    
97    1.48595e-15    -1.93479e-16    9.82721e-15    -2.44696e-15    0.0388889    0.166296    5.63834e-15    -0.144338    -2.00011e-05    6.75347e-11    
98    4.28244e-15    4.09433e-15    5.27356e-15    -2.22344e-15    -0.0388889    -0.166296    5.13748e-15    0.144338    2.00011e-05    -6.75355e-11    
99    6.60329e-15    1.00383e-15    -1.52656e-16    -2.87824e-15    0.0388889    0.166296    -2.28928e-15    -0.144338    -2.00011e-05    6.75293e-11    
100    5.03496e-15    9.84353e-16    -7.99534e-15    -1.51505e-15    -0.0388889    -0.166296    2.63226e-15    0.144338    2.00011e-05    -6.75401e-11    
101    2.9518e-15    1.18713e-15    -8.00748e-15    -2.34721e-15    0.0388889    0.166296    6.34225e-15    -0.144338    -2.00011e-05    6.75294e-11    
102    1.35715e-15    1.63697e-15    -1.02314e-14    1.64233e-15    -0.0388889    -0.166296    3.94929e-15    0.144338    2.00011e-05    -6.75383e-11    
103    -1.3626e-15    -7.24373e-17    -9.80986e-15    2.44681e-15    0.0388889    0.166296    -7.1172e-15    -0.144338    -2.00011e-05    6.75346e-11    
104    -3.96799e-15    -3.82929e-15    -5.16427e-15    2.2052e-15    -0.0388889    -0.166296    -3.42454e-15    0.144338    2.00011e-05    -6.75337e-11    
105    -6.6033e-15    -1.06753e-15    2.98372e-16    2.74379e-15    0.0388889    0.166296    1.13267e-15    -0.144338    -2.00011e-05    6.75396e-11    
106    -4.91325e-15    -9.36282e-16    7.87738e-15    1.60215e-15    -0.0388889    -0.166296    -1.43725e-15    0.144338    2.00011e-05    -6.75291e-11    
107    -2.86166e-15    -1.11935e-15    8.16534e-15    2.67576e-15    0.0388889    0.166296    -7.96574e-15    -0.144338    -2.00011e-05    6.75399e-11    
108    -1.43725e-15    -1.78982e-15    1.03407e-14    -1.57083e-15    -0.0388889    -0.166296    -3.61047e-15    0.144338    2.00011e-05    -6.75304e-11    
109    -5.87942e-15    5.04128e-15    7.24734e-16    4.05053e-15    5.50756e-16    -1.74291e-15    -5.26492e-15    1.05059e-14    -3.06717e-14    -0.0500544    
110    3.99924e-15    -2.97378e-15    9.84344e-17    -1.91839e-16    -5.82146e-16    3.21302e-15    -4.40932e-16    -1.65919e-15    3.24162e-14    -0.0500544    
111    -7.69777e-16    1.86748e-16    2.02452e-15    -5.92755e-15    -1.23572e-15    -9.3314e-16    7.37628e-15    -1.15749e-14    -2.47121e-14    -0.0500544    
112    -1.25421e-15    3.47088e-15    -2.41746e-15    1.40007e-14    2.29606e-15    -3.47185e-15    -1.31672e-14    1.96604e-14    7.30764e-15    -0.0500544    
113    4.23802e-15    -5.41559e-15    2.20459e-15    -8.86477e-15    -2.80328e-15    6.43886e-15    1.34036e-14    -2.61722e-14    7.15024e-15    -0.0500544    
114    -5.73329e-15    5.54434e-15    -2.25508e-15    1.09777e-14    1.72841e-15    -4.15142e-15    -1.36402e-14    2.21948e-14    -1.69893e-14    -0.0500544    
115    5.85409e-15    -5.18674e-15    -6.6415e-16    -3.7362e-15    -1.75977e-16    1.88922e-15    5.14111e-15    -1.13641e-14    3.02112e-14    -0.0500544    
116    -3.97832e-15    2.82458e-15    -6.4569e-17    2.7095e-17    3.43804e-16    -3.19285e-15    8.59042e-16    8.9816e-16    -3.34704e-14    -0.0500544    
117    8.37803e-16    -5.54915e-17    -1.92457e-15    6.03564e-15    1.39063e-15    1.0863e-15    -7.64031e-15    1.01753e-14    2.42746e-14    -0.0500544    
118    1.24847e-15    -3.90616e-15    2.45272e-15    -1.39119e-14    -2.58052e-15    3.48272e-15    1.30688e-14    -2.003e-14    -8.19826e-15    -0.0500544    
119    -4.25022e-15    5.44783e-15    -2.26622e-15    9.04258e-15    3.22649e-15    -6.36067e-15    -1.33291e-14    2.50259e-14    -7.23201e-15    -0.0500544    
120    5.84552e-15    -5.85601e-15    2.17767e-15    -1.10082e-14    -2.10149e-15    4.05761e-15    1.33393e-14    -2.28943e-14    1.59551e-14    -0.0500544    
121    4.64083e-15    1.13611e-15    -8.16014e-15    -1.17909e-15    -0.111798    0.00108862    -3.23536e-16    -0.144338    -2.00011e-05    1.35065e-10    
122    2.98087e-15    1.45243e-15    -1.1496e-14    -9.43382e-16    0.111798    -0.00108862    -1.22088e-15    0.144338    2.00011e-05    -1.35076e-10    
123    9.32306e-16    6.84482e-16    -1.09582e-14    1.90051e-15    -0.111798    0.00108862    1.88451e-15    -0.144338    -2.00011e-05    1.35067e-10    
124    -3.73869e-15    -1.39044e-15    -5.48346e-15    3.98958e-15    0.111798    -0.00108862    2.86249e-15    0.144338    2.00011e-05    -1.35069e-10    
125    -5.41986e-15    -1.39265e-15    -2.92127e-15    2.84079e-15    -0.111798    0.00108862    -2.87527e-15    -0.144338    -2.00011e-05    1.35071e-10    
126    -5.02257e-15    -2.82858e-15    2.31586e-15    2.52741e-15    0.111798    -0.00108862    -7.80933e-15    0.144338    2.00011e-05    -1.35063e-10    
127    -4.83821e-15    -1.26872e-15    7.75768e-15    1.36569e-15    -0.111798    0.00108862    -1.35329e-15    -0.144338    -2.00011e-05    1.35073e-10    
128    -2.79474e-15    -1.19451e-15    1.18009e-14    2.47208e-16    0.111798    -0.00108862    2.63949e-15    0.144338    2.00011e-05    -1.35063e-10    
129    -8.39733e-16    -5.365e-16    1.06304e-14    -1.40424e-15    -0.111798    0.00108862    -2.57351e-15    -0.144338    -2.00011e-05    1.3507e-10    
130    3.86383e-15    1.44065e-15    5.65693e-15    -4.54717e-15    0.111798    -0.00108862    -1.59344e-15    0.144338    2.00011e-05    -1.35069e-10    
131    5.50771e-15    1.65514e-15    2.82413e-15    -2.63257e-15    -0.111798    0.00108862    1.5432e-15    -0.144338    -2.00011e-05    1.35067e-10    
132    4.79678e-15    2.69184e-15    -2.24733e-15    -3.226e-15    0.111798    -0.00108862    7.62371e-15    0.144338    2.00011e-05    -1.35076e-10    
133    3.25662e-15    2.2755e-15    -1.6015e-14    -8.33071e-16    0.223596    -0.00217724    4.23491e-16    1.21597e-14    8.02729e-15    6.75274e-11    
134    -1.18034e-15    7.69807e-16    -1.58623e-14    5.92055e-15    -0.223596    0.00217724    1.1687e-15    1.21006e-14    -5.19807e-15    -6.75369e-11    
135    -5.76047e-15    -3.33181e-15    -1.04777e-14    2.56562e-15    0.223596    -0.00217724    -4.1839e-15    1.38e-14    -1.47964e-14    6.75362e-11    
136    -8.75103e-15    -3.56839e-15    -2.17881e-15    6.82848e-16    -0.223596    0.00217724    -1.32333e-14    6.50888e-15    -2.21796e-14    -6.75285e-11    
137    -8.56273e-15    -1.90401e-15    8.53484e-15    -6.84353e-16    0.223596    -0.00217724    -9.16171e-15    -2.51349e-16    -1.92946e-14    6.75418e-11    
138    -6.33543e-15    -2.80203e-15    1.42698e-14    7.52213e-15    -0.223596    0.00217724    -1.82777e-15    -1.06041e-14    -4.00496e-15    -6.75253e-11    
139    -3.32277e-15    -2.22213e-15    1.6355e-14    -3.40584e-16    0.223596    -0.00217724    -1.08707e-16    -1.1286e-14    -7.53463e-15    6.75412e-11    
140    1.21781e-15    -6.26009e-16    1.54529e-14    -5.15615e-15    -0.223596    0.00217724    -1.6811e-15    -1.1459e-14    4.86648e-15    -6.75323e-11    
141    5.77021e-15    3.38439e-15    1.08177e-14    -3.16922e-15    0.223596    -0.00217724    4.84577e-15    -1.41024e-14    1.54365e-14    6.75321e-11    
142    8.75963e-15    3.68578e-15    1.85268e-15    -7.29261e-17    -0.223596    0.00217724    1.3484e-14    -5.42769e-15    2.24138e-14    -6.75403e-11    
143    8.2261e-15    1.95689e-15    -8.17402e-15    -1.05916e-16    0.223596    -0.00217724    1.01488e-14    8.42653e-16    1.92589e-14    6.7527e-11    
144    6.28262e-15    2.59735e-15    -1.45196e-14    -6.99406e-15    -0.223596    0.00217724    2.4279e-15    9.56338e-15    3.88321e-15    -6.75433e-11    
145    -4.46371e-15    -6.70512e-16    8.52443e-15    2.1892e-15    0.0388889    0.166296    -8.34308e-15    0.144338    2.00011e-05    6.75413e-11    
146    -3.02875e-15    -3.19786e-15    1.09001e-14    1.00999e-15    -0.0388889    -0.166296    -4.23114e-15    -0.144338    -2.00011e-05    -6.75312e-11    
147    -3.43174e-16    -1.05608e-16    8.61637e-15    7.22776e-16    0.0388889    0.166296    7.93801e-15    0.144338    2.00011e-05    6.75373e-11    
148    3.63991e-15    1.02418e-15    9.05005e-15    -1.11878e-15    -0.0388889    -0.166296    4.35935e-15    -0.144338    -2.00011e-05    -6.75344e-11    
149    5.36593e-15    2.84444e-15    3.22442e-15    -5.16572e-15    0.0388889    0.166296    3.22868e-16    0.144338    2.00011e-05    6.75296e-11    
150    5.04291e-15    4.08403e-16    -3.06352e-15    -6.61884e-16    -0.0388889    -0.166296    -1.20713e-15    -0.144338    -2.00011e-05    -6.75379e-11    
151    4.36429e-15    5.50987e-16    -8.49668e-15    -2.11588e-15    0.0388889    0.166296    8.67519e-15    0.144338    2.00011e-05    6.75271e-11    
152    3.1639e-15    3.19534e-15    -1.12922e-14    -6.68902e-16    -0.0388889    -0.166296    2.67124e-15    -0.144338    -2.00011e-05    -6.75381e-11    
153    4.88269e-16    4.82481e-17    -8.50188e-15    -9.25179e-16    0.0388889    0.166296    -6.83191e-15    0.144338    2.00011e-05    6.75313e-11    
154    -3.52598e-15    -1.19736e-15    -9.18189e-15    9.32348e-16    -0.0388889    -0.166296    -5.33706e-15    -0.144338    -2.00011e-05    -6.75342e-11    
155    -5.39594e-15    -3.16463e-15    -3.28123e-15    5.09091e-15    0.0388889    0.166296    4.95807e-16    0.144338    2.00011e-05    6.7539e-11    
156    -4.89175e-15    -4.22618e-16    2.73566e-15    7.0883e-16    -0.0388889    -0.166296    -6.07482e-16    -0.144338    -2.00011e-05    -6.75312e-11    
157    -8.11303e-16    -0.132846    -0.0478908    -0.114336    -3.37655e-17    -2.86163e-15    0.169098    4.25877e-17    -6.92279e-16    6.2726e-15    
158    8.61301e-16    0.132846    0.0478908    0.114336    -2.12137e-15    -1.6824e-15    -0.169098    9.78183e-17    -8.08804e-16    6.35738e-15    
159    -9.06752e-16    -0.132846    -0.0478908    -0.114336    -7.88347e-16    -8.7034e-16    0.169098    4.68941e-15    -1.03407e-14    -4.12662e-15    
160    3.34451e-17    0.132846    0.0478908    0.114336    3.24132e-15    -3.89064e-16    -0.169098    7.67195e-16    6.37456e-15    5.68849e-15    
161    3.77441e-16    -0.132846    -0.0478908    -0.114336    3.98071e-16    -6.13374e-16    0.169098    3.10446e-15    -6.93321e-15    -1.08977e-14    
162    4.40268e-16    0.132846    0.0478908    0.114336    -2.51238e-15    7.51188e-16    -0.169098    -4.56885e-16    3.8108e-15    3.44665e-17    
163    8.02161e-16    -0.132846    -0.0478908    -0.114336    -4.48313e-16    2.86928e-15    0.169098    -1.86252e-15    2.10267e-15    -6.37276e-15    
164    -8.90041e-16    0.132846    0.0478908    0.114336    2.60397e-15    1.80223e-15    -0.169098    1.78308e-15    -1.99859e-16    -6.28589e-15    
165    9.21306e-16    -0.132846    -0.0478908    -0.114336    5.08929e-16    9.26836e-16    0.169098    -6.19822e-15    1.14277e-14    4.28813e-15    
166    -1.30776e-16    0.132846    0.0478908    0.114336    -3.14934e-15    4.39014e-16    -0.169098    8.83059e-17    -7.66005e-15    -5.06978e-15    
167    -3.70571e-16    -0.132846    -0.0478908    -0.114336    -6.66116e-16    6.55595e-16    0.169098    -4.2891e-15    7.36395e-15    1.05776e-14    
168    -4.67378e-16    0.132846    0.0478908    0.114336    3.21491e-15    -1.05295e-15    -0.169098    1.90426e-15    -4.47149e-15    -1.28164e-16    
169    -3.91498e-15    2.51762e-15    -1.84055e-15    5.94868e-15    1.04697e-15    -7.46314e-16    -8.31388e-15    2.82858e-05    -0.204124    0.0500544    
170    3.46686e-15    -3.66511e-15    -1.31852e-15    -5.6263e-15    -2.64627e-16    2.30001e-16    5.59655e-15    2.82858e-05    -0.204124    0.0500544    
171    -3.14016e-15    1.022e-15    -1.03959e-15    5.38196e-17    1.18038e-15    -4.33242e-15    3.32208e-16    2.82858e-05    -0.204124    0.0500544    
172    5.47323e-16    -7.11041e-16    -6.09606e-16    6.76917e-16    3.18228e-17    3.3384e-15    -6.87566e-16    2.82858e-05    -0.204124    0.0500544    
173    -4.30845e-16    -1.74319e-15    1.78138e-15    -1.12365e-14    -1.60528e-15    3.33779e-15    8.3343e-15    2.82858e-05    -0.204124    0.0500544    
174    -2.30579e-15    3.60508e-15    -2.12275e-15    4.45341e-15    1.77732e-15    -4.16536e-15    -7.77526e-15    2.82858e-05    -0.204124    0.0500544    
175    3.83111e-15    -2.33154e-15    1.8357e-15    -6.36169e-15    -9.88504e-16    8.59456e-16    9.66064e-15    2.82858e-05    -0.204124    0.0500544    
176    -3.48877e-15    3.51476e-15    1.28165e-15    5.52842e-15    1.01143e-17    -7.98396e-17    -5.08609e-15    2.82858e-05    -0.204124    0.0500544    
177    2.97279e-15    -1.43228e-15    7.62669e-16    -3.27834e-16    -8.48512e-16    4.11436e-15    8.12841e-16    2.82858e-05    -0.204124    0.0500544    
178    -5.05861e-16    1.04219e-15    5.44216e-16    -8.14247e-16    7.85269e-17    -3.45863e-15    2.04818e-15    2.82858e-05    -0.204124    0.0500544    
179    3.57558e-16    1.84475e-15    -1.82557e-15    1.08441e-14    1.91808e-15    -3.67955e-15    -7.325e-15    2.82858e-05    -0.204124    0.0500544    
180    2.26296e-15    -3.27516e-15    2.2912e-15    -4.48252e-15    -1.89261e-15    4.51243e-15    9.43258e-15    2.82858e-05    -0.204124    0.0500544    
181    3.01436e-15    2.34169e-15    -1.67713e-14    -1.31168e-15    -0.0729092    0.167385    3.50675e-15    1.66433e-14    1.6461e-15    -1.35076e-10    
182    -1.09659e-15    -5.13301e-16    -1.53905e-14    1.1711e-15    0.0729092    -0.167385    -5.70181e-15    1.10507e-14    -4.76714e-15    1.35067e-10    
183    -6.37468e-15    -2.58567e-15    -1.011e-14    4.67176e-15    -0.0729092    0.167385    -4.75396e-15    1.44565e-14    -1.32193e-14    -1.35067e-10    
184    -8.62855e-15    -2.85338e-15    -2.08861e-15    5.07702e-15    0.0729092    -0.167385    1.95727e-15    9.51675e-15    -2.01609e-14    1.35075e-10    
185    -8.32153e-15    -2.73884e-15    6.76542e-15    7.73287e-15    -0.0729092    0.167385    -2.67831e-15    -3.40314e-15    -1.60467e-14    -1.35059e-10    
186    -6.38999e-15    -1.94807e-15    1.36002e-14    2.94716e-16    0.0729092    -0.167385    -6.04836e-15    -7.45267e-15    -1.36445e-14    1.35077e-10    
187    -2.99553e-15    -2.30158e-15    1.66395e-14    2.0681e-15    -0.0729092    0.167385    -3.75592e-15    -1.67165e-14    -1.41631e-15    -1.35062e-10    
188    9.25254e-16    4.6965e-16    1.53003e-14    -1.08274e-15    0.0729092    -0.167385    5.74436e-15    -1.15202e-14    5.60481e-15    1.35071e-10    
189    6.07781e-15    2.25633e-15    9.86537e-15    -4.38232e-15    -0.0729092    0.167385    4.73489e-15    -1.46441e-14    1.33617e-14    -1.3507e-10    
190    8.51281e-15    2.65738e-15    2.01228e-15    -5.15217e-15    0.0729092    -0.167385    -2.51775e-15    -9.39243e-15    2.01946e-14    1.35062e-10    
191    8.24767e-15    2.26787e-15    -6.89726e-15    -7.13935e-15    -0.0729092    0.167385    1.59686e-15    2.47855e-15    1.59597e-14    -1.35078e-10    
192    6.37835e-15    2.00038e-15    -1.33331e-14    -2.70456e-16    0.0729092    -0.167385    4.89333e-15    7.98653e-15    1.4206e-14    1.35061e-10    
193    -1.13277e-15    3.08744e-16    -1.10467e-14    4.86162e-15    -0.111798    0.00108862    1.81862e-16    0.144338    2.00011e-05    1.35069e-10    
194    -4.27436e-15    -1.39734e-15    -3.62492e-15    -9.1722e-16    0.111798    -0.00108862    -6.4643e-15    -0.144338    -2.00011e-05    -1.35067e-10    
195    -6.10623e-15    -1.91369e-15    1.59118e-15    7.741e-16    -0.111798    0.00108862    -5.6824e-15    0.144338    2.00011e-05    1.35072e-10    
196    -5.12958e-15    -1.51091e-15    5.38256e-15    7.79437e-15    0.111798    -0.00108862    -1.39267e-15    -0.144338    -2.00011e-05    -1.35063e-10    
197    -3.02115e-15    -2.17613e-15    9.97375e-15    1.59537e-15    -0.111798    0.00108862    4.17495e-15    0.144338    2.00011e-05    1.35074e-10    
198    -1.26377e-15    1.23218e-16    1.11398e-14    -9.43013e-16    0.111798    -0.00108862    -2.29704e-15    -0.144338    -2.00011e-05    -1.35065e-10    
199    1.10463e-15    -1.57223e-16    1.11184e-14    -4.58766e-15    -0.111798    0.00108862    1.04944e-15    0.144338    2.00011e-05    1.35069e-10    
200    4.37623e-15    1.41207e-15    3.87252e-15    5.4832e-16    0.111798    -0.00108862    4.92321e-15    -0.144338    -2.00011e-05    -1.35071e-10    
201    6.2436e-15    2.26468e-15    -1.58301e-15    -5.38348e-16    -0.111798    0.00108862    7.36905e-15    0.144338    2.00011e-05    1.35065e-10    
202    5.2194e-15    1.78317e-15    -4.94245e-15    -8.21663e-15    0.111798    -0.00108862    7.1404e-16    -0.144338    -2.00011e-05    -1.35075e-10    
203    2.96504e-15    2.34567e-15    -9.88454e-15    -1.24104e-15    -0.111798    0.00108862    -3.32881e-15    0.144338    2.00011e-05    1.35064e-10    
204    1.35476e-15    -2.16061e-23    -1.10439e-14    2.11664e-16    0.111798    -0.00108862    9.57833e-16    -0.144338    -2.00011e-05    -1.35073e-10    
#Execution time: 203427 s
