#Fermion code
#Is hermitian: 1
1   1 1000
2   2 1000
3   3 1000
4   4 1000
5   5 1000
6   6 1000

7   1 1100
8   2 1100
9   3 1100
10   4 1100
11   5 1100
12   6 1100

13   1 2100
14   2 2100
15   3 2100
16   4 2100
17   5 2100
18   6 2100

19   1 1200
20   2 1200
21   3 1200
22   4 1200
23   5 1200
24   6 1200

25   1 1010
26   2 1010
27   3 1010
28   4 1010
29   5 1010
30   6 1010

31   1 2010
32   2 2010
33   3 2010
34   4 2010
35   5 2010
36   6 2010

37   1 1110
38   2 1110
39   3 1110
40   4 1110
41   5 1110
42   6 1110

43   1 2110
44   2 2110
45   3 2110
46   4 2110
47   5 2110
48   6 2110

49   1 3110
50   2 3110
51   3 3110
52   4 3110
53   5 3110
54   6 3110

55   1 1210
56   2 1210
57   3 1210
58   4 1210
59   5 1210
60   6 1210

61   1 2210
62   2 2210
63   3 2210
64   4 2210
65   5 2210
66   6 2210

67   1 1310
68   2 1310
69   3 1310
70   4 1310
71   5 1310
72   6 1310

73   1 3310
74   2 3310
75   3 3310
76   4 3310
77   5 3310
78   6 3310

79   1 1020
80   2 1020
81   3 1020
82   4 1020
83   5 1020
84   6 1020

85   1 1120
86   2 1120
87   3 1120
88   4 1120
89   5 1120
90   6 1120

91   1 2120
92   2 2120
93   3 2120
94   4 2120
95   5 2120
96   6 2120

97   1 1220
98   2 1220
99   3 1220
100   4 1220
101   5 1220
102   6 1220

103   1 1001
104   2 1001
105   3 1001
106   4 1001
107   5 1001
108   6 1001

109   1 2001
110   2 2001
111   3 2001
112   4 2001
113   5 2001
114   6 2001

115   1 1101
116   2 1101
117   3 1101
118   4 1101
119   5 1101
120   6 1101

121   1 2101
122   2 2101
123   3 2101
124   4 2101
125   5 2101
126   6 2101

127   1 3101
128   2 3101
129   3 3101
130   4 3101
131   5 3101
132   6 3101

133   1 1201
134   2 1201
135   3 1201
136   4 1201
137   5 1201
138   6 1201

139   1 2201
140   2 2201
141   3 2201
142   4 2201
143   5 2201
144   6 2201

145   1 1301
146   2 1301
147   3 1301
148   4 1301
149   5 1301
150   6 1301

151   1 3301
152   2 3301
153   3 3301
154   4 3301
155   5 3301
156   6 3301

157   1 1011
158   2 1011
159   3 1011
160   4 1011
161   5 1011
162   6 1011

163   1 2011
164   2 2011
165   3 2011
166   4 2011
167   5 2011
168   6 2011

169   1 3011
170   2 3011
171   3 3011
172   4 3011
173   5 3011
174   6 3011

175   1 1111
176   2 1111
177   3 1111
178   4 1111
179   5 1111
180   6 1111

181   1 2111
182   2 2111
183   3 2111
184   4 2111
185   5 2111
186   6 2111

187   1 3111
188   2 3111
189   3 3111
190   4 3111
191   5 3111
192   6 3111

193   1 1211
194   2 1211
195   3 1211
196   4 1211
197   5 1211
198   6 1211

199   1 2211
200   2 2211
201   3 2211
202   4 2211
203   5 2211
204   6 2211

205   1 3211
206   2 3211
207   3 3211
208   4 3211
209   5 3211
210   6 3211

211   1 1311
212   2 1311
213   3 1311
214   4 1311
215   5 1311
216   6 1311

217   1 2311
218   2 2311
219   3 2311
220   4 2311
221   5 2311
222   6 2311

223   1 1021
224   2 1021
225   3 1021
226   4 1021
227   5 1021
228   6 1021

229   1 2021
230   2 2021
231   3 2021
232   4 2021
233   5 2021
234   6 2021

235   1 1121
236   2 1121
237   3 1121
238   4 1121
239   5 1121
240   6 1121

241   1 2121
242   2 2121
243   3 2121
244   4 2121
245   5 2121
246   6 2121

247   1 3121
248   2 3121
249   3 3121
250   4 3121
251   5 3121
252   6 3121

253   1 1221
254   2 1221
255   3 1221
256   4 1221
257   5 1221
258   6 1221

259   1 2221
260   2 2221
261   3 2221
262   4 2221
263   5 2221
264   6 2221

265   1 1321
266   2 1321
267   3 1321
268   4 1321
269   5 1321
270   6 1321

271   1 3321
272   2 3321
273   3 3321
274   4 3321
275   5 3321
276   6 3321

277   1 1031
278   2 1031
279   3 1031
280   4 1031
281   5 1031
282   6 1031

283   1 3031
284   2 3031
285   3 3031
286   4 3031
287   5 3031
288   6 3031

289   1 1131
290   2 1131
291   3 1131
292   4 1131
293   5 1131
294   6 1131

295   1 2131
296   2 2131
297   3 2131
298   4 2131
299   5 2131
300   6 2131

301   1 1231
302   2 1231
303   3 1231
304   4 1231
305   5 1231
306   6 1231

307   1 3231
308   2 3231
309   3 3231
310   4 3231
311   5 3231
312   6 3231

313   1 2331
314   2 2331
315   3 2331
316   4 2331
317   5 2331
318   6 2331

319   1 3331
320   2 3331
321   3 3331
322   4 3331
323   5 3331
324   6 3331

325   1 1002
326   2 1002
327   3 1002
328   4 1002
329   5 1002
330   6 1002

331   1 1102
332   2 1102
333   3 1102
334   4 1102
335   5 1102
336   6 1102

337   1 2102
338   2 2102
339   3 2102
340   4 2102
341   5 2102
342   6 2102

343   1 1202
344   2 1202
345   3 1202
346   4 1202
347   5 1202
348   6 1202

349   1 1012
350   2 1012
351   3 1012
352   4 1012
353   5 1012
354   6 1012

355   1 2012
356   2 2012
357   3 2012
358   4 2012
359   5 2012
360   6 2012

361   1 1112
362   2 1112
363   3 1112
364   4 1112
365   5 1112
366   6 1112

367   1 2112
368   2 2112
369   3 2112
370   4 2112
371   5 2112
372   6 2112

373   1 3112
374   2 3112
375   3 3112
376   4 3112
377   5 3112
378   6 3112

379   1 1212
380   2 1212
381   3 1212
382   4 1212
383   5 1212
384   6 1212

385   1 2212
386   2 2212
387   3 2212
388   4 2212
389   5 2212
390   6 2212

391   1 1312
392   2 1312
393   3 1312
394   4 1312
395   5 1312
396   6 1312

397   1 3312
398   2 3312
399   3 3312
400   4 3312
401   5 3312
402   6 3312

403   1 1022
404   2 1022
405   3 1022
406   4 1022
407   5 1022
408   6 1022

409   1 1122
410   2 1122
411   3 1122
412   4 1122
413   5 1122
414   6 1122

415   1 2122
416   2 2122
417   3 2122
418   4 2122
419   5 2122
420   6 2122

421   1 1222
422   2 1222
423   3 1222
424   4 1222
425   5 1222
426   6 1222

#426 operators generated.
#Correlation matrix eigenvalues: 
  -2.5416e-16
  -2.3319e-16
  -2.0327e-16
  -1.9014e-16
  -1.6842e-16
  -1.6811e-16
  -1.5813e-16
  -1.5399e-16
  -1.5337e-16
  -1.5137e-16
  -1.5108e-16
  -1.4309e-16
  -1.3819e-16
  -1.3609e-16
  -1.3338e-16
  -1.3134e-16
  -1.2677e-16
  -1.2237e-16
  -1.2146e-16
  -1.2083e-16
  -1.1464e-16
  -1.1364e-16
  -1.1218e-16
  -1.0813e-16
  -1.0661e-16
  -1.0464e-16
  -1.0283e-16
  -9.9759e-17
  -9.8983e-17
  -9.6486e-17
  -9.5123e-17
  -9.0121e-17
  -8.9309e-17
  -8.8966e-17
  -8.7738e-17
  -8.6380e-17
  -7.9910e-17
  -7.9830e-17
  -7.8884e-17
  -7.6989e-17
  -7.3010e-17
  -7.2651e-17
  -7.0324e-17
  -6.9906e-17
  -6.9263e-17
  -6.6586e-17
  -6.6337e-17
  -6.5878e-17
  -6.4806e-17
  -6.4231e-17
  -6.3020e-17
  -6.0449e-17
  -5.8110e-17
  -5.5628e-17
  -5.3849e-17
  -5.2816e-17
  -5.2436e-17
  -5.1407e-17
  -4.9296e-17
  -4.9171e-17
  -4.8492e-17
  -4.8000e-17
  -4.6039e-17
  -4.4620e-17
  -4.2583e-17
  -4.1175e-17
  -4.0758e-17
  -4.0239e-17
  -3.7299e-17
  -3.7257e-17
  -3.6046e-17
  -3.5648e-17
  -3.3252e-17
  -3.3203e-17
  -3.2218e-17
  -3.1324e-17
  -3.0722e-17
  -3.0092e-17
  -2.9799e-17
  -2.9790e-17
  -2.9704e-17
  -2.9616e-17
  -2.9192e-17
  -2.6954e-17
  -2.6883e-17
  -2.6730e-17
  -2.6386e-17
  -2.6342e-17
  -2.4975e-17
  -2.3640e-17
  -2.3380e-17
  -2.3263e-17
  -2.3161e-17
  -2.2161e-17
  -2.1766e-17
  -2.1455e-17
  -2.1299e-17
  -2.1152e-17
  -2.1047e-17
  -2.0261e-17
  -2.0245e-17
  -1.9933e-17
  -1.9633e-17
  -1.9241e-17
  -1.8986e-17
  -1.8912e-17
  -1.8549e-17
  -1.8505e-17
  -1.8360e-17
  -1.7774e-17
  -1.7585e-17
  -1.6952e-17
  -1.6878e-17
  -1.6275e-17
  -1.6088e-17
  -1.5862e-17
  -1.5716e-17
  -1.5270e-17
  -1.4610e-17
  -1.4557e-17
  -1.3979e-17
  -1.3763e-17
  -1.3477e-17
  -1.3234e-17
  -1.3055e-17
  -1.2897e-17
  -1.2820e-17
  -1.2689e-17
  -1.2649e-17
  -1.2153e-17
  -1.1866e-17
  -1.1690e-17
  -1.1544e-17
  -1.1471e-17
  -1.1434e-17
  -1.1305e-17
  -1.1248e-17
  -1.1050e-17
  -1.0630e-17
  -1.0338e-17
  -9.4915e-18
  -9.0901e-18
  -8.7679e-18
  -8.7005e-18
  -8.5753e-18
  -8.4715e-18
  -8.4373e-18
  -8.3731e-18
  -8.2314e-18
  -7.8831e-18
  -7.6574e-18
  -7.6031e-18
  -7.4444e-18
  -6.9893e-18
  -6.9663e-18
  -6.8996e-18
  -6.7971e-18
  -6.1905e-18
  -6.0723e-18
  -5.9051e-18
  -5.8826e-18
  -5.4234e-18
  -5.4061e-18
  -5.4008e-18
  -5.2483e-18
  -5.1870e-18
  -5.1868e-18
  -5.0005e-18
  -4.9310e-18
  -4.6561e-18
  -4.1882e-18
  -3.9135e-18
  -3.8262e-18
  -3.7488e-18
  -3.4201e-18
  -3.3669e-18
  -3.1475e-18
  -2.9777e-18
  -2.9006e-18
  -2.5952e-18
  -2.3552e-18
  -2.2745e-18
  -2.2724e-18
  -2.2714e-18
  -1.8225e-18
  -1.7269e-18
  -1.6853e-18
  -1.2898e-18
  -1.0968e-18
  -7.0445e-19
  -6.3615e-19
  -1.6841e-19
  -6.8537e-20
            0
   2.6000e-33
   1.3213e-19
   2.5229e-19
   2.6744e-19
   3.2757e-19
   5.9200e-19
   8.8831e-19
   9.1258e-19
   9.7990e-19
   1.0605e-18
   1.2096e-18
   1.6523e-18
   1.6861e-18
   1.7064e-18
   1.8393e-18
   1.9266e-18
   2.0573e-18
   2.2645e-18
   2.4409e-18
   2.7957e-18
   2.8316e-18
   2.9533e-18
   3.1530e-18
   3.1677e-18
   3.2771e-18
   3.4047e-18
   3.4585e-18
   3.6468e-18
   3.9862e-18
   4.1473e-18
   4.4348e-18
   4.4474e-18
   4.4503e-18
   4.7529e-18
   4.7950e-18
   4.9642e-18
   4.9944e-18
   5.4523e-18
   5.9664e-18
   6.2064e-18
   6.4759e-18
   6.6183e-18
   6.6713e-18
   6.7954e-18
   6.9116e-18
   6.9361e-18
   7.4877e-18
   8.3501e-18
   8.5893e-18
   8.7500e-18
   9.3455e-18
   9.5223e-18
   9.8494e-18
   9.9020e-18
   1.0360e-17
   1.0516e-17
   1.0554e-17
   1.1534e-17
   1.1555e-17
   1.1680e-17
   1.2243e-17
   1.2792e-17
   1.2995e-17
   1.3032e-17
   1.3317e-17
   1.3348e-17
   1.3550e-17
   1.3758e-17
   1.4160e-17
   1.5060e-17
   1.5246e-17
   1.5398e-17
   1.5772e-17
   1.6545e-17
   1.7018e-17
   1.7711e-17
   1.7823e-17
   1.8477e-17
   1.8722e-17
   1.8781e-17
   1.9349e-17
   1.9894e-17
   2.0834e-17
   2.1003e-17
   2.2038e-17
   2.2512e-17
   2.2621e-17
   2.2745e-17
   2.2955e-17
   2.2993e-17
   2.3994e-17
   2.5636e-17
   2.5777e-17
   2.5806e-17
   2.6199e-17
   2.6854e-17
   2.7094e-17
   2.7479e-17
   2.7734e-17
   2.7770e-17
   2.8881e-17
   2.9717e-17
   2.9854e-17
   3.0573e-17
   3.1671e-17
   3.2029e-17
   3.4393e-17
   3.5788e-17
   3.5929e-17
   3.6884e-17
   3.7198e-17
   3.7370e-17
   3.9419e-17
   4.2034e-17
   4.2654e-17
   4.3167e-17
   4.6247e-17
   4.6646e-17
   5.0306e-17
   5.0971e-17
   5.3660e-17
   5.5193e-17
   5.5453e-17
   5.6641e-17
   5.7321e-17
   5.7765e-17
   6.2646e-17
   6.4648e-17
   6.5587e-17
   6.6685e-17
   6.8100e-17
   7.1684e-17
   7.3680e-17
   7.5515e-17
   7.9032e-17
   8.4940e-17
   8.8453e-17
   9.0008e-17
   9.0441e-17
   9.4098e-17
   9.7527e-17
   1.0507e-16
   1.0622e-16
   1.0899e-16
   1.1164e-16
   1.1167e-16
   1.2676e-16
   1.2725e-16
   1.2980e-16
   1.3566e-16
   1.4167e-16
   1.4410e-16
   1.6110e-16
   1.7267e-16
   1.7905e-16
   1.8293e-16
   2.1081e-16
   2.1807e-16
   2.7142e-16
   7.5401e-02
   7.5401e-02
   8.4562e-02
   9.2728e-02
   9.5492e-02
   1.3832e-01
   1.3948e-01
   1.3948e-01
   1.5000e-01
   1.6667e-01
   1.6667e-01
   1.8605e-01
   1.8605e-01
   1.8717e-01
   1.8717e-01
   2.0069e-01
   2.2432e-01
   2.2432e-01
   2.4376e-01
   2.4376e-01
   2.4376e-01
   2.4376e-01
   2.5000e-01
   2.5000e-01
   2.5000e-01
   2.5000e-01
   2.5000e-01
   2.5000e-01
   2.5000e-01
   2.5000e-01
   2.5000e-01
   2.5000e-01
   2.5000e-01
   2.5000e-01
   2.6885e-01
   2.6885e-01
   2.8686e-01
   2.8686e-01
   3.1180e-01
   3.1180e-01
   3.1180e-01
   3.1180e-01
   3.1684e-01
   3.1684e-01
   3.3333e-01
   3.3333e-01
   3.3333e-01
   3.3333e-01
   3.6349e-01
   3.8483e-01
   3.9605e-01
   3.9889e-01
   3.9889e-01
   4.2874e-01
   4.2874e-01
   4.5833e-01
   4.6107e-01
   4.7500e-01
   4.8746e-01
   4.9790e-01
   4.9790e-01
   5.0000e-01
   5.0000e-01
   5.0000e-01
   5.0000e-01
   5.5039e-01
   5.9174e-01
   5.9174e-01
   6.1160e-01
   6.5451e-01
   6.8376e-01
   6.8376e-01
   9.0723e-01

#Eigenvector: 
1    -4.44523e-17    -0.11012    -9.97466e-16    2.43746e-16    -3.31632e-17    -3.4281e-18    1.84177e-17    1.76563e-16    -6.53993e-17    -2.01299e-16    
2    6.07153e-18    -9.38612e-16    0.11012    2.81696e-16    -1.14631e-16    3.90644e-17    1.39574e-17    6.94677e-17    7.74313e-17    1.73219e-16    
3    6.31683e-17    -0.11012    -1.10328e-15    1.499e-16    -8.61268e-18    5.18038e-17    -5.88119e-18    1.32549e-17    -1.15963e-16    4.46752e-17    
4    3.55618e-17    -9.59121e-16    0.11012    2.09109e-16    -1.82676e-16    7.74064e-17    2.4857e-17    -2.60615e-17    4.22047e-17    9.27819e-18    
5    3.10082e-17    -0.11012    -1.01655e-15    1.26343e-16    1.62256e-16    -1.27123e-16    -6.45481e-18    8.40321e-17    1.28689e-18    1.56757e-16    
6    5.89806e-17    -1.06116e-15    0.11012    1.61309e-16    -2.97876e-16    1.62355e-16    -1.04105e-16    9.54776e-17    -6.80473e-17    6.52753e-17    
7    0.015315    1.78487e-16    6.50955e-16    1.53524e-15    0.216946    0.154547    -0.186567    0.141927    6.84602e-16    2.35765e-15    
8    -0.015315    5.43295e-17    5.25621e-16    1.0605e-15    0.216946    -0.0842978    -0.227125    -0.141927    -1.00956e-15    -2.28418e-15    
9    0.015315    1.54151e-16    3.02492e-16    1.00374e-15    0.216946    -0.238845    -0.0405584    0.141927    7.81773e-16    2.69759e-15    
10    -0.015315    4.25861e-17    2.87097e-16    9.98943e-16    0.216946    -0.154547    0.186567    -0.141927    -9.20268e-16    -3.27321e-15    
11    0.015315    1.30985e-16    2.72135e-16    5.10944e-16    0.216946    0.0842978    0.227125    0.141927    1.47586e-15    2.66353e-15    
12    -0.015315    1.82616e-16    4.10696e-16    9.41264e-16    0.216946    0.238845    0.0405584    -0.141927    -3.57143e-16    -2.66271e-15    
13    1.21864e-16    0.11012    1.01308e-15    -4.70779e-16    6.74865e-17    1.1924e-16    7.6017e-18    -6.00435e-17    2.03466e-16    3.36222e-16    
14    1.21431e-16    8.69215e-16    -0.11012    -1.13414e-16    6.89841e-17    -7.30464e-17    2.297e-16    3.14223e-16    2.79449e-16    7.42119e-16    
15    -3.33934e-17    0.11012    1.0339e-15    -3.62832e-16    9.99329e-18    -1.74909e-16    -1.16903e-17    -6.45969e-18    4.92457e-17    -6.55334e-18    
16    -2.97505e-16    9.34829e-16    -0.11012    -2.40523e-16    1.25479e-16    -1.0552e-16    -1.1139e-16    -5.14196e-16    1.86731e-16    3.58918e-16    
17    -1.10318e-16    0.11012    9.81853e-16    -1.03565e-16    -2.2012e-16    1.97648e-16    -1.23309e-16    -2.99348e-16    -4.6154e-17    -6.70555e-17    
18    -4.51028e-17    9.00888e-16    -0.11012    -1.26276e-16    2.54193e-16    2.84538e-16    3.081e-17    -6.55371e-17    3.93645e-16    5.52115e-16    
19    -3.81639e-17    9.64954e-16    -0.11012    -1.77281e-16    1.20543e-16    -3.75403e-16    6.71714e-17    -3.33769e-17    -4.02862e-16    -6.68449e-16    
20    -1.10318e-16    0.11012    1.01048e-15    1.77157e-18    9.55499e-17    -1.26291e-16    -8.44363e-17    -1.4222e-16    -8.84266e-17    -1.84215e-16    
21    -2.19443e-16    9.4706e-16    -0.11012    -2.37766e-16    1.52649e-16    -2.26227e-17    -1.58505e-16    -3.24178e-16    -4.01501e-16    -8.32917e-16    
22    3.14419e-17    0.11012    9.94105e-16    2.47901e-17    -2.59225e-16    3.07577e-16    -2.51022e-17    -1.04151e-16    8.70662e-17    -4.81582e-17    
23    1.75207e-16    9.81281e-16    -0.11012    -2.53364e-17    2.86285e-16    5.51007e-17    1.59361e-16    4.23851e-16    -1.37196e-16    -3.75237e-16    
24    -3.61039e-17    0.11012    9.33281e-16    -2.30446e-16    -8.31808e-18    -1.01652e-16    3.01869e-16    7.47306e-17    4.1357e-17    1.28727e-16    
25    1.80167e-16    -1.26812e-16    4.64174e-19    8.62555e-18    9.26023e-17    -4.68188e-16    1.84028e-16    -4.27802e-16    2.0476e-16    2.94724e-16    
26    8.14507e-17    2.57747e-17    -9.89673e-18    -1.84211e-16    2.24959e-16    2.27894e-16    -1.74826e-16    5.47043e-17    1.94222e-16    5.41137e-17    
27    -1.82471e-16    6.66662e-17    -1.52815e-16    2.01497e-16    2.92064e-17    -4.04091e-16    -1.03628e-17    2.76911e-17    4.4761e-16    1.3079e-16    
28    2.39419e-16    1.09216e-17    2.41743e-17    -1.53896e-16    7.72948e-17    8.31285e-17    1.0764e-16    -1.3375e-16    -3.47496e-17    2.17946e-16    
29    -4.81115e-17    -6.37678e-17    -4.21924e-17    1.09806e-16    1.94012e-16    -3.43845e-16    -6.80635e-17    -3.20618e-17    3.26189e-16    1.0646e-16    
30    -7.30752e-17    -1.76216e-17    4.10574e-17    -9.41621e-17    1.3253e-16    5.04268e-17    4.58439e-17    9.21852e-17    1.56037e-16    1.40428e-16    
31    -6.85216e-17    1.32928e-15    -0.144867    -1.07072e-16    1.76901e-16    3.23775e-17    1.72512e-16    -2.75874e-17    -1.20015e-15    -2.28188e-15    
32    4.25007e-17    0.144867    1.25594e-15    5.97836e-17    -2.14446e-16    -1.98105e-16    1.50052e-17    2.06069e-16    -6.70014e-17    -2.57802e-17    
33    -1.56992e-16    1.41813e-15    -0.144867    -2.55709e-16    4.08348e-16    -8.10614e-17    1.02525e-17    -2.44265e-16    -9.1913e-16    -2.36981e-15    
34    -1.95156e-18    0.144867    1.29063e-15    2.0277e-16    -4.06289e-16    -1.44996e-16    -1.38076e-16    4.67272e-17    -2.12598e-16    -1.83726e-17    
35    -6.76542e-17    1.33434e-15    -0.144867    -1.95319e-16    4.88748e-16    7.20648e-17    1.41183e-17    -9.91871e-17    -9.88716e-16    -2.16049e-15    
36    6.48353e-17    0.144867    1.29931e-15    -3.86213e-17    -1.51495e-16    -5.96423e-17    9.6202e-17    3.00417e-16    1.09009e-16    1.26327e-16    
37    5.05509e-18    -6.01466e-18    2.2648e-17    2.10398e-17    9.4766e-18    -6.38867e-17    5.10053e-17    1.90735e-16    -3.9912e-17    -7.15847e-18    
38    -2.43217e-17    -2.45808e-17    -7.22477e-18    2.08957e-17    1.84826e-16    8.68938e-17    2.45718e-17    -6.67643e-17    -2.23784e-16    -1.42291e-16    
39    -4.53671e-17    1.72803e-17    2.90651e-17    -5.23101e-17    -2.37761e-16    2.43632e-18    5.87881e-18    2.50138e-17    -1.93413e-16    1.19496e-16    
40    1.52974e-17    -1.98636e-17    -3.15463e-17    -7.17093e-18    -2.78305e-17    2.63006e-17    -1.22543e-17    -1.55819e-16    -1.16015e-16    -6.98326e-18    
41    8.73528e-17    1.6051e-17    -1.30621e-17    -9.1681e-17    2.86546e-16    3.72468e-17    -3.1953e-17    -5.55535e-17    -9.19282e-17    2.03144e-16    
42    -3.21974e-17    4.12359e-18    -4.67211e-17    1.60921e-16    -2.19385e-16    -1.12305e-17    -5.85976e-17    3.91519e-18    -1.30027e-17    -8.89543e-17    
43    -1.11402e-16    2.47854e-17    -1.32713e-17    -1.04014e-16    -1.79435e-16    1.55107e-16    -2.3058e-16    3.30419e-16    -3.85194e-16    -2.64293e-16    
44    6.53774e-17    -9.48938e-17    7.50166e-17    9.60334e-17    -1.2809e-16    -8.14808e-17    3.58787e-17    -2.54172e-16    -8.66567e-17    -1.64286e-16    
45    -2.01391e-17    1.48638e-17    1.15108e-16    -3.01822e-16    -1.21402e-16    1.47367e-16    -2.29224e-16    -1.66473e-16    -2.81089e-16    -2.58924e-16    
46    -1.45825e-16    -2.57883e-17    -8.0973e-17    1.73962e-16    -4.44375e-19    -7.93479e-17    -1.53246e-16    1.85324e-17    -1.31773e-16    -4.18399e-16    
47    8.5408e-17    -8.13045e-18    7.34242e-17    -6.37344e-17    -1.81757e-16    1.58017e-16    4.00524e-17    -6.43517e-17    -2.93233e-16    3.14847e-18    
48    6.657e-17    8.56306e-17    -3.67816e-17    8.17048e-18    -5.42106e-17    -1.98315e-16    -8.32189e-17    -6.8374e-17    -2.07663e-17    -3.98064e-16    
49    3.70797e-17    0.0090888    7.97973e-17    -2.606e-16    1.40261e-16    -6.47848e-17    -9.16968e-17    -1.19463e-16    8.16111e-17    2.20183e-16    
50    -1.74828e-16    5.43974e-17    -0.0090888    -4.62671e-17    -1.26453e-16    -9.80207e-18    -1.85439e-16    -5.32772e-16    4.35554e-16    6.59403e-16    
51    -4.98733e-18    0.0090888    5.0307e-17    -7.46549e-17    1.24078e-16    9.77897e-18    5.59135e-17    -3.38641e-16    -1.19725e-16    -1.00786e-16    
52    -3.68629e-17    9.01571e-17    -0.0090888    -6.75225e-17    1.07178e-16    3.12244e-17    1.66024e-17    2.88228e-16    5.28357e-16    8.59745e-16    
53    1.61343e-17    0.0090888    6.245e-17    -2.88139e-16    -1.42557e-16    -1.52273e-16    7.86868e-17    2.61868e-16    5.93499e-17    2.7753e-16    
54    -7.58942e-18    8.62305e-17    -0.0090888    1.24792e-16    -6.17681e-17    -1.33786e-17    -4.20945e-17    2.2372e-16    2.22126e-16    7.54024e-16    
55    1.3932e-16    -4.63386e-17    -4.14409e-16    -8.99631e-16    -0.226528    0.0128506    -0.0756763    -4.26307e-16    6.4982e-16    1.64714e-16    
56    1.47451e-17    -2.09647e-16    -3.06213e-16    -8.89763e-16    -0.226528    -0.0591123    -0.0489671    -2.94521e-16    1.11194e-16    -1.17692e-16    
57    1.31947e-16    -1.84964e-16    -3.48395e-16    -1.25245e-15    -0.226528    -0.0719629    0.0267092    -5.56238e-16    -3.10315e-17    1.58964e-17    
58    5.1608e-17    -8.58158e-17    -4.2311e-16    -1.27601e-15    -0.226528    -0.0128506    0.0756763    -2.93141e-16    -9.43428e-16    -8.83484e-17    
59    -1.42789e-16    -3.89649e-18    -4.78784e-16    -1.11289e-15    -0.226528    0.0591123    0.0489671    9.25225e-18    -5.06297e-16    -7.777e-17    
60    9.21572e-18    -8.48089e-17    -4.41501e-16    -8.89943e-16    -0.226528    0.0719629    -0.0267092    -5.21291e-16    -1.80209e-16    1.63102e-16    
61    -9.6494e-17    -0.144867    -1.33097e-15    2.47603e-16    8.45305e-17    -1.06475e-17    -4.25401e-17    -7.16107e-17    -6.34343e-17    -1.95676e-16    
62    3.72966e-17    -1.37402e-15    0.144867    6.18334e-17    -2.16505e-16    1.2693e-16    -9.20691e-17    -5.48572e-17    7.35965e-16    1.3038e-15    
63    -5.46438e-17    -0.144867    -1.29757e-15    3.92176e-18    1.23989e-16    1.47868e-16    4.13526e-17    -1.28515e-16    8.5406e-18    7.82281e-17    
64    7.97973e-17    -1.34882e-15    0.144867    2.78145e-16    -4.06928e-16    1.30032e-16    1.14382e-16    2.23105e-16    7.66978e-16    1.78899e-15    
65    -3.33934e-17    -0.144867    -1.34268e-15    -3.13868e-17    3.5329e-16    -6.9845e-17    3.57084e-17    -1.28545e-16    6.01815e-17    -1.30697e-16    
66    1.00614e-16    -1.34607e-15    0.144867    1.87472e-16    -3.46233e-16    -1.28184e-16    4.91618e-18    2.90386e-16    6.8261e-16    1.54739e-15    
67    -1.77809e-17    -7.14052e-17    -1.04083e-16    6.72653e-16    -2.30537e-16    -1.16778e-16    -6.7852e-17    4.58289e-16    -1.31482e-16    -1.1655e-16    
68    -1.072e-16    1.36819e-16    -1.01105e-16    -1.09651e-17    2.07619e-16    -1.55112e-16    -1.95757e-16    -4.13015e-16    -1.67309e-15    -3.62859e-15    
69    1.36176e-16    -7.53199e-17    -1.38778e-17    5.61366e-16    -3.71549e-16    6.77064e-17    -5.80141e-17    1.71485e-16    -5.1158e-17    3.93673e-17    
70    3.03915e-16    1.2157e-16    -1.29098e-16    4.37777e-17    2.0895e-16    2.61122e-16    1.991e-16    9.12639e-18    -1.64796e-15    -3.33672e-15    
71    1.40784e-16    -4.5473e-17    -3.1225e-17    4.8124e-16    -1.71659e-16    1.01264e-16    9.05731e-17    5.22843e-16    -2.51884e-17    -1.33064e-16    
72    -4.18502e-17    1.76359e-16    -1.24612e-16    1.12232e-17    6.32247e-18    -2.28001e-16    2.97533e-16    1.26487e-16    -1.6038e-15    -3.39025e-15    
73    5.85469e-17    0.0090888    9.02056e-17    8.17217e-18    -8.553e-17    -1.15981e-16    -1.43343e-17    5.51328e-16    -4.87851e-17    7.06153e-17    
74    1.47126e-16    9.36521e-17    -0.0090888    7.19199e-17    2.04692e-17    -6.9976e-17    -2.29045e-17    1.14731e-17    -1.89795e-16    -6.00502e-16    
75    5.49691e-17    0.0090888    6.245e-17    2.34594e-17    -8.78475e-17    2.54982e-17    -1.64705e-16    -1.57073e-16    -6.695e-17    2.06835e-16    
76    -1.38453e-16    9.06498e-17    -0.0090888    -8.22605e-17    2.18681e-16    -4.61089e-17    -2.14422e-16    -4.20963e-16    -2.20578e-16    -6.14473e-16    
77    9.67108e-17    0.0090888    4.16334e-17    9.60218e-17    2.32768e-17    2.73632e-18    -8.39116e-17    4.24109e-18    2.01725e-17    1.26736e-16    
78    1.79869e-16    1.46996e-16    -0.0090888    9.61933e-17    -3.33216e-17    1.15731e-16    7.23583e-17    2.60153e-16    -3.72003e-16    -7.09579e-16    
79    -1.26635e-16    1.1523e-15    -0.144867    -1.88055e-16    1.50602e-17    3.64347e-17    -1.78341e-16    -1.71284e-16    1.02294e-15    2.04955e-15    
80    -1.23707e-16    0.144867    1.38344e-15    -6.01325e-16    2.94819e-16    4.18775e-17    1.02492e-17    -5.1737e-16    -1.03526e-16    -2.32187e-16    
81    -4.51028e-17    1.13999e-15    -0.144867    -3.40257e-16    1.76115e-16    -4.54299e-17    -2.86578e-16    2.12246e-16    1.16605e-15    2.30509e-15    
82    4.66207e-18    0.144867    1.29584e-15    -5.99153e-16    -5.41983e-17    -1.21085e-16    -1.846e-17    -2.6799e-16    1.25882e-16    2.72803e-16    
83    2.60209e-18    1.23635e-15    -0.144867    1.68322e-17    3.70065e-16    -1.00668e-16    -1.72624e-16    2.60835e-16    9.09449e-16    2.20135e-15    
84    1.29101e-16    0.144867    1.31145e-15    -7.04611e-16    1.38724e-16    -7.02068e-17    -5.70386e-17    -2.79559e-16    3.12057e-17    -2.10367e-17    
85    -4.35849e-17    1.38695e-16    5.58466e-17    2.25679e-17    -1.25971e-16    3.08142e-16    -1.04864e-16    2.16298e-16    -4.85803e-16    -1.91924e-16    
86    -5.98209e-17    1.282e-17    8.95754e-17    1.27375e-16    -1.04168e-16    -9.27064e-17    -1.87573e-17    3.70884e-18    -1.03371e-17    -1.80471e-16    
87    1.02999e-16    4.21456e-17    9.04665e-17    -1.96327e-16    -7.23743e-17    1.14634e-16    -1.57801e-16    2.42582e-16    -5.53433e-16    -4.18672e-17    
88    -4.45607e-17    -1.14439e-16    1.7808e-17    2.67236e-16    -6.3961e-17    2.47445e-17    -1.37774e-16    1.96053e-16    -3.29552e-16    -1.36836e-16    
89    -1.32815e-18    9.64783e-17    6.37341e-17    -5.5444e-17    -2.83815e-16    2.13828e-16    -9.59822e-17    -6.6723e-17    -3.27933e-16    -2.30305e-17    
90    -1.22515e-17    -3.32145e-17    3.15909e-17    -2.18662e-17    -1.13361e-16    -1.6633e-16    -8.20171e-17    4.13455e-17    -2.46272e-16    -4.18786e-16    
91    1.30104e-16    -1.1778e-15    0.135778    1.05222e-16    -7.64701e-17    7.58001e-17    1.19425e-16    2.48675e-16    1.14316e-16    9.7639e-17    
92    -1.51788e-17    -0.135778    -1.29188e-15    2.41557e-16    1.71761e-17    3.40709e-17    -3.95969e-17    2.40507e-16    8.59098e-17    2.71187e-16    
93    -1.99493e-17    -1.22084e-15    0.135778    3.44349e-16    -3.39108e-16    -1.1598e-16    -1.20858e-16    -2.38739e-16    3.71451e-17    9.05734e-17    
94    1.23057e-17    -0.135778    -1.22331e-15    2.23932e-16    8.83245e-17    8.16802e-17    2.39139e-18    -8.64555e-17    -1.84633e-17    -1.2607e-16    
95    1.37043e-16    -1.24618e-15    0.135778    1.4552e-16    -3.71946e-16    1.72118e-17    7.05663e-17    -6.35071e-17    2.05992e-17    -2.92212e-17    
96    4.33681e-17    -0.135778    -1.30137e-15    3.61211e-16    3.55872e-17    1.54192e-16    2.40331e-17    3.00144e-16    -6.29761e-17    1.33299e-16    
97    -5.91974e-17    -0.144867    -1.39819e-15    4.88433e-16    -2.73875e-16    -5.1688e-17    1.09272e-16    4.55649e-17    2.02471e-17    7.12905e-18    
98    1.32706e-16    -1.22918e-15    0.144867    2.85294e-16    -1.17941e-16    -1.50875e-17    1.52876e-16    -2.75239e-17    -7.08093e-16    -1.38631e-15    
99    -4.42354e-17    -0.144867    -1.34961e-15    4.49925e-16    2.39185e-17    4.8487e-17    8.42345e-17    2.62343e-16    -5.74293e-17    -4.15834e-16    
100    2.34188e-17    -1.29477e-15    0.144867    1.41793e-16    -4.40081e-16    -2.76322e-17    5.25008e-17    -5.88074e-17    -7.25047e-16    -1.59338e-15    
101    -3.18755e-17    -0.144867    -1.31839e-15    6.84469e-16    -5.89289e-17    -1.93185e-17    2.19276e-17    4.72028e-16    1.65548e-17    -6.21573e-17    
102    7.28584e-17    -1.20164e-15    0.144867    2.52436e-16    -2.98427e-17    1.63665e-17    1.7519e-16    1.30282e-16    -6.92864e-16    -1.39901e-15    
103    0.337401    1.0011e-16    -2.42861e-16    -4.01155e-16    -1.15836e-15    0.0941627    0.253704    0.0678193    0.0361504    0.115119    
104    -0.337401    8.07921e-17    1.31839e-16    -2.55872e-17    -2.44488e-16    0.266796    0.0453047    -0.0678193    -0.0361504    -0.115119    
105    0.337401    1.93851e-16    -8.32667e-17    3.24393e-16    4.15141e-16    0.172633    -0.208399    0.0678193    0.0361504    0.115119    
106    -0.337401    -1.0011e-16    2.56739e-16    4.04624e-16    1.12996e-15    -0.0941627    -0.253704    -0.0678193    -0.0361504    -0.115119    
107    0.337401    -8.07921e-17    -1.31839e-16    1.69136e-17    2.38741e-16    -0.266796    -0.0453047    0.0678193    0.0361504    0.115119    
108    -0.337401    -1.93851e-16    8.32667e-17    -3.24393e-16    -4.15141e-16    -0.172633    0.208399    -0.0678193    -0.0361504    -0.115119    
109    1.67509e-17    0.0874924    7.11237e-16    -1.67467e-16    -1.74171e-16    1.17821e-16    -4.85309e-17    -1.7062e-16    -1.36007e-16    -7.56342e-17    
110    -3.90313e-17    9.01021e-16    -0.0874924    9.16828e-18    2.43044e-16    1.39171e-16    -1.72835e-16    -8.36614e-17    2.3716e-16    1.61656e-16    
111    1.38778e-17    0.0874924    6.245e-16    -1.76827e-17    -8.4068e-17    2.45847e-17    -8.33057e-18    8.10488e-17    -6.25086e-17    8.89335e-17    
112    -1.56125e-17    8.00259e-16    -0.0874924    -1.44233e-16    2.02395e-16    -2.01122e-17    -9.11204e-17    2.81215e-18    2.51068e-16    9.14245e-17    
113    1.02132e-16    0.0874924    7.14706e-16    -5.6902e-17    2.85687e-17    -1.48515e-16    -1.90811e-17    1.53338e-16    -1.0277e-16    5.07745e-17    
114    -9.28077e-17    8.14491e-16    -0.0874924    -1.1007e-16    6.19876e-17    -4.70438e-17    -1.53251e-16    -1.66333e-16    1.33071e-16    -5.10521e-17    
115    1.00241e-16    4.80405e-18    3.24566e-17    1.33403e-16    2.6615e-16    6.59403e-17    4.79053e-17    -4.21758e-17    1.91029e-16    9.9894e-17    
116    2.20991e-17    3.22816e-17    -3.60482e-17    1.54971e-16    -9.38295e-17    -3.7699e-17    -1.75153e-17    1.50329e-16    1.00176e-16    1.02773e-16    
117    -2.85315e-17    -3.63669e-17    4.06267e-17    4.95141e-18    5.82286e-18    2.2487e-17    6.5037e-17    8.39255e-17    1.60525e-17    -1.14193e-16    
118    -1.85983e-17    1.4419e-17    -1.52773e-18    5.28703e-17    1.15846e-16    2.62709e-17    9.66698e-17    -5.19502e-18    1.73907e-16    -5.11038e-18    
119    -4.18909e-17    5.07301e-17    -2.86627e-17    -3.62106e-17    -7.53816e-17    1.21678e-16    -4.01216e-18    2.00242e-18    1.52645e-16    -7.23461e-17    
120    3.07524e-17    -1.99254e-17    3.1859e-17    5.72748e-17    -1.38243e-16    -8.36723e-18    -1.80246e-17    -3.9215e-17    -7.80577e-17    1.91401e-16    
121    0.0331222    1.87114e-16    -7.069e-17    0.0541533    0.00958276    0.00692046    0.0734843    0.0883618    -0.0361504    -0.115119    
122    -0.0331222    3.24058e-17    5.42101e-17    0.0541533    0.00958276    0.0670995    0.0307488    -0.0883618    0.0361504    0.115119    
123    0.0331222    7.72601e-17    -1.19696e-16    0.0541533    0.00958276    0.060179    -0.0427354    0.0883618    -0.0361504    -0.115119    
124    -0.0331222    4.28108e-17    -1.26201e-16    0.0541533    0.00958276    -0.00692046    -0.0734843    -0.0883618    0.0361504    0.115119    
125    0.0331222    1.17742e-16    -1.34007e-16    0.0541533    0.00958276    -0.0670995    -0.0307488    0.0883618    -0.0361504    -0.115119    
126    -0.0331222    1.37105e-16    -6.50521e-17    0.0541533    0.00958276    -0.060179    0.0427354    -0.0883618    0.0361504    0.115119    
127    -8.54351e-17    -2.8396e-16    0.0256579    1.0632e-17    -2.5213e-16    1.82744e-16    -6.32357e-17    -3.68457e-16    6.89968e-16    1.35485e-15    
128    -5.6758e-17    -0.0256579    -2.08167e-16    -9.01552e-17    1.15852e-16    8.94628e-17    -9.00387e-17    -2.38155e-16    -4.9133e-17    1.83627e-16    
129    3.62124e-17    -2.97203e-16    0.0256579    -1.1274e-17    -4.42829e-17    3.14773e-17    1.59816e-16    2.95364e-16    7.97394e-16    1.5138e-15    
130    2.94903e-17    -0.0256579    -2.42861e-16    -2.95479e-16    1.15927e-16    6.72458e-17    4.60151e-18    1.51603e-16    1.96862e-17    8.60264e-17    
131    3.79471e-17    -3.01347e-16    0.0256579    1.37755e-16    -7.64828e-17    -1.05481e-16    -1.97414e-17    1.00614e-16    6.27283e-16    1.48028e-15    
132    -6.06611e-17    -0.0256579    -1.89952e-16    -2.37771e-16    2.12423e-16    4.09875e-17    -1.13577e-16    -1.82349e-16    9.02376e-17    2.72354e-16    
133    2.44488e-17    1.90438e-17    1.08861e-16    2.7651e-17    -5.06068e-17    -1.02476e-16    -6.44105e-17    1.49404e-16    -1.73607e-16    -3.89815e-16    
134    -2.08167e-17    -3.24286e-17    2.6136e-17    -1.44284e-16    -5.49293e-17    8.72628e-17    -9.10962e-17    -4.75989e-17    -4.09302e-16    -9.88375e-17    
135    -5.81132e-17    -1.00565e-16    1.23247e-16    1.42399e-16    -5.07468e-17    -7.78546e-17    -1.04873e-16    2.51738e-16    -1.59715e-16    -1.60009e-16    
136    -3.59955e-17    2.26716e-17    1.07472e-17    -1.71086e-16    -8.5379e-17    -6.57822e-17    -1.43145e-16    1.19644e-16    -1.1785e-16    -2.41398e-16    
137    3.62666e-17    6.36674e-17    -4.55365e-18    -2.14215e-17    -4.74674e-17    -2.38417e-17    -3.46747e-17    1.15694e-16    -3.05417e-16    -1.9069e-16    
138    1.87025e-17    5.21885e-17    -2.01933e-18    1.117e-16    -9.15414e-17    1.18548e-17    -2.40618e-16    1.35495e-16    -2.42772e-16    -1.01782e-16    
139    -2.34188e-17    -1.34738e-15    0.129719    1.81035e-16    -2.23264e-16    1.47683e-16    -1.32464e-16    -1.96909e-16    7.70112e-16    1.91974e-15    
140    -1.43982e-16    -0.129719    -1.04777e-15    -1.7145e-16    3.1785e-16    1.65267e-16    1.1076e-16    -3.05452e-16    1.30657e-16    5.75038e-17    
141    2.5327e-16    -1.31116e-15    0.129719    1.11185e-16    -3.08954e-16    -1.01307e-16    2.21723e-16    4.34625e-16    9.10672e-16    2.44578e-15    
142    -3.59955e-17    -0.129719    -1.09635e-15    2.53161e-17    4.14672e-16    7.78767e-17    3.11598e-17    -2.59806e-18    2.7717e-16    4.5382e-16    
143    -1.04083e-17    -1.32146e-15    0.129719    1.70931e-16    -2.87747e-16    -1.63379e-16    -3.05559e-17    5.51689e-17    8.23881e-16    2.27823e-15    
144    -1.81062e-16    -0.129719    -1.07553e-15    -1.79046e-17    1.25839e-16    5.74798e-17    -3.70624e-17    -3.32913e-16    9.70956e-17    1.90264e-16    
145    -1.56125e-17    -3.73715e-16    0.0573745    4.75524e-17    -6.73967e-17    3.29758e-17    -1.57878e-16    -1.3018e-16    6.01422e-18    -6.02489e-16    
146    2.27682e-17    -0.0573745    -5.86337e-16    2.39017e-16    -1.53723e-16    8.05904e-17    -1.14036e-16    -1.27448e-16    -1.87352e-16    -1.60903e-16    
147    -8.67362e-18    -3.89403e-16    0.0573745    2.41811e-17    -3.88026e-18    1.19289e-16    -8.58883e-17    -1.38984e-16    -4.589e-17    -4.39771e-16    
148    1.41759e-16    -0.0573745    -6.2797e-16    3.04098e-16    3.88809e-17    1.01526e-16    1.13523e-16    2.0995e-16    1.64249e-17    1.90324e-16    
149    1.82146e-17    -3.71026e-16    0.0573745    1.53764e-16    -2.13923e-16    5.72348e-17    -5.05823e-17    1.93191e-16    -4.58759e-17    -5.98476e-16    
150    1.4962e-16    -0.0573745    -6.38378e-16    3.26755e-16    -1.04919e-16    -1.0885e-16    -1.89354e-16    2.73335e-16    -1.76425e-16    1.59108e-17    
151    2.06649e-16    1.25276e-16    -0.0165691    5.39594e-17    3.38127e-17    2.70079e-17    7.05598e-17    4.33615e-16    1.234e-16    1.16283e-16    
152    6.58111e-17    0.0165691    1.66533e-16    -2.89093e-16    -8.21461e-17    -4.83075e-17    8.24809e-17    -3.91548e-17    -2.76218e-17    -2.22355e-16    
153    -4.72712e-17    1.39742e-16    -0.0165691    9.08002e-17    8.81641e-17    -1.40275e-16    -2.51848e-17    -1.9893e-16    4.54694e-18    1.06231e-17    
154    -1.10697e-16    0.0165691    1.2837e-16    -7.02783e-17    5.49809e-18    -3.16714e-17    -6.74566e-17    -2.54777e-16    -5.60029e-17    -2.60484e-16    
155    -1.17636e-16    1.37257e-16    -0.0165691    -9.40537e-17    -1.69205e-16    1.27824e-16    -1.50787e-16    -6.02106e-17    -6.74265e-17    -4.76993e-17    
156    2.5533e-17    0.0165691    1.99493e-16    -5.77549e-18    -1.08623e-16    -2.55271e-17    8.69164e-17    -1.36412e-16    -5.68738e-18    -1.49865e-16    
157    4.36933e-17    -6.70808e-17    5.08868e-17    -5.60304e-17    2.8489e-17    -5.74091e-17    -8.31588e-18    9.4274e-18    1.07363e-17    1.0211e-16    
158    1.22989e-18    4.10948e-17    -1.7692e-17    6.37609e-17    -5.11922e-17    3.31376e-17    -6.85297e-17    -5.9989e-17    -1.62559e-17    3.57723e-17    
159    3.64063e-17    9.15332e-18    -1.8888e-18    -7.40245e-17    -2.15336e-16    -1.34543e-16    -2.70298e-17    1.0641e-16    -5.13094e-17    2.59058e-17    
160    -3.58024e-17    -2.33202e-17    4.78857e-17    -4.96713e-18    2.27732e-16    9.97539e-18    2.98874e-17    9.87256e-18    -2.31483e-16    -2.02058e-16    
161    -2.40351e-17    4.49123e-17    -4.42656e-17    -1.04625e-16    6.33895e-17    -5.20702e-17    -3.9299e-17    1.00701e-16    -1.44443e-16    -2.59078e-16    
162    -1.00949e-16    6.69081e-18    9.82389e-18    -1.20733e-17    -2.0506e-16    8.99659e-18    -3.56753e-17    -1.04934e-17    -1.61226e-16    -3.31441e-17    
163    -8.02581e-17    -4.40501e-17    1.5643e-17    1.12246e-17    7.76078e-17    -9.55338e-17    8.05461e-17    -2.90601e-17    -3.20935e-16    -2.98753e-16    
164    2.44488e-17    -5.73863e-18    7.03177e-17    -1.37869e-16    -1.61409e-16    1.3711e-16    -1.15013e-16    8.10228e-18    -1.37051e-16    -3.37156e-16    
165    7.15302e-17    -3.25838e-17    -1.57209e-17    2.35939e-16    -2.8341e-17    -2.55618e-16    4.52371e-17    3.80879e-16    -1.85585e-16    -2.08928e-16    
166    1.93124e-17    4.19702e-17    5.52621e-17    -1.9153e-17    -1.6773e-16    5.14521e-17    -1.27003e-16    8.16081e-17    -2.29021e-16    -1.10409e-16    
167    -4.52383e-17    1.05489e-16    -3.36238e-17    1.33238e-18    -2.3059e-17    -1.28444e-17    -2.01572e-16    3.03402e-17    -2.42846e-16    -3.61624e-17    
168    6.84132e-17    5.19946e-17    5.19316e-17    -7.14053e-17    -1.87626e-16    7.1101e-17    -8.19568e-17    1.72869e-16    -2.66316e-16    -3.46894e-16    
169    -7.11237e-17    0.0165691    1.47451e-16    4.9158e-17    1.40285e-16    -1.02117e-17    -9.29098e-17    -2.92294e-16    -7.51148e-17    -3.00189e-17    
170    -6.77626e-17    1.44701e-16    -0.0165691    3.23753e-17    8.48414e-17    2.29559e-16    -1.02266e-16    -3.88121e-16    -4.48703e-17    -9.69357e-17    
171    4.00071e-17    0.0165691    1.59595e-16    -1.06414e-16    -1.48356e-16    7.63648e-17    4.48396e-17    -6.94057e-17    5.01878e-17    -6.39664e-17    
172    1.49837e-16    8.18326e-17    -0.0165691    9.00362e-17    5.08961e-17    1.10338e-16    1.62404e-16    5.53479e-16    -4.65773e-17    1.49545e-16    
173    8.23994e-18    0.0165691    2.01228e-16    -8.87521e-17    6.42627e-17    -2.02517e-16    -3.28756e-17    2.57554e-16    5.30022e-17    -3.03679e-16    
174    -1.35742e-16    1.58026e-16    -0.0165691    -1.03518e-16    -2.64655e-17    -1.42389e-16    -1.5402e-17    -1.19486e-16    -1.71274e-17    -1.28016e-16    
175    2.51738e-17    -2.19638e-17    -2.59976e-17    1.23708e-16    1.13e-16    1.97091e-16    -3.80952e-16    7.3277e-17    -0.271404    0.10164    
176    4.50825e-17    -3.88391e-17    -2.28455e-17    5.01699e-17    1.55421e-16    1.14e-16    -2.13322e-16    1.19224e-16    -0.271404    0.10164    
177    -6.62719e-18    -3.05333e-17    -2.47185e-17    6.54363e-17    1.30152e-16    1.64667e-17    -2.31907e-16    -6.65558e-17    -0.271404    0.10164    
178    2.49705e-17    -3.45461e-17    -4.8737e-17    7.66529e-17    1.32682e-16    1.96673e-16    -3.82434e-16    6.60421e-17    -0.271404    0.10164    
179    4.49774e-17    -4.86496e-17    -5.9762e-17    6.49244e-17    -2.99593e-17    1.12803e-16    -2.15557e-16    1.16703e-16    -0.271404    0.10164    
180    -7.17649e-18    -3.24736e-17    -3.16616e-17    9.32497e-17    -1.04816e-16    1.24255e-17    -2.32632e-16    -8.28104e-17    -0.271404    0.10164    
181    -3.3512e-17    4.21323e-19    5.93643e-18    3.80473e-17    9.18152e-17    3.92761e-17    4.80083e-17    -8.73678e-18    1.43214e-16    -1.69133e-16    
182    -4.7915e-17    3.07695e-18    -1.80698e-17    -7.72026e-17    6.20421e-17    -1.71245e-17    1.34136e-20    -8.36858e-17    -2.3311e-16    -1.27743e-16    
183    -1.08657e-17    -6.47516e-18    4.62184e-18    1.6333e-16    6.23014e-17    1.00311e-17    4.76143e-17    -4.77049e-17    4.02296e-17    -1.22714e-16    
184    3.72195e-17    -1.97931e-17    1.83184e-17    -9.62915e-17    -2.56318e-16    -5.19802e-17    -5.64203e-17    -1.4779e-18    5.24771e-17    8.3885e-17    
185    1.30615e-16    -1.61262e-17    1.08033e-17    9.29098e-18    -2.20326e-17    3.93936e-17    1.21176e-16    6.12551e-18    7.96912e-17    2.80976e-16    
186    2.75523e-17    1.44102e-17    -2.76624e-17    3.70289e-17    1.72977e-16    -6.29521e-17    7.10317e-18    -2.11694e-17    -8.39349e-17    1.88629e-16    
187    -0.0214521    4.34586e-16    -1.43115e-16    0.141775    -0.0104684    0.041173    0.0403715    0.0703735    0.116257    0.0282999    
188    0.0214521    2.11625e-16    -2.44596e-16    0.141775    -0.0104684    0.0555493    -0.0154712    -0.0703735    -0.0355674    -0.109029    
189    -0.0214521    2.51817e-16    -3.40873e-16    0.141775    -0.0104684    0.0143762    -0.0558427    0.0703735    -0.0806891    0.0807292    
190    0.0214521    2.26085e-16    -1.66967e-16    0.141775    -0.0104684    -0.041173    -0.0403715    -0.0703735    0.116257    0.0282999    
191    -0.0214521    3.68626e-16    -1.56559e-16    0.141775    -0.0104684    -0.0555493    0.0154712    0.0703735    -0.0355674    -0.109029    
192    0.0214521    2.56146e-16    -3.10949e-16    0.141775    -0.0104684    -0.0143762    0.0558427    -0.0703735    -0.0806891    0.0807292    
193    -7.33327e-17    5.54834e-17    -3.18213e-17    -1.09952e-16    -2.33955e-16    -1.51061e-16    -5.56618e-17    6.16557e-17    -5.59721e-17    3.86796e-17    
194    -1.58836e-17    -4.06833e-17    2.72948e-17    -1.14991e-16    2.76502e-16    4.36132e-17    1.82665e-17    -1.11018e-16    8.955e-17    -1.58521e-16    
195    -1.03812e-17    1.58411e-17    2.44149e-17    -1.55983e-17    8.31446e-17    -5.9505e-17    -1.95051e-17    7.97952e-17    -1.01865e-16    5.01274e-17    
196    0    1.97891e-17    -4.06915e-17    8.72392e-17    -8.3345e-17    -3.05412e-18    -6.80595e-17    -4.02726e-17    2.27424e-17    -2.18748e-16    
197    4.71628e-18    -2.67219e-17    3.7859e-17    4.59732e-18    8.64484e-17    -4.86324e-17    -6.6297e-17    -4.93894e-17    -4.27332e-17    2.0467e-16    
198    9.14796e-18    -1.59534e-17    -1.54855e-17    -9.80012e-17    3.09415e-17    5.54648e-17    3.07473e-19    -1.07175e-16    9.78194e-18    -1.64047e-16    
199    0.0283998    -6.25641e-16    1.67834e-16    -0.229397    1.27837e-15    0.112637    0.019127    -0.234542    0.0711347    0.218058    
200    -0.0283998    -2.8941e-16    2.9577e-16    -0.229397    8.91783e-16    0.0728831    -0.0879832    0.234542    0.161378    -0.161458    
201    0.0283998    -6.68627e-16    2.59775e-16    -0.229397    2.19135e-15    -0.0397542    -0.10711    -0.234542    -0.232513    -0.0565998    
202    -0.0283998    -3.90455e-16    3.65593e-16    -0.229397    8.3157e-16    -0.112637    -0.019127    0.234542    0.0711347    0.218058    
203    0.0283998    -4.77754e-16    5.9848e-16    -0.229397    1.15629e-15    -0.0728831    0.0879832    -0.234542    0.161378    -0.161458    
204    -0.0283998    -4.10685e-16    1.76074e-16    -0.229397    4.86292e-16    0.0397542    0.10711    0.234542    -0.232513    -0.0565998    
205    -9.20488e-17    -1.4494e-16    0.0165691    1.94088e-16    1.35755e-16    8.81677e-17    -1.60797e-16    1.75207e-16    1.497e-18    2.8973e-16    
206    9.97466e-18    -0.0165691    -1.43982e-16    -1.45414e-16    -3.55279e-17    -2.31365e-17    1.45175e-17    1.23207e-16    3.24097e-17    1.0093e-16    
207    9.21572e-17    -1.17671e-16    0.0165691    8.56892e-17    -2.33557e-16    1.23129e-16    5.63578e-17    1.02131e-16    1.27834e-17    -8.56115e-18    
208    -5.96311e-19    -0.0165691    -1.71738e-16    2.95728e-16    1.72763e-16    -1.14908e-16    7.7786e-17    -1.64737e-16    -7.9297e-17    -2.02735e-16    
209    2.81893e-18    -1.25033e-16    0.0165691    -8.66777e-17    5.65454e-17    4.68133e-18    4.54571e-17    -8.91399e-17    1.66295e-16    1.19197e-16    
210    -1.50379e-16    -0.0165691    -1.5786e-16    1.84307e-16    -2.04116e-16    5.93583e-17    -2.53643e-17    -4.77632e-17    -6.82886e-18    2.92945e-17    
211    -0.029476    -2.73679e-16    7.50268e-17    -0.0876219    -0.0274255    -0.080409    -0.0666088    0.0273774    -0.0801061    0.0868191    
212    0.029476    -1.90423e-16    7.58942e-17    -0.0876219    -0.0274255    -0.0978894    0.0363318    -0.0273774    -0.000583035    -0.00608997    
213    -0.029476    -1.9918e-16    1.40513e-16    -0.0876219    -0.0274255    -0.0174804    0.102941    0.0273774    0.11684    0.0343899    
214    0.029476    -1.09402e-16    -4.25007e-17    -0.0876219    -0.0274255    0.080409    0.0666088    -0.0273774    -0.152407    -0.143419    
215    -0.029476    -2.28488e-16    9.02056e-17    -0.0876219    -0.0274255    0.0978894    -0.0363318    0.0273774    0.0717178    0.224148    
216    0.029476    -1.18218e-16    1.30104e-16    -0.0876219    -0.0274255    0.0174804    -0.102941    -0.0273774    0.0445387    -0.195848    
217    -2.55872e-17    -0.0165691    -1.52656e-16    1.63966e-16    -1.62053e-16    -1.68331e-17    7.77026e-18    1.51981e-16    -1.23783e-16    -1.28089e-17    
218    1.9147e-16    -1.49037e-16    0.0165691    1.60165e-17    4.75234e-17    5.31945e-17    6.87645e-17    4.50199e-16    -1.06868e-16    -4.14545e-16    
219    -6.72205e-17    -0.0165691    -1.38778e-16    2.14074e-16    3.4913e-17    -6.70919e-17    3.09269e-17    3.05063e-16    -6.72281e-17    1.43099e-16    
220    -9.68193e-17    -1.24497e-16    0.0165691    1.43301e-17    1.67382e-17    -1.35271e-16    -1.7715e-16    -2.1413e-16    -3.92285e-16    -6.35957e-16    
221    3.1984e-17    -0.0165691    -1.76942e-16    1.95633e-16    -4.95133e-18    -4.71101e-17    -2.47431e-17    2.70793e-17    1.48939e-17    2.84075e-16    
222    -1.87892e-16    -9.59371e-17    0.0165691    4.32817e-17    -2.38143e-18    7.16357e-17    5.20315e-17    -3.01315e-16    -4.26108e-16    -8.46779e-16    
223    7.58942e-19    2.69866e-17    -2.05795e-17    5.23178e-17    -2.96006e-17    -9.53613e-17    -1.69092e-17    2.32824e-16    -3.60703e-16    -1.83532e-16    
224    4.87891e-17    -8.13375e-17    1.42173e-16    1.19939e-16    -5.3293e-17    6.27843e-17    1.0575e-17    7.8773e-17    -3.67859e-16    -1.76414e-16    
225    6.28837e-17    -4.40479e-17    7.20249e-17    -9.62839e-17    -1.31696e-16    9.91839e-18    -1.40545e-16    1.02972e-16    -1.7339e-16    3.25374e-17    
226    6.14201e-17    -3.30984e-18    2.13317e-17    7.93814e-17    1.6937e-17    -1.70475e-16    7.12788e-17    2.57103e-16    -2.29085e-16    -3.65238e-16    
227    -6.61363e-18    3.59503e-17    -5.77067e-17    -5.78341e-17    -1.10752e-16    1.50892e-16    -4.38928e-17    -8.82947e-17    -4.57847e-16    -1.14523e-16    
228    -1.04626e-17    9.8021e-17    6.32496e-17    4.71514e-17    -1.32011e-16    -7.02279e-17    -7.9241e-18    2.38927e-16    -6.95286e-17    -6.89123e-17    
229    4.77049e-17    -6.59179e-16    0.0618346    1.16789e-17    2.75497e-17    -2.6959e-17    1.77863e-16    2.18241e-16    -5.45536e-16    -8.14892e-16    
230    2.75387e-17    -0.0618346    -4.52763e-16    2.45335e-16    4.67418e-17    -4.04221e-18    1.07806e-16    1.2181e-16    1.18701e-16    -3.83644e-17    
231    1.9559e-16    -6.18818e-16    0.0618346    1.33723e-16    -1.98096e-16    -1.11436e-16    8.23409e-17    4.1961e-16    -5.66315e-16    -5.72216e-16    
232    5.55112e-17    -0.0618346    -5.6205e-16    5.37019e-17    9.68896e-17    1.88118e-17    -8.30774e-17    4.04048e-17    8.6233e-17    -1.58803e-17    
233    -4.42354e-17    -5.88277e-16    0.0618346    -3.34409e-18    -6.35597e-17    1.20036e-17    -6.46998e-17    -2.33184e-16    -5.24787e-16    -8.67237e-16    
234    -5.48606e-17    -0.0618346    -5.16948e-16    3.50148e-16    -5.41525e-17    6.08488e-17    1.25401e-16    -1.6108e-16    -6.43575e-17    -3.3872e-16    
235    -8.47423e-17    -1.42724e-17    7.89212e-18    -1.2304e-17    -6.38827e-17    8.47733e-17    8.09128e-18    -1.63707e-16    7.8931e-17    -1.62667e-16    
236    5.28447e-17    -1.69257e-17    4.36515e-17    -3.42156e-17    -8.66456e-17    -8.0337e-17    7.71913e-17    6.08483e-17    1.89955e-16    5.95261e-17    
237    -2.0095e-17    3.25498e-17    -4.46162e-17    7.59104e-17    2.06654e-16    4.75752e-17    -1.78026e-17    -1.14632e-16    2.09894e-16    -7.60916e-17    
238    8.57231e-17    4.97953e-18    1.82727e-17    3.85723e-17    -7.75969e-17    1.84082e-17    5.26148e-17    1.70938e-16    3.2179e-16    1.65023e-16    
239    -3.6724e-17    -3.53381e-17    2.94744e-17    8.73424e-17    -1.3373e-16    -3.21284e-18    4.64029e-17    -1.21557e-16    7.8501e-17    -1.00552e-16    
240    6.12913e-17    5.19206e-17    -1.09318e-17    -9.86644e-17    2.50011e-16    -5.70562e-17    4.08255e-17    1.16226e-16    1.87361e-16    2.22498e-16    
241    -5.77338e-17    -4.191e-18    -4.78743e-17    1.76912e-16    -7.71505e-17    -1.59321e-16    2.25699e-16    -2.15273e-16    7.6207e-17    4.46919e-16    
242    1.25442e-16    1.3979e-16    -1.32191e-16    -1.00462e-16    7.73176e-17    4.05882e-17    9.49188e-17    -5.11249e-17    3.47053e-16    2.14716e-16    
243    -2.15865e-16    6.17531e-18    2.2321e-17    5.03193e-17    3.69628e-17    -1.73651e-16    1.35102e-16    6.75517e-18    2.7049e-16    6.49653e-17    
244    3.44234e-17    -2.87362e-17    1.67509e-17    -3.18476e-17    1.89041e-16    2.95137e-16    1.33373e-16    -1.95083e-16    1.73567e-16    2.71331e-16    
245    -1.4203e-17    -6.53061e-17    4.0251e-17    3.1037e-17    8.79726e-17    -1.71362e-16    9.30543e-17    1.69349e-17    3.74579e-16    2.79862e-16    
246    -1.20726e-16    -2.73674e-17    -9.88318e-17    1.5319e-17    7.65912e-17    2.34007e-16    1.41295e-16    -1.00525e-17    2.98477e-16    9.65514e-18    
247    -5.79608e-17    -8.05307e-17    -4.77049e-17    2.5806e-16    -2.16785e-16    -5.10173e-17    1.43607e-16    3.29148e-16    -3.48304e-17    -1.16507e-16    
248    3.37458e-17    8.63407e-17    -4.3391e-17    -3.01675e-17    -1.68296e-17    -5.9841e-17    9.50448e-17    7.92571e-17    -8.00162e-16    -1.60738e-15    
249    7.15573e-18    -3.42617e-17    2.08167e-17    2.83438e-16    -2.09897e-16    -4.93417e-17    -3.14054e-17    2.70363e-16    -7.97847e-17    5.93128e-17    
250    2.24565e-17    2.18745e-17    1.65586e-17    -2.25573e-17    6.18615e-17    -2.08811e-17    3.53636e-17    -2.36144e-16    -7.03008e-16    -1.56769e-15    
251    5.35596e-17    -6.04429e-17    -1.73472e-17    2.26593e-16    -2.76709e-17    1.46901e-16    1.93581e-17    -1.64591e-17    -7.57294e-18    -1.23675e-16    
252    -1.04409e-16    1.08314e-16    -2.83248e-17    5.91996e-17    6.25691e-17    7.04002e-18    8.96772e-17    -9.7124e-17    -6.93859e-16    -1.3886e-15    
253    -0.212204    1.81828e-16    6.34909e-16    1.48492e-15    0.254839    -0.105703    -0.284798    0.0541494    0.0361504    0.115119    
254    0.212204    5.13387e-17    3.64292e-16    1.39363e-15    0.254839    -0.299494    -0.0508572    -0.0541494    -0.0361504    -0.115119    
255    -0.212204    3.18711e-16    3.46945e-16    6.10406e-16    0.254839    -0.19379    0.233941    0.0541494    0.0361504    0.115119    
256    0.212204    6.08628e-17    3.46945e-16    9.87925e-16    0.254839    0.105703    0.284798    -0.0541494    -0.0361504    -0.115119    
257    -0.212204    1.96245e-16    4.68375e-16    8.78421e-16    0.254839    0.299494    0.0508572    0.0541494    0.0361504    0.115119    
258    0.212204    6.16793e-17    4.92661e-16    1.62609e-15    0.254839    0.19379    -0.233941    -0.0541494    -0.0361504    -0.115119    
259    1.0842e-16    0.104061    8.08381e-16    -7.43797e-17    -8.87936e-17    -1.5229e-17    2.66938e-17    8.41663e-17    -1.48805e-16    -1.11697e-16    
260    1.05818e-16    1.07677e-15    -0.104061    -9.98821e-18    2.4193e-16    -1.08499e-16    3.78895e-17    8.5519e-17    -4.5652e-16    -1.1589e-15    
261    -1.73472e-17    0.104061    8.74301e-16    7.46812e-17    -2.53642e-16    -5.20988e-17    6.25652e-17    2.04962e-16    -4.86452e-17    -1.15882e-17    
262    -7.89299e-17    1.00784e-15    -0.104061    -2.00828e-16    2.88147e-16    -1.35395e-16    -1.66017e-16    -2.06514e-16    -5.25933e-16    -1.64326e-15    
263    -4.90059e-17    0.104061    8.60423e-16    2.30151e-16    -3.82803e-16    -3.2951e-17    4.81792e-18    7.633e-17    -1.45201e-16    -7.23526e-17    
264    -6.93889e-17    1.07905e-15    -0.104061    -2.11657e-16    2.3392e-16    -2.3399e-17    8.0851e-17    -8.30359e-17    -5.01627e-16    -1.54483e-15    
265    -7.35089e-17    0.0498943    5.27356e-16    -2.78289e-16    4.26794e-17    -2.10384e-18    3.91943e-18    -1.15401e-16    1.29495e-16    3.72221e-16    
266    3.77302e-17    3.70337e-16    -0.0498943    -2.68679e-17    8.285e-17    -1.18377e-16    7.35216e-17    1.75605e-16    3.33754e-16    8.41032e-16    
267    -3.96818e-17    0.0498943    5.6205e-16    -3.20356e-16    1.57948e-16    -3.93843e-18    2.81109e-17    1.87724e-17    7.81654e-17    1.49897e-16    
268    -1.53957e-16    3.41192e-16    -0.0498943    -4.65089e-17    6.61363e-18    -3.81056e-17    -5.19227e-17    -5.96286e-17    6.65489e-17    4.72923e-16    
269    -1.28803e-16    0.0498943    5.27356e-16    -1.02035e-16    -3.66333e-17    1.2046e-16    -3.70547e-17    -2.9481e-18    3.5832e-17    1.79249e-16    
270    1.56125e-17    3.66079e-16    -0.0498943    -8.21385e-17    1.15383e-16    1.50857e-16    8.85759e-17    1.3533e-16    2.40102e-16    5.68647e-16    
271    3.54534e-17    -0.0165691    -1.56125e-16    2.56527e-16    -4.5531e-17    7.96431e-17    -2.62136e-17    -7.89654e-17    -1.00904e-16    1.72758e-16    
272    1.07119e-16    -1.29835e-16    0.0165691    -7.33149e-17    -1.58967e-17    3.78779e-17    1.37153e-16    4.99132e-16    1.12513e-16    2.54211e-16    
273    1.36609e-17    -0.0165691    -1.38778e-16    -1.24353e-17    -3.21621e-17    -2.18037e-16    1.00176e-16    2.96601e-16    9.52953e-17    2.53975e-16    
274    -9.8554e-17    -1.46912e-16    0.0165691    2.61377e-16    -2.07491e-16    -1.30123e-16    -6.72479e-17    -2.55211e-16    -1.12998e-16    -3.66478e-16    
275    -8.65193e-17    -0.0165691    -1.94289e-16    5.92195e-17    4.42839e-17    9.29581e-18    4.69631e-17    -2.14872e-16    -1.01637e-16    -2.09071e-16    
276    -2.27682e-18    -1.02572e-16    0.0165691    -1.61747e-16    2.11995e-17    2.08543e-16    -4.73013e-17    -3.1453e-16    1.68903e-16    1.40751e-16    
277    -2.24213e-16    0.0573745    5.82867e-16    -1.05201e-16    -3.29538e-17    2.15048e-17    -1.0256e-16    -7.20482e-17    -2.3208e-17    -2.93296e-16    
278    4.03323e-17    4.7017e-16    -0.0573745    -7.84014e-18    2.45064e-16    -2.78689e-17    3.76201e-17    2.41908e-16    -5.02296e-16    -6.89209e-16    
279    1.51788e-17    0.0573745    6.04551e-16    -4.9382e-18    -6.23357e-17    1.52698e-17    -8.53703e-18    5.69534e-18    1.25418e-16    1.07481e-16    
280    1.01915e-16    4.03227e-16    -0.0573745    -6.16776e-17    1.23416e-16    -8.63281e-17    1.87544e-16    -2.30101e-17    -6.7227e-16    -8.67846e-16    
281    -3.46945e-17    0.0573745    5.58581e-16    -1.14349e-16    -5.45921e-17    9.71552e-18    7.22371e-17    -2.07258e-17    1.30734e-17    1.00167e-17    
282    -7.89299e-17    4.35182e-16    -0.0573745    -1.11896e-16    5.95312e-17    -1.57572e-16    1.91429e-18    -1.42694e-16    -4.64022e-16    -8.59502e-16    
283    -7.78457e-17    -0.0256579    -3.08781e-16    2.10915e-16    -1.20551e-16    4.11626e-17    5.86583e-17    2.19355e-16    -4.12824e-17    -1.07347e-16    
284    1.36393e-16    -1.5036e-16    0.0256579    6.3486e-17    8.1654e-17    -1.24676e-16    2.34141e-17    1.29355e-16    -6.41302e-16    -1.35123e-15    
285    2.5804e-17    -0.0256579    -2.15106e-16    4.43847e-16    -1.3598e-16    1.14953e-16    9.28454e-17    1.78643e-17    -5.21978e-17    -1.37e-16    
286    -2.92735e-17    -2.34302e-16    0.0256579    -1.8013e-17    7.93238e-17    -6.01994e-17    5.63745e-17    -2.99505e-16    -6.62991e-16    -1.44798e-15    
287    -4.60786e-17    -0.0256579    -2.32453e-16    2.51326e-16    -2.31045e-16    2.28948e-17    1.87155e-16    1.8332e-16    3.23111e-17    1.19711e-16    
288    4.33681e-19    -1.39152e-16    0.0256579    1.10836e-16    -8.22583e-17    -4.75385e-17    1.07411e-16    -7.99281e-19    -7.27205e-16    -1.66503e-15    
289    0.029476    -2.66501e-16    8.67362e-17    -0.0876219    0.0274255    -0.0174804    0.102941    -0.0273774    -0.152407    -0.143419    
290    -0.029476    -4.07511e-17    3.29597e-17    -0.0876219    0.0274255    0.080409    0.0666088    0.0273774    0.0717178    0.224148    
291    0.029476    -2.49468e-16    1.68268e-16    -0.0876219    0.0274255    0.0978894    -0.0363318    -0.0273774    0.0445387    -0.195848    
292    -0.029476    -5.32229e-17    6.85216e-17    -0.0876219    0.0274255    0.0174804    -0.102941    0.0273774    -0.0801061    0.0868191    
293    0.029476    -3.84713e-16    2.56305e-16    -0.0876219    0.0274255    -0.080409    -0.0666088    -0.0273774    -0.000583035    -0.00608997    
294    -0.029476    -6.63591e-17    2.29417e-16    -0.0876219    0.0274255    -0.0978894    0.0363318    0.0273774    0.11684    0.0343899    
295    9.63856e-17    0.0256579    2.81025e-16    -6.53621e-16    4.20187e-16    3.68641e-18    3.91202e-17    -2.04587e-16    1.48944e-16    1.00781e-16    
296    -4.38018e-17    1.42347e-16    -0.0256579    -7.27584e-17    -1.75228e-16    -9.24012e-17    -1.71217e-17    1.98726e-16    1.63705e-15    3.48463e-15    
297    -8.91214e-17    0.0256579    2.23779e-16    -7.02079e-16    2.3576e-16    -1.02476e-16    -9.23861e-17    -4.05362e-16    4.30581e-17    9.537e-17    
298    -9.69277e-17    8.29501e-17    -0.0256579    -9.26688e-17    -1.09025e-16    4.59628e-17    -2.94143e-16    -1.2488e-16    1.58414e-15    3.37399e-15    
299    -6.46184e-17    0.0256579    3.19189e-16    -5.92322e-16    1.95191e-16    5.58452e-17    -1.0874e-16    -5.22616e-16    9.33873e-17    4.78701e-18    
300    5.26922e-17    -9.86105e-18    -0.0256579    -8.37478e-17    -1.09284e-16    1.96485e-16    -2.11904e-16    1.42641e-16    1.70906e-15    3.54306e-15    
301    1.78677e-16    -4.56521e-16    0.0498943    4.8889e-17    -1.12109e-16    6.26812e-18    1.341e-16    1.70565e-16    5.52734e-16    9.09957e-16    
302    2.1684e-19    -0.0498943    -4.85723e-16    1.04227e-16    1.41986e-16    -9.4643e-17    -2.56456e-17    1.01305e-16    -8.91404e-17    -3.03518e-16    
303    -7.54605e-17    -4.00733e-16    0.0498943    1.43453e-17    -1.66572e-16    -2.57499e-17    -7.90493e-17    9.03774e-17    3.91357e-16    6.58756e-16    
304    -1.69352e-16    -0.0498943    -5.44703e-16    1.22142e-16    -1.03535e-16    -3.94623e-17    -1.74899e-16    -9.03173e-17    -7.15279e-17    -1.35176e-16    
305    6.59195e-17    -4.02881e-16    0.0498943    1.63647e-18    -3.25422e-17    1.47423e-16    -3.08561e-16    -2.65242e-16    4.48616e-16    6.28496e-16    
306    1.58294e-17    -0.0498943    -5.34295e-16    -6.16792e-17    -3.87433e-18    7.51011e-17    -1.02072e-16    -3.2938e-16    -1.28748e-16    -3.39354e-16    
307    5.86824e-18    -8.46722e-17    -1.25505e-17    -2.60054e-17    -7.74937e-17    4.31394e-17    1.67624e-17    -6.04368e-17    7.28138e-16    1.52104e-15    
308    -7.17742e-17    2.48456e-17    5.55112e-17    -1.48683e-16    2.79612e-16    5.29812e-17    1.31164e-16    1.399e-17    3.41319e-17    -9.6783e-17    
309    -4.66207e-18    5.12285e-19    6.35309e-17    3.24168e-17    -7.73462e-17    1.17357e-17    -1.29638e-18    4.08607e-16    7.21373e-16    1.54923e-15    
310    -4.77049e-18    -2.19419e-17    -5.20417e-17    -1.93993e-16    7.00458e-17    -5.82352e-17    -8.95691e-17    -1.08636e-16    6.39834e-17    2.92578e-16    
311    -8.06375e-18    -9.05224e-17    2.2454e-17    1.30717e-17    3.08915e-17    -8.31991e-17    -2.00964e-16    -1.95366e-16    6.1971e-16    1.41501e-15    
312    6.74374e-17    1.17568e-16    3.81639e-17    -3.00964e-16    1.36977e-16    2.00554e-16    -3.38523e-17    -3.43305e-16    8.3234e-18    -6.34267e-17    
313    3.76218e-17    -0.0090888    -7.80626e-17    2.09495e-16    -9.95971e-17    -5.46881e-17    -1.35725e-17    2.45748e-17    9.06204e-17    8.45039e-17    
314    -1.7125e-16    -6.83425e-17    0.0090888    5.24919e-17    -1.22504e-16    -2.70911e-17    -9.34747e-17    -5.44935e-16    -4.70241e-16    -9.3133e-16    
315    -1.21051e-16    -0.0090888    -6.93889e-17    7.75683e-17    4.77849e-17    1.57629e-16    -9.6568e-17    -5.03716e-17    -9.16869e-18    -2.59498e-16    
316    1.59649e-16    -1.21721e-16    0.0090888    5.55357e-18    2.1523e-17    2.0695e-16    2.12709e-17    2.25096e-16    -2.03059e-16    -4.5451e-16    
317    -1.33899e-16    -0.0090888    -5.89806e-17    1.74949e-16    -4.38818e-17    -3.50091e-17    4.67812e-17    4.78556e-17    2.22208e-17    -1.9033e-16    
318    1.80086e-16    -7.72264e-17    0.0090888    -3.14677e-17    1.49542e-16    -1.90152e-16    2.03113e-16    4.04687e-16    -2.77279e-16    -5.22026e-16    
319    0.0214521    2.81678e-16    -6.98226e-17    0.141775    0.0104684    0.00486344    -0.057458    -0.0703735    0.116257    0.0282999    
320    -0.0214521    3.58713e-16    -4.29344e-17    0.141775    0.0104684    -0.0473284    -0.0329409    0.0703735    -0.0355674    -0.109029    
321    0.0214521    2.1606e-16    -1.50054e-16    0.141775    0.0104684    -0.0521918    0.0245172    -0.0703735    -0.0806891    0.0807292    
322    -0.0214521    3.79982e-16    -1.02782e-16    0.141775    0.0104684    -0.00486344    0.057458    0.0703735    0.116257    0.0282999    
323    0.0214521    3.15641e-16    -2.68015e-16    0.141775    0.0104684    0.0473284    0.0329409    -0.0703735    -0.0355674    -0.109029    
324    -0.0214521    2.88986e-16    -2.64112e-16    0.141775    0.0104684    0.0521918    -0.0245172    0.0703735    -0.0806891    0.0807292    
325    -1.69136e-17    8.02916e-16    -0.0874924    -1.48366e-16    2.0756e-16    -1.18087e-17    -7.6532e-17    1.67081e-17    2.61438e-16    6.15672e-17    
326    1.04517e-16    0.0874924    7.32053e-16    -5.80675e-17    2.42988e-17    -1.4793e-16    -2.86221e-17    1.41722e-16    -9.92799e-17    4.49838e-17    
327    -9.32414e-17    8.14409e-16    -0.0874924    -1.04968e-16    6.77813e-17    -4.62812e-17    -1.46058e-16    -1.68362e-16    1.08786e-16    -6.04957e-17    
328    2.01662e-17    0.0874924    7.32053e-16    -1.69424e-16    -1.75508e-16    1.20539e-16    -4.8473e-17    -1.66697e-16    -1.36827e-16    -6.69623e-17    
329    -3.64292e-17    8.9631e-16    -0.0874924    1.74828e-17    2.39541e-16    1.34759e-16    -1.91293e-16    -9.81034e-17    2.58029e-16    1.70024e-16    
330    4.0766e-17    0.0874924    6.55725e-16    -2.65138e-17    -7.82773e-17    2.39218e-17    -3.89805e-18    8.74736e-17    -6.81626e-17    1.0105e-16    
331    4.41812e-18    1.54687e-16    3.90313e-17    1.33231e-16    -2.90897e-17    7.57739e-17    -1.06552e-16    1.23795e-16    -2.41142e-16    -2.78007e-16    
332    4.38018e-17    9.75133e-18    4.48589e-18    -2.12458e-16    -4.43177e-17    4.25176e-17    5.05689e-17    -1.09645e-16    -1.97719e-16    -1.36482e-16    
333    -1.30308e-17    -8.11252e-18    1.0349e-16    7.0631e-17    -5.80601e-17    8.38731e-17    -4.67078e-17    3.13118e-16    -3.088e-16    -6.55355e-17    
334    3.48097e-17    -8.71064e-17    7.44144e-17    8.23342e-18    5.06589e-18    -1.38379e-16    -6.46319e-18    2.66105e-16    -1.78658e-16    -2.50766e-16    
335    1.99493e-17    1.17471e-16    3.46741e-17    1.74299e-16    -1.18723e-16    2.7573e-16    -6.12088e-17    4.82591e-17    -7.28819e-17    -3.84693e-17    
336    -2.23752e-17    -2.71259e-17    8.10051e-17    -7.33474e-17    -1.59897e-16    -3.41813e-17    2.67828e-17    1.79812e-16    -3.98969e-16    -1.91217e-17    
337    -8.67362e-18    -1.19896e-15    0.144867    1.65639e-16    -1.84098e-16    -1.11276e-16    -1.50704e-17    -2.37916e-16    -7.56622e-16    -1.59459e-15    
338    -1.13841e-18    -0.144867    -1.3739e-15    5.06463e-16    -1.1239e-16    -2.18186e-17    -1.99877e-17    1.69912e-16    2.15196e-17    2.34239e-17    
339    1.31839e-16    -1.28144e-15    0.144867    2.35868e-16    -1.88946e-16    9.14906e-17    1.20397e-16    7.07378e-17    -6.78618e-16    -1.31515e-15    
340    1.56125e-17    -0.144867    -1.30798e-15    6.59355e-16    -3.1757e-17    1.17673e-16    7.10358e-17    2.37724e-16    -2.69679e-17    -1.72797e-16    
341    2.86229e-17    -1.24075e-15    0.144867    1.48244e-16    -2.28316e-16    -5.85361e-17    1.81397e-16    -1.37545e-17    -6.47841e-16    -1.44352e-15    
342    5.24754e-17    -0.144867    -1.41553e-15    4.65753e-16    -6.60169e-17    2.08742e-17    6.34089e-18    3.02514e-16    -2.01929e-17    4.09832e-17    
343    -1.54607e-16    -0.0618346    -4.44089e-16    -1.81451e-17    1.10989e-16    1.78855e-18    -1.78372e-17    -2.389e-16    1.86084e-16    -7.71631e-17    
344    -5.63785e-18    -6.46575e-16    0.0618346    1.90904e-16    -1.89405e-17    4.58713e-17    2.63019e-16    6.05027e-17    -6.6744e-17    4.53418e-16    
345    1.98409e-17    -0.0618346    -5.25188e-16    -8.35395e-17    1.9708e-16    -1.43344e-17    1.50199e-16    5.86194e-17    1.31901e-16    4.15463e-17    
346    1.91687e-16    -7.11934e-16    0.0618346    4.94667e-18    -3.61616e-16    -1.28813e-16    1.70616e-16    3.57411e-16    1.34482e-16    6.5951e-16    
347    6.28837e-18    -0.0618346    -4.92661e-16    2.70559e-17    2.08684e-16    -4.59382e-17    -7.47405e-17    1.08155e-16    5.01164e-17    7.13607e-17    
348    -1.20563e-16    -7.30706e-16    0.0618346    7.05002e-17    -3.40151e-17    1.1798e-18    -8.30973e-17    -3.06997e-16    1.98787e-17    4.63366e-16    
349    0.0331222    -1.82803e-16    -9.1073e-17    -0.0541533    0.00958276    0.0426986    0.0602051    0.0883618    -0.0361504    -0.115119    
350    -0.0331222    -1.19241e-16    2.42861e-17    -0.0541533    0.00958276    0.0734885    -0.00687552    -0.0883618    0.0361504    0.115119    
351    0.0331222    -3.13608e-16    1.96024e-16    -0.0541533    0.00958276    0.0307899    -0.0670807    0.0883618    -0.0361504    -0.115119    
352    -0.0331222    5.45404e-19    1.50487e-16    -0.0541533    0.00958276    -0.0426986    -0.0602051    -0.0883618    0.0361504    0.115119    
353    0.0331222    -1.48892e-16    1.79544e-16    -0.0541533    0.00958276    -0.0734885    0.00687552    0.0883618    -0.0361504    -0.115119    
354    -0.0331222    -6.58821e-17    -1.04083e-17    -0.0541533    0.00958276    -0.0307899    0.0670807    -0.0883618    0.0361504    0.115119    
355    3.81639e-17    -0.144867    -1.30451e-15    2.69356e-17    1.96657e-16    6.65326e-17    -5.37586e-17    -2.64444e-17    -1.65165e-17    1.74154e-17    
356    1.20563e-16    -1.35045e-15    0.144867    1.47384e-16    -4.0006e-16    2.88157e-17    1.14593e-16    2.61782e-16    7.34313e-16    1.62592e-15    
357    -2.86229e-17    -0.144867    -1.30798e-15    -1.00373e-17    2.53331e-16    9.71196e-17    -8.26514e-17    -9.41265e-17    -3.40238e-17    -1.21614e-16    
358    8.67362e-18    -1.32795e-15    0.144867    2.09041e-16    -3.13246e-16    -5.9249e-17    -6.64175e-17    -1.12303e-16    5.93839e-16    1.44256e-15    
359    3.46945e-17    -0.144867    -1.37021e-15    6.01732e-17    1.90907e-16    6.77767e-17    2.12266e-17    -1.68919e-16    9.22999e-17    2.14229e-16    
360    1.15359e-16    -1.40055e-15    0.144867    2.02448e-16    -2.72826e-16    1.55328e-16    -8.55537e-17    -8.84984e-17    7.31641e-16    1.44504e-15    
361    6.76568e-18    -3.99576e-18    -1.18083e-17    -7.88339e-17    -1.88769e-16    -4.2329e-17    6.64883e-19    1.27093e-16    3.18767e-17    -1.0437e-16    
362    -3.8241e-17    2.87732e-17    -6.97669e-18    -1.10783e-16    -7.13974e-17    -1.65889e-17    1.9356e-17    -4.14061e-17    -3.23107e-17    -9.07401e-17    
363    1.01434e-16    2.59236e-19    -2.07743e-17    4.67592e-17    1.13117e-16    -3.10309e-17    4.04176e-17    6.9243e-17    2.48273e-16    1.59787e-16    
364    -1.73201e-17    -2.6161e-17    2.071e-19    -1.33611e-16    -8.0911e-17    7.3589e-17    -5.27238e-17    -8.24881e-17    -9.4319e-17    7.49652e-17    
365    3.09667e-17    -1.14998e-17    -5.01899e-18    9.14733e-17    -8.27198e-17    -1.18447e-17    -1.92918e-17    -8.61735e-18    4.91576e-16    7.92562e-17    
366    -9.58435e-17    -2.8271e-17    1.51145e-17    -1.02622e-16    1.29322e-16    3.11351e-17    -4.06161e-17    -1.59101e-16    1.59932e-16    -3.1823e-16    
367    0.0331209    -1.91602e-18    -2.05998e-16    -4.26959e-16    -0.037894    0.0676309    0.182219    -0.044186    7.46198e-16    2.0421e-15    
368    -0.0331209    1.15723e-16    1.30104e-18    -2.03884e-16    -0.037894    0.191622    0.0325394    0.044186    -3.36597e-16    -2.00463e-15    
369    0.0331209    8.74216e-17    -2.68882e-17    1.7125e-16    -0.037894    0.123991    -0.14968    -0.044186    2.84648e-16    2.3777e-15    
370    -0.0331209    -5.43518e-17    1.0018e-16    1.12649e-16    -0.037894    -0.0676309    -0.182219    0.044186    -1.04799e-15    -1.96436e-15    
371    0.0331209    -9.73526e-17    -1.50054e-16    2.06541e-17    -0.037894    -0.191622    -0.0325394    -0.044186    -1.72411e-17    2.09658e-15    
372    -0.0331209    -4.23774e-17    -1.13191e-16    -6.2488e-16    -0.037894    -0.123991    0.14968    0.044186    -3.47674e-16    -2.32983e-15    
373    2.71593e-17    -1.14798e-16    0.0090888    -1.33436e-16    3.48833e-17    -2.57424e-16    1.02647e-16    2.56699e-16    3.22563e-16    6.44e-16    
374    -3.46945e-17    -0.0090888    -2.08167e-17    -1.61173e-16    -7.90053e-17    -3.91995e-17    1.16281e-17    -1.81872e-16    3.77111e-17    -1.26361e-16    
375    -2.39283e-16    -1.29806e-16    0.0090888    1.09914e-16    -3.98021e-17    6.45046e-17    -1.70048e-16    -4.34668e-16    7.62108e-17    6.04427e-16    
376    6.7329e-17    -0.0090888    -3.81639e-17    -7.78516e-17    1.73619e-16    1.32725e-16    4.91264e-17    -1.93983e-16    3.65643e-17    -1.41296e-16    
377    1.06523e-16    -9.64603e-17    0.0090888    -3.68828e-17    -1.29093e-16    2.04921e-16    5.56191e-17    3.53714e-16    4.01001e-16    8.04196e-16    
378    1.84314e-17    -0.0090888    -1.38778e-16    -4.84503e-19    2.98571e-17    -1.06857e-16    1.17821e-16    5.05996e-19    -7.52848e-17    -4.57975e-17    
379    -1.35851e-16    -6.67114e-17    -6.30396e-17    -1.19858e-16    1.63619e-16    5.98564e-16    -1.77539e-16    -7.08251e-17    3.8175e-16    2.72258e-16    
380    -1.4344e-16    9.42745e-18    -6.22739e-17    1.21955e-16    -1.55567e-17    -2.80206e-16    1.14012e-16    2.94096e-17    2.63571e-16    1.39205e-16    
381    1.6095e-16    7.53533e-17    -1.84768e-16    -1.06904e-16    7.7002e-17    2.91867e-16    2.22093e-16    -2.96477e-16    9.03072e-17    9.69032e-17    
382    -1.58998e-16    8.90203e-18    9.03954e-18    7.52555e-17    7.75999e-17    7.12857e-17    -3.68943e-17    -6.33452e-17    4.16237e-16    1.91295e-16    
383    5.14996e-17    5.01768e-19    -4.90059e-17    -2.4927e-16    4.24457e-17    1.29681e-16    9.81493e-17    -5.66063e-17    2.846e-16    -3.50846e-18    
384    1.07607e-16    -1.00391e-16    2.6773e-17    4.88653e-17    9.67045e-17    -1.50114e-16    3.31466e-16    -2.68075e-16    8.31275e-17    2.14454e-16    
385    -6.15827e-17    1.51397e-15    -0.170525    -2.52883e-16    3.20782e-16    4.95138e-18    -1.3354e-16    -3.81436e-17    -2.21509e-16    -6.08823e-16    
386    -1.86483e-17    0.170525    1.52461e-15    -1.82356e-16    -1.24157e-16    5.34895e-17    6.66446e-17    -1.81159e-17    -3.53423e-17    -5.57465e-17    
387    6.07153e-18    1.54106e-15    -0.170525    -3.01178e-16    2.67937e-16    -2.40755e-17    -1.44927e-17    2.56903e-16    -4.40398e-16    -8.90017e-16    
388    1.22298e-16    0.170525    1.57513e-15    -3.85349e-16    -2.6549e-16    -2.04919e-17    7.62372e-18    1.11291e-16    -3.67467e-17    -2.16481e-16    
389    -1.63931e-16    1.49518e-15    -0.170525    -1.60326e-16    2.37918e-16    -5.84405e-17    -1.08507e-16    -2.20379e-16    -4.62433e-16    -1.09991e-15    
390    -1.22949e-16    0.170525    1.52309e-15    -2.53785e-16    -1.37663e-16    6.57516e-17    6.23844e-17    -2.62819e-16    -2.65789e-16    -4.38585e-16    
391    2.55872e-16    -3.86062e-16    0.0256579    2.52924e-17    -1.50972e-16    1.98926e-16    9.34155e-17    2.74556e-16    1.70262e-15    3.73267e-15    
392    -6.5269e-17    -0.0256579    -1.73472e-16    -4.91779e-16    3.92152e-16    4.36362e-17    1.23978e-16    -2.00228e-16    1.34863e-16    1.5878e-16    
393    -1.21431e-17    -3.66912e-16    0.0256579    -1.31619e-16    -2.64319e-16    -8.76736e-18    9.49911e-17    1.47148e-16    1.67193e-15    3.43786e-15    
394    -1.79761e-16    -0.0256579    -2.08167e-16    -4.90225e-16    2.37507e-16    -1.14243e-16    -4.68587e-17    -3.16018e-16    -5.80209e-18    -5.05477e-18    
395    -9.04225e-17    -3.63807e-16    0.0256579    2.86323e-17    -1.36285e-16    -6.46024e-17    -2.68973e-16    -2.51079e-16    1.58332e-15    3.49457e-15    
396    -5.72459e-17    -0.0256579    -1.59595e-16    -4.94659e-16    1.86563e-16    1.23973e-16    -4.13674e-17    -5.5449e-16    2.0935e-16    7.82119e-17    
397    -8.05562e-17    -9.41094e-17    0.0165691    -6.04841e-17    -6.95541e-18    1.8341e-16    -1.28598e-16    -3.51363e-16    3.37405e-16    4.83933e-16    
398    -1.19045e-16    -0.0165691    -2.38091e-16    8.15201e-17    1.14608e-17    2.89883e-17    2.00124e-17    -4.19496e-17    -4.57601e-17    1.01122e-16    
399    5.97395e-17    -1.62021e-16    0.0165691    -4.06423e-17    -1.36594e-16    -9.27042e-17    1.37335e-16    4.51814e-16    4.6638e-16    7.68315e-16    
400    -4.38018e-17    -0.0165691    -9.02056e-17    -1.05423e-16    4.08804e-17    -4.77685e-17    -1.31872e-16    6.85906e-18    1.63816e-17    7.79552e-17    
401    -2.0177e-16    -2.20293e-16    0.0165691    5.13344e-17    1.34225e-16    -8.92282e-17    -2.30018e-17    -1.66384e-16    2.444e-16    7.27665e-16    
402    9.66024e-17    -0.0165691    -1.4138e-16    -7.56612e-19    6.61885e-17    -4.60462e-17    -3.00854e-17    8.13134e-17    9.40793e-17    -1.00551e-16    
403    -4.66207e-17    -0.129719    -1.249e-15    7.26446e-16    -1.23283e-16    9.57311e-17    1.55401e-16    2.56689e-16    7.66533e-17    -9.60022e-18    
404    2.44596e-16    -1.10669e-15    0.129719    2.00388e-16    -1.62295e-16    1.49868e-16    2.62272e-16    1.66413e-16    -1.17177e-15    -2.21391e-15    
405    4.42354e-17    -0.129719    -1.13798e-15    5.53932e-16    -1.16281e-16    6.59589e-17    -1.89193e-17    2.6854e-16    9.95356e-17    2.21325e-16    
406    1.73472e-18    -1.23032e-15    0.129719    2.15587e-16    -2.63903e-16    -2.27287e-16    4.10642e-18    -8.65604e-17    -1.19941e-15    -2.05454e-15    
407    -4.38018e-17    -0.129719    -1.06165e-15    7.02173e-16    9.14101e-17    1.85989e-16    -2.32426e-17    1.82984e-16    1.95711e-16    1.56811e-16    
408    -7.63278e-17    -1.14638e-15    0.129719    1.21824e-16    -7.55316e-17    -7.93917e-17    1.56044e-16    -3.79457e-16    -1.28912e-15    -2.42004e-15    
409    0.0283998    3.38112e-16    -2.77989e-16    0.229397    -7.88608e-16    -0.0728831    0.0879832    -0.234542    -0.161378    0.161458    
410    -0.0283998    6.75286e-16    -2.19443e-16    0.229397    -2.15665e-15    0.0397542    0.10711    0.234542    0.232513    0.0565998    
411    0.0283998    3.87204e-16    -4.11129e-16    0.229397    -8.19725e-16    0.112637    0.019127    -0.234542    -0.0711347    -0.218058    
412    -0.0283998    5.57968e-16    -6.13225e-16    0.229397    -1.12109e-15    0.0728831    -0.0879832    0.234542    -0.161378    0.161458    
413    0.0283998    3.32846e-16    -1.52656e-16    0.229397    -4.73051e-16    -0.0397542    -0.10711    -0.234542    0.232513    0.0565998    
414    -0.0283998    7.08046e-16    -2.2855e-16    0.229397    -1.26282e-15    -0.112637    -0.019127    0.234542    -0.0711347    -0.218058    
415    6.41848e-17    0.170525    1.46411e-15    -5.54603e-16    -2.58023e-17    3.27373e-17    2.61733e-18    -8.73714e-18    1.71989e-16    2.40792e-16    
416    -4.51028e-17    1.46423e-15    -0.170525    -1.04592e-16    2.99223e-16    7.19265e-17    1.07414e-16    1.7583e-16    4.63404e-16    7.56396e-16    
417    -2.22045e-16    0.170525    1.41553e-15    -6.12357e-16    -2.29851e-17    -1.17915e-17    1.80194e-16    -8.98804e-17    -1.81439e-17    -2.29688e-16    
418    1.08112e-17    1.48753e-15    -0.170525    -2.96214e-16    2.63204e-16    2.73844e-17    -6.10124e-17    -2.06984e-16    4.3185e-16    5.86481e-16    
419    -8.0705e-17    0.170525    1.58488e-15    -5.24276e-16    -4.61361e-17    -6.55964e-18    -1.50472e-16    -1.5974e-16    -1.23582e-16    8.32233e-17    
420    -8.84696e-17    1.38171e-15    -0.170525    -1.84191e-16    2.86052e-16    1.0144e-17    -1.9832e-16    8.59531e-17    3.48253e-16    1.07824e-15    
421    -9.88316e-17    9.02056e-16    -0.104061    -2.09308e-16    -1.27253e-19    9.40951e-17    -1.50414e-16    -1.53385e-16    9.2644e-16    1.27782e-15    
422    7.06795e-17    0.104061    9.00285e-16    -4.43206e-16    3.20663e-17    9.79895e-17    -6.64277e-17    -2.0359e-16    -8.66906e-17    1.68287e-16    
423    -5.42959e-18    9.4369e-16    -0.104061    -7.51701e-18    2.43325e-16    9.38477e-17    -1.39426e-17    -1.19242e-16    8.95275e-16    1.52026e-15    
424    -7.26258e-17    0.104061    8.28702e-16    -5.15938e-16    -3.5787e-18    -5.93949e-17    -7.22704e-17    -3.03457e-16    8.72248e-19    2.08658e-18    
425    9.38203e-17    9.99201e-16    -0.104061    -1.11558e-16    -2.77489e-18    -1.58518e-17    -1.06472e-16    1.42216e-16    1.00972e-15    1.82477e-15    
426    7.1675e-17    0.104061    8.19734e-16    -9.28176e-16    4.02278e-16    5.69125e-27    -1.45204e-16    -1.322e-16    0    1.485e-16    
#Execution time: 16.3588 s
