#Fermion code
#Is hermitian: 1
1   1 1000
2   2 1000
3   3 1000
4   4 1000
5   5 1000
6   6 1000

7   1 1100
8   2 1100
9   3 1100
10   4 1100
11   5 1100
12   6 1100

13   1 2100
14   2 2100
15   3 2100
16   4 2100
17   5 2100
18   6 2100

19   1 1200
20   2 1200
21   3 1200
22   4 1200
23   5 1200
24   6 1200

25   1 1010
26   2 1010
27   3 1010
28   4 1010
29   5 1010
30   6 1010

31   1 2010
32   2 2010
33   3 2010
34   4 2010
35   5 2010
36   6 2010

37   1 1110
38   2 1110
39   3 1110
40   4 1110
41   5 1110
42   6 1110

43   1 2110
44   2 2110
45   3 2110
46   4 2110
47   5 2110
48   6 2110

49   1 3110
50   2 3110
51   3 3110
52   4 3110
53   5 3110
54   6 3110

55   1 1210
56   2 1210
57   3 1210
58   4 1210
59   5 1210
60   6 1210

61   1 2210
62   2 2210
63   3 2210
64   4 2210
65   5 2210
66   6 2210

67   1 1310
68   2 1310
69   3 1310
70   4 1310
71   5 1310
72   6 1310

73   1 3310
74   2 3310
75   3 3310
76   4 3310
77   5 3310
78   6 3310

79   1 1020
80   2 1020
81   3 1020
82   4 1020
83   5 1020
84   6 1020

85   1 1120
86   2 1120
87   3 1120
88   4 1120
89   5 1120
90   6 1120

91   1 2120
92   2 2120
93   3 2120
94   4 2120
95   5 2120
96   6 2120

97   1 1220
98   2 1220
99   3 1220
100   4 1220
101   5 1220
102   6 1220

103   1 1001
104   2 1001
105   3 1001
106   4 1001
107   5 1001
108   6 1001

109   1 2001
110   2 2001
111   3 2001
112   4 2001
113   5 2001
114   6 2001

115   1 1101
116   2 1101
117   3 1101
118   4 1101
119   5 1101
120   6 1101

121   1 2101
122   2 2101
123   3 2101
124   4 2101
125   5 2101
126   6 2101

127   1 3101
128   2 3101
129   3 3101
130   4 3101
131   5 3101
132   6 3101

133   1 1201
134   2 1201
135   3 1201
136   4 1201
137   5 1201
138   6 1201

139   1 2201
140   2 2201
141   3 2201
142   4 2201
143   5 2201
144   6 2201

145   1 1301
146   2 1301
147   3 1301
148   4 1301
149   5 1301
150   6 1301

151   1 3301
152   2 3301
153   3 3301
154   4 3301
155   5 3301
156   6 3301

157   1 1011
158   2 1011
159   3 1011
160   4 1011
161   5 1011
162   6 1011

163   1 2011
164   2 2011
165   3 2011
166   4 2011
167   5 2011
168   6 2011

169   1 3011
170   2 3011
171   3 3011
172   4 3011
173   5 3011
174   6 3011

175   1 1111
176   2 1111
177   3 1111
178   4 1111
179   5 1111
180   6 1111

181   1 2111
182   2 2111
183   3 2111
184   4 2111
185   5 2111
186   6 2111

187   1 3111
188   2 3111
189   3 3111
190   4 3111
191   5 3111
192   6 3111

193   1 1211
194   2 1211
195   3 1211
196   4 1211
197   5 1211
198   6 1211

199   1 2211
200   2 2211
201   3 2211
202   4 2211
203   5 2211
204   6 2211

205   1 3211
206   2 3211
207   3 3211
208   4 3211
209   5 3211
210   6 3211

211   1 1311
212   2 1311
213   3 1311
214   4 1311
215   5 1311
216   6 1311

217   1 2311
218   2 2311
219   3 2311
220   4 2311
221   5 2311
222   6 2311

223   1 1021
224   2 1021
225   3 1021
226   4 1021
227   5 1021
228   6 1021

229   1 2021
230   2 2021
231   3 2021
232   4 2021
233   5 2021
234   6 2021

235   1 1121
236   2 1121
237   3 1121
238   4 1121
239   5 1121
240   6 1121

241   1 2121
242   2 2121
243   3 2121
244   4 2121
245   5 2121
246   6 2121

247   1 3121
248   2 3121
249   3 3121
250   4 3121
251   5 3121
252   6 3121

253   1 1221
254   2 1221
255   3 1221
256   4 1221
257   5 1221
258   6 1221

259   1 2221
260   2 2221
261   3 2221
262   4 2221
263   5 2221
264   6 2221

265   1 1321
266   2 1321
267   3 1321
268   4 1321
269   5 1321
270   6 1321

271   1 3321
272   2 3321
273   3 3321
274   4 3321
275   5 3321
276   6 3321

277   1 1031
278   2 1031
279   3 1031
280   4 1031
281   5 1031
282   6 1031

283   1 3031
284   2 3031
285   3 3031
286   4 3031
287   5 3031
288   6 3031

289   1 1131
290   2 1131
291   3 1131
292   4 1131
293   5 1131
294   6 1131

295   1 2131
296   2 2131
297   3 2131
298   4 2131
299   5 2131
300   6 2131

301   1 1231
302   2 1231
303   3 1231
304   4 1231
305   5 1231
306   6 1231

307   1 3231
308   2 3231
309   3 3231
310   4 3231
311   5 3231
312   6 3231

313   1 2331
314   2 2331
315   3 2331
316   4 2331
317   5 2331
318   6 2331

319   1 3331
320   2 3331
321   3 3331
322   4 3331
323   5 3331
324   6 3331

325   1 1002
326   2 1002
327   3 1002
328   4 1002
329   5 1002
330   6 1002

331   1 1102
332   2 1102
333   3 1102
334   4 1102
335   5 1102
336   6 1102

337   1 2102
338   2 2102
339   3 2102
340   4 2102
341   5 2102
342   6 2102

343   1 1202
344   2 1202
345   3 1202
346   4 1202
347   5 1202
348   6 1202

349   1 1012
350   2 1012
351   3 1012
352   4 1012
353   5 1012
354   6 1012

355   1 2012
356   2 2012
357   3 2012
358   4 2012
359   5 2012
360   6 2012

361   1 1112
362   2 1112
363   3 1112
364   4 1112
365   5 1112
366   6 1112

367   1 2112
368   2 2112
369   3 2112
370   4 2112
371   5 2112
372   6 2112

373   1 3112
374   2 3112
375   3 3112
376   4 3112
377   5 3112
378   6 3112

379   1 1212
380   2 1212
381   3 1212
382   4 1212
383   5 1212
384   6 1212

385   1 2212
386   2 2212
387   3 2212
388   4 2212
389   5 2212
390   6 2212

391   1 1312
392   2 1312
393   3 1312
394   4 1312
395   5 1312
396   6 1312

397   1 3312
398   2 3312
399   3 3312
400   4 3312
401   5 3312
402   6 3312

403   1 1022
404   2 1022
405   3 1022
406   4 1022
407   5 1022
408   6 1022

409   1 1122
410   2 1122
411   3 1122
412   4 1122
413   5 1122
414   6 1122

415   1 2122
416   2 2122
417   3 2122
418   4 2122
419   5 2122
420   6 2122

421   1 1222
422   2 1222
423   3 1222
424   4 1222
425   5 1222
426   6 1222

#426 operators generated.
#Correlation matrix eigenvalues: 
  -2.4228e-16
  -2.1765e-16
  -2.1332e-16
  -2.0897e-16
  -1.9895e-16
  -1.8814e-16
  -1.8549e-16
  -1.6937e-16
  -1.5898e-16
  -1.5097e-16
  -1.5080e-16
  -1.4883e-16
  -1.4617e-16
  -1.3579e-16
  -1.3547e-16
  -1.3143e-16
  -1.2558e-16
  -1.2229e-16
  -1.1743e-16
  -1.1559e-16
  -1.1335e-16
  -1.1264e-16
  -1.0995e-16
  -1.0847e-16
  -1.0706e-16
  -1.0065e-16
  -9.7812e-17
  -9.6869e-17
  -9.5009e-17
  -9.3713e-17
  -8.9224e-17
  -8.5378e-17
  -8.2998e-17
  -7.9595e-17
  -7.5329e-17
  -7.5304e-17
  -7.4831e-17
  -7.4442e-17
  -7.4043e-17
  -7.1993e-17
  -6.9292e-17
  -6.8891e-17
  -6.2915e-17
  -6.1134e-17
  -6.0341e-17
  -5.9568e-17
  -5.8124e-17
  -5.7362e-17
  -5.5595e-17
  -5.5319e-17
  -5.5270e-17
  -5.2911e-17
  -5.2037e-17
  -4.8497e-17
  -4.7137e-17
  -4.6995e-17
  -4.5884e-17
  -4.4794e-17
  -4.4327e-17
  -4.3989e-17
  -4.2730e-17
  -4.2689e-17
  -4.2018e-17
  -4.1173e-17
  -4.0011e-17
  -3.9898e-17
  -3.9456e-17
  -3.9270e-17
  -3.9227e-17
  -3.8128e-17
  -3.7847e-17
  -3.7789e-17
  -3.6659e-17
  -3.5938e-17
  -3.5153e-17
  -3.5109e-17
  -3.4548e-17
  -3.3744e-17
  -3.3626e-17
  -3.3447e-17
  -3.3023e-17
  -3.2369e-17
  -3.2194e-17
  -3.1276e-17
  -3.0382e-17
  -3.0059e-17
  -2.9035e-17
  -2.8758e-17
  -2.8395e-17
  -2.7979e-17
  -2.7210e-17
  -2.6652e-17
  -2.5509e-17
  -2.5301e-17
  -2.5268e-17
  -2.5074e-17
  -2.4887e-17
  -2.4748e-17
  -2.4500e-17
  -2.3959e-17
  -2.3372e-17
  -2.3233e-17
  -2.3078e-17
  -2.2458e-17
  -2.1957e-17
  -2.1591e-17
  -2.0705e-17
  -2.0193e-17
  -1.9980e-17
  -1.9545e-17
  -1.9400e-17
  -1.9149e-17
  -1.8783e-17
  -1.8783e-17
  -1.8752e-17
  -1.8520e-17
  -1.8269e-17
  -1.7463e-17
  -1.6949e-17
  -1.6482e-17
  -1.6409e-17
  -1.6321e-17
  -1.5485e-17
  -1.4739e-17
  -1.4700e-17
  -1.4397e-17
  -1.4379e-17
  -1.4308e-17
  -1.3086e-17
  -1.2976e-17
  -1.2924e-17
  -1.2303e-17
  -1.1192e-17
  -1.0986e-17
  -1.0985e-17
  -1.0685e-17
  -1.0405e-17
  -9.6663e-18
  -9.4796e-18
  -9.4787e-18
  -9.2595e-18
  -9.2131e-18
  -9.0917e-18
  -9.0658e-18
  -8.9849e-18
  -8.7361e-18
  -8.5054e-18
  -8.1473e-18
  -7.8804e-18
  -7.7408e-18
  -7.5636e-18
  -7.5499e-18
  -7.2739e-18
  -7.2725e-18
  -7.1707e-18
  -6.7010e-18
  -6.4891e-18
  -6.2031e-18
  -6.0481e-18
  -5.6358e-18
  -5.5722e-18
  -5.3490e-18
  -5.2635e-18
  -5.1157e-18
  -5.0011e-18
  -4.8180e-18
  -4.7223e-18
  -4.6706e-18
  -4.3017e-18
  -4.1946e-18
  -4.0406e-18
  -4.0087e-18
  -3.8937e-18
  -3.8551e-18
  -3.5247e-18
  -2.8523e-18
  -2.8048e-18
  -2.6138e-18
  -2.4721e-18
  -2.3704e-18
  -2.3478e-18
  -1.8934e-18
  -1.8422e-18
  -1.6731e-18
  -1.6217e-18
  -1.4343e-18
  -1.3784e-18
  -1.3447e-18
  -1.2728e-18
  -9.4537e-19
  -7.1641e-19
  -6.0905e-19
  -5.7378e-19
  -2.3061e-19
  -1.5784e-19
  -1.2519e-33
   2.4757e-19
   2.9320e-19
   5.5044e-19
   7.1721e-19
   8.0359e-19
   9.4342e-19
   1.0325e-18
   1.1528e-18
   1.2999e-18
   1.4449e-18
   1.5100e-18
   1.7820e-18
   1.9325e-18
   2.0805e-18
   2.2307e-18
   2.4451e-18
   2.4561e-18
   2.7156e-18
   2.7909e-18
   2.9685e-18
   3.1219e-18
   3.1731e-18
   3.5709e-18
   3.6225e-18
   3.7583e-18
   4.0859e-18
   4.3814e-18
   4.6960e-18
   4.7111e-18
   4.9934e-18
   5.0510e-18
   5.1119e-18
   5.1451e-18
   5.3803e-18
   5.5437e-18
   5.5857e-18
   5.9492e-18
   6.1534e-18
   6.3527e-18
   6.4657e-18
   6.6564e-18
   6.9047e-18
   7.2175e-18
   7.2380e-18
   7.2771e-18
   7.3673e-18
   7.8051e-18
   8.2135e-18
   8.7602e-18
   8.8313e-18
   8.8354e-18
   9.1917e-18
   9.3232e-18
   9.4266e-18
   9.5493e-18
   1.0330e-17
   1.0346e-17
   1.0513e-17
   1.0608e-17
   1.1615e-17
   1.1669e-17
   1.1716e-17
   1.1909e-17
   1.2053e-17
   1.2238e-17
   1.2402e-17
   1.2465e-17
   1.2790e-17
   1.3838e-17
   1.3858e-17
   1.4428e-17
   1.4452e-17
   1.5493e-17
   1.5839e-17
   1.6280e-17
   1.6619e-17
   1.6734e-17
   1.7684e-17
   1.8974e-17
   1.9050e-17
   1.9107e-17
   1.9386e-17
   1.9706e-17
   2.0019e-17
   2.0131e-17
   2.0985e-17
   2.1606e-17
   2.2559e-17
   2.2677e-17
   2.2678e-17
   2.4096e-17
   2.4519e-17
   2.5051e-17
   2.5389e-17
   2.5821e-17
   2.5914e-17
   2.6683e-17
   2.7354e-17
   2.7374e-17
   2.8163e-17
   2.9201e-17
   2.9238e-17
   2.9376e-17
   3.0043e-17
   3.0820e-17
   3.1702e-17
   3.2982e-17
   3.3409e-17
   3.4397e-17
   3.4466e-17
   3.5780e-17
   3.6880e-17
   3.7079e-17
   3.8571e-17
   3.9763e-17
   4.0044e-17
   4.0667e-17
   4.3018e-17
   4.3965e-17
   4.4241e-17
   4.4575e-17
   4.6871e-17
   4.7279e-17
   4.8338e-17
   4.8460e-17
   5.1303e-17
   5.2888e-17
   5.3140e-17
   5.3284e-17
   5.4523e-17
   6.0743e-17
   6.1030e-17
   6.1879e-17
   6.3361e-17
   6.5484e-17
   6.5777e-17
   6.7326e-17
   6.9084e-17
   7.6020e-17
   7.7304e-17
   7.7739e-17
   8.0489e-17
   8.0714e-17
   8.1205e-17
   8.4197e-17
   8.8772e-17
   9.1422e-17
   1.0390e-16
   1.0623e-16
   1.0699e-16
   1.1269e-16
   1.1769e-16
   1.2419e-16
   1.3406e-16
   1.3846e-16
   1.4131e-16
   1.4231e-16
   1.6193e-16
   1.7748e-16
   1.8156e-16
   1.8660e-16
   1.9023e-16
   2.0218e-16
   2.0903e-16
   3.1308e-16
   5.3658e-02
   5.3658e-02
   5.3658e-02
   5.3658e-02
   6.4226e-02
   7.2154e-02
   9.3167e-02
   9.3167e-02
   1.2001e-01
   1.5926e-01
   1.5926e-01
   2.1668e-01
   2.1668e-01
   2.2871e-01
   2.2871e-01
   2.3133e-01
   2.3133e-01
   2.3133e-01
   2.3133e-01
   2.5000e-01
   2.5000e-01
   2.5000e-01
   2.5000e-01
   2.5373e-01
   2.5373e-01
   2.5373e-01
   2.5373e-01
   2.5884e-01
   2.5884e-01
   2.5884e-01
   2.5884e-01
   2.7273e-01
   2.7273e-01
   3.0357e-01
   3.0872e-01
   3.0872e-01
   3.3333e-01
   3.3333e-01
   3.5290e-01
   3.5290e-01
   3.5373e-01
   3.6196e-01
   3.6196e-01
   3.8795e-01
   3.8795e-01
   3.8795e-01
   3.8795e-01
   4.0224e-01
   4.0224e-01
   4.1215e-01
   4.3619e-01
   4.3619e-01
   4.4052e-01
   4.5833e-01
   4.9151e-01
   5.0000e-01
   5.0000e-01
   5.1159e-01
   5.6974e-01
   5.6974e-01
   7.2075e-01
   7.2075e-01
   7.2075e-01
   7.2075e-01
   8.8962e-01

#Eigenvector: 
1    -1.23599e-17    0.105487    -0.173173    -0.0462648    0.0685362    1.94614e-16    1.66071e-16    -1.18449e-16    -7.24247e-17    2.13547e-18    
2    1.249e-16    -0.183963    -0.0919731    -0.0751844    -3.06125e-16    1.79544e-16    1.70652e-16    -1.95156e-17    9.19403e-17    1.0454e-17    
3    3.90746e-16    -0.0226396    0.0371664    0.00992936    -0.214386    -5.0307e-17    -2.12558e-16    -2.55872e-17    -8.06646e-17    -3.12497e-18    
4    -1.87567e-16    0.128477    0.11445    -0.135458    -5.4858e-16    -2.46331e-16    -4.33524e-16    2.17274e-16    -9.54098e-18    5.18512e-18    
5    -1.38344e-16    -0.0828473    0.136007    0.0363354    0.14585    -2.10769e-16    9.81885e-17    -1.55691e-16    1.32706e-16    3.36835e-18    
6    -2.52836e-16    0.0554853    -0.0224767    0.210642    8.82153e-16    2.60209e-17    2.56991e-16    3.30465e-16    -6.07153e-17    -5.90296e-18    
7    -0.00429803    4.71845e-16    4.94396e-16    -7.28584e-17    2.22389e-16    0.216777    0.172279    0.200764    -3.06352e-15    -2.45243e-15    
8    0.00429803    -7.69133e-16    3.92048e-16    -1.59595e-16    -5.00831e-16    -0.0408096    0.273874    -0.200764    3.56659e-15    2.71225e-15    
9    -0.00429803    3.83808e-16    1.38778e-17    3.27592e-16    -2.90973e-16    -0.257587    0.101595    0.200764    -3.40006e-15    -2.22961e-15    
10    0.00429803    -2.11636e-16    -1.09981e-15    -4.23273e-16    -1.01472e-16    -0.216777    -0.172279    -0.200764    3.81639e-15    2.55823e-15    
11    -0.00429803    3.63425e-16    4.66641e-16    6.83481e-16    2.5976e-16    0.0408096    -0.273874    0.200764    -3.73659e-15    -2.84705e-15    
12    0.00429803    -2.97505e-16    -3.19189e-16    -5.37602e-16    2.47172e-16    0.257587    -0.101595    -0.200764    2.98372e-15    2.3482e-15    
13    2.93873e-16    0.0828473    -0.136007    -0.0363354    -0.14585    2.83356e-16    6.47062e-17    -1.73039e-16    3.29597e-17    -4.23826e-18    
14    -2.6628e-16    -0.0554853    0.0224767    -0.210642    -8.42127e-16    -1.78677e-16    -2.2862e-16    3.72098e-16    3.29597e-17    2.09898e-17    
15    5.32126e-16    -0.105487    0.173173    0.0462648    -0.0685362    2.08167e-17    -5.41787e-16    -8.67362e-16    2.02963e-16    6.91588e-19    
16    -5.3874e-16    0.183963    0.0919731    0.0751844    2.94646e-16    1.86483e-17    3.10307e-16    5.06973e-16    1.64799e-17    -9.71088e-18    
17    -4.23273e-16    0.0226396    -0.0371664    -0.00992936    0.214386    -2.7929e-16    8.81871e-17    2.26381e-16    -1.59595e-16    2.71252e-17    
18    1.20563e-16    -0.128477    -0.11445    0.135458    5.44303e-16    3.39138e-16    2.55382e-16    -1.62197e-16    2.14238e-16    -1.63243e-17    
19    -3.19189e-16    -0.128477    -0.11445    0.135458    5.94336e-16    1.05818e-16    3.36198e-16    5.60316e-16    -1.89085e-16    -1.05261e-17    
20    2.78423e-16    0.0828473    -0.136007    -0.0363354    -0.14585    -1.76942e-16    -3.6956e-17    -2.0383e-17    -2.47198e-16    -1.80735e-17    
21    1.60028e-16    -0.0554853    0.0224767    -0.210642    -9.02606e-16    2.01228e-16    -3.35696e-16    3.55618e-17    1.89085e-16    1.45624e-17    
22    3.42608e-17    -0.105487    0.173173    0.0462648    -0.0685362    -4.87457e-16    -6.45295e-17    4.37801e-16    -6.33174e-17    -2.00222e-17    
23    -2.46656e-16    0.183963    0.0919731    0.0751844    2.83501e-16    -1.4138e-16    -4.0133e-16    5.04805e-16    -5.72459e-17    -2.08975e-18    
24    2.46764e-16    0.0226396    -0.0371664    -0.00992936    0.214386    3.05311e-16    4.01028e-16    -8.41558e-16    3.17454e-16    5.48154e-18    
25    9.88792e-17    -7.04731e-18    8.84709e-17    4.16334e-17    -2.13925e-16    -1.52656e-16    1.88231e-16    2.06432e-16    -6.245e-17    3.90503e-16    
26    -3.98986e-17    1.55258e-16    -1.92554e-16    -2.2031e-16    2.81259e-16    1.11022e-16    -5.00698e-17    4.51028e-17    3.46945e-17    -3.2961e-16    
27    -6.59195e-17    -3.30465e-16    5.29091e-17    1.17961e-16    -4.02553e-16    -2.22045e-16    6.86978e-17    -1.00614e-16    5.55112e-17    3.30108e-16    
28    2.77556e-17    1.50921e-16    3.20924e-17    -1.43982e-16    1.19761e-16    4.23273e-16    -2.29105e-17    1.43982e-16    1.35308e-16    -3.99585e-16    
29    1.73472e-16    3.57787e-17    1.32706e-16    -9.36751e-17    -1.82396e-16    -4.23273e-16    8.79356e-17    8.67362e-18    -1.47451e-16    5.05261e-16    
30    -2.2031e-16    -8.03394e-17    -1.2837e-16    1.05818e-16    1.99544e-16    2.498e-16    -1.15813e-16    -2.25514e-17    1.94289e-16    -4.3069e-16    
31    3.64292e-16    -0.0193781    0.033157    -0.168293    -6.87644e-16    -3.24393e-16    -4.36158e-16    3.1225e-17    -3.26128e-16    3.74585e-17    
32    -1.40621e-16    -0.0865605    0.142102    0.037964    -0.0258887    3.51065e-16    -5.10276e-16    -2.43566e-16    2.75658e-16    -6.92364e-18    
33    1.04083e-17    0.137429    0.0610754    0.0847371    3.7032e-16    -5.53377e-16    2.7952e-16    -2.35489e-16    -7.02563e-17    -1.02145e-17    
34    -7.50268e-17    0.0319089    -0.0523834    -0.0139947    0.160746    -2.57606e-16    8.88093e-17    1.17175e-16    -3.8088e-16    1.73808e-17    
35    1.30755e-16    -0.118051    -0.0942325    0.0835556    4.3268e-16    4.72712e-16    5.67991e-16    -5.56846e-16    4.33681e-16    -3.66477e-18    
36    -2.38524e-16    0.0546516    -0.0897191    -0.0239693    -0.134857    1.09288e-16    2.63552e-16    5.12611e-16    8.06646e-17    1.11634e-18    
37    1.30104e-17    -1.14492e-16    -6.07153e-17    -1.17094e-16    -2.65687e-16    -1.73472e-17    1.30001e-16    3.49113e-17    -7.37257e-18    -8.56332e-17    
38    -1.30104e-18    -2.51535e-17    1.01481e-16    1.30538e-16    1.45473e-16    2.1684e-17    1.6778e-16    4.98733e-18    2.81893e-17    7.58475e-17    
39    1.30104e-17    -9.06393e-17    -1.04083e-17    -2.71051e-17    1.18276e-16    -9.97466e-17    -9.16737e-17    3.25261e-17    2.79724e-17    -7.22646e-17    
40    -4.42354e-17    -9.28077e-17    -9.88792e-17    -2.47632e-16    -2.95104e-16    -1.52656e-16    -2.86695e-16    1.00614e-16    -7.80626e-18    5.94052e-17    
41    -2.34188e-17    1.2837e-16    5.72459e-17    9.19403e-17    -9.06e-17    -4.33681e-17    7.685e-17    -1.29996e-16    1.03216e-16    2.93773e-17    
42    -7.67615e-17    2.02095e-16    5.81132e-17    6.245e-17    1.55854e-16    6.50521e-17    1.34255e-16    -1.00289e-16    -7.28584e-17    -2.20059e-17    
43    1.83881e-16    3.33284e-16    -4.33681e-17    1.23165e-16    3.85702e-16    3.33067e-16    4.70408e-17    2.62811e-16    -1.64799e-16    2.87581e-17    
44    -1.37043e-16    -7.7412e-17    -6.59195e-17    -2.60209e-17    -3.31192e-17    -3.60822e-16    1.58017e-16    -3.17454e-16    1.45717e-16    -1.32155e-17    
45    -3.46945e-18    -2.68015e-16    -5.10876e-16    -5.0307e-17    -3.9285e-16    4.3715e-16    -2.88786e-16    -6.93889e-18    1.04083e-16    -9.60237e-17    
46    1.38778e-17    4.51028e-17    1.8258e-16    -4.16334e-16    1.46922e-18    -4.05925e-16    2.77386e-16    6.07153e-17    7.80626e-17    2.40541e-17    
47    -6.07153e-17    -3.98986e-17    8.97719e-17    -1.56125e-17    -2.45424e-16    9.71445e-17    -7.05511e-17    -1.73472e-18    -1.16226e-16    3.8326e-17    
48    -4.33681e-17    -9.67108e-17    4.17201e-16    2.75821e-16    4.88444e-17    -2.01228e-16    5.13641e-17    2.34188e-17    1.63064e-16    -8.68499e-17    
49    -1.66696e-16    -0.000215513    0.000353797    9.45203e-05    0.000379404    3.10082e-16    -1.64308e-16    -4.42951e-16    7.1991e-17    -6.25908e-18    
50    1.34441e-16    0.000144335    -5.84691e-05    0.000547949    -9.02095e-18    -1.18612e-16    1.81172e-16    -2.87314e-17    1.15359e-16    -2.08135e-18    
51    -9.88792e-17    0.000274406    -0.000450479    -0.00012035    0.000178285    -4.49727e-16    2.68993e-16    6.16464e-16    -1.4035e-16    5.45437e-19    
52    -2.69966e-17    -0.000478547    -0.000239252    -0.000195579    3.71303e-17    -1.28912e-16    -2.36023e-16    -2.2031e-16    3.17671e-17    -4.23179e-18    
53    2.11419e-17    -5.8893e-05    9.66819e-05    2.58295e-05    -0.000557689    2.29851e-16    -3.22246e-17    -4.10371e-17    1.98626e-16    4.53437e-18    
54    -2.71593e-17    0.000334211    0.000297721    -0.00035237    -3.07186e-18    -2.76038e-16    1.55958e-16    9.31059e-17    -6.13658e-17    2.27991e-18    
55    9.54098e-17    -1.00614e-16    -5.71212e-16    4.64906e-16    3.77999e-16    -0.0178176    -0.0451753    -9.55399e-16    4.02456e-16    3.70808e-16    
56    -2.11636e-16    -4.16334e-17    -6.07153e-17    1.30104e-16    -1.37987e-17    0.0302142    -0.0380182    4.68375e-16    6.8695e-16    3.34289e-16    
57    5.94143e-17    1.48536e-16    -3.68629e-16    -5.68122e-16    -9.09594e-17    0.0480318    0.00715714    5.70724e-16    1.09461e-15    1.93969e-16    
58    2.25514e-16    -1.56992e-16    7.45443e-16    -3.59955e-16    -2.78852e-16    0.0178176    0.0451753    2.65846e-16    7.28584e-17    -3.92208e-16    
59    -1.04083e-16    -2.0383e-16    6.89553e-16    1.52656e-16    -2.51437e-16    -0.0302142    0.0380182    -2.86229e-16    -1.27329e-15    -4.00056e-16    
60    8.06646e-17    2.41777e-16    -4.38885e-16    5.72459e-17    6.98226e-17    -0.0480318    -0.00715714    -2.55004e-16    -8.39606e-16    -1.3068e-17    
61    -6.00106e-17    -0.0319089    0.0523834    0.0139947    -0.160746    1.49403e-16    1.91999e-16    4.41053e-16    1.27068e-16    2.34072e-18    
62    1.20563e-16    0.118051    0.0942325    -0.0835556    -4.05137e-16    -6.4445e-16    -5.28847e-16    -1.21431e-17    -1.49186e-16    2.03205e-17    
63    -1.73472e-17    -0.0546516    0.0897191    0.0239693    0.134857    -1.38778e-16    -1.93718e-16    -1.62847e-16    -7.11237e-17    9.71859e-18    
64    1.22298e-16    0.0193781    -0.033157    0.168293    7.23058e-16    5.55112e-17    4.54856e-16    -1.23165e-16    4.51028e-17    -4.23866e-18    
65    -2.66714e-17    0.0865605    -0.142102    -0.037964    0.0258887    -1.13624e-16    2.45117e-16    4.96565e-17    -2.49692e-16    1.05087e-17    
66    1.55041e-16    -0.137429    -0.0610754    -0.0847371    -2.90775e-16    4.63171e-16    -2.73043e-16    -4.16334e-17    1.21431e-16    1.15871e-17    
67    -2.25731e-16    0.0191418    -0.0314243    -0.00839529    0.042268    2.22478e-16    -7.56055e-17    2.90566e-17    1.81279e-16    7.72067e-18    
68    2.20744e-16    -0.0466779    -0.0308391    0.00900472    4.04926e-17    -1.5645e-16    3.23871e-16    -3.58762e-16    8.51099e-17    1.34667e-17    
69    1.41488e-16    0.0089949    -0.0147665    -0.00394502    -0.0538186    -2.20093e-16    -1.98102e-16    3.32416e-16    -4.46908e-16    -8.11657e-18    
70    8.30499e-17    0.0109049    0.0204565    -0.0517067    -1.52986e-16    4.80518e-16    1.13749e-16    -3.13551e-16    2.97505e-16    1.28047e-17    
71    -7.73036e-17    -0.0281367    0.0461908    0.0123403    0.0115506    9.06393e-17    3.97452e-16    -5.77067e-17    1.97406e-16    -7.1241e-18    
72    -1.76291e-16    0.035773    0.0103826    0.0427019    2.2331e-16    4.42354e-17    -3.4486e-16    6.64833e-16    -4.82687e-16    3.93311e-18    
73    5.09575e-18    -0.000215513    0.000353797    9.45203e-05    0.000379404    4.34115e-16    3.18091e-17    -2.57173e-16    7.48099e-17    -4.24044e-18    
74    -1.5439e-16    0.000144335    -5.84691e-05    0.000547949    3.16045e-17    -3.33934e-17    2.48696e-16    1.91145e-16    -2.21177e-17    -1.26629e-17    
75    2.74086e-16    0.000274406    -0.000450479    -0.00012035    0.000178285    -1.16226e-16    -6.38316e-17    -1.17311e-16    -1.17528e-16    1.6217e-18    
76    -5.22585e-17    -0.000478547    -0.000239252    -0.000195579    4.34857e-18    -2.92735e-18    1.99826e-16    -1.26743e-16    6.3209e-17    -8.06567e-18    
77    -3.96926e-16    -5.8893e-05    9.66819e-05    2.58295e-05    -0.000557689    -1.04517e-16    2.77128e-16    7.23054e-16    2.08167e-17    -1.90156e-17    
78    3.74158e-16    0.000334211    0.000297721    -0.00035237    5.14524e-18    7.89299e-17    -2.05269e-16    -1.17141e-16    -1.19601e-18    9.97259e-18    
79    1.39645e-16    -0.0816551    -0.0836691    0.127001    5.64452e-16    5.04805e-16    3.23805e-16    -8.67362e-19    6.67869e-17    -1.88337e-17    
80    -1.58294e-16    0.0741268    -0.12169    -0.0325108    -0.0918533    1.73472e-17    2.9393e-16    5.80265e-16    1.21431e-17    1.69108e-17    
81    1.86049e-16    -0.0668687    0.00178089    -0.159131    -7.19753e-16    -4.35416e-16    -6.36893e-16    -5.89806e-17    -4.05925e-16    1.57524e-17    
82    -8.67362e-19    -0.077409    0.127079    0.0339503    -0.0806444    -1.82146e-17    -1.96272e-16    1.15793e-16    1.94289e-16    -1.21172e-17    
83    1.77375e-16    0.148524    0.0818882    0.0321301    1.59615e-16    -1.87025e-16    2.7256e-16    -5.18465e-16    1.86483e-16    -2.32878e-17    
84    -1.35308e-16    0.00328226    -0.00538834    -0.00143955    0.172498    1.37043e-16    3.33211e-16    -2.94036e-16    -9.97466e-18    6.83868e-18    
85    1.21431e-17    -2.56739e-16    -5.0307e-16    2.25514e-16    5.12466e-18    4.02456e-16    -1.63325e-17    2.70617e-16    -8.1532e-17    -6.13901e-19    
86    1.249e-16    -2.60209e-18    -5.89806e-17    -4.16334e-16    -1.87768e-16    -3.95517e-16    1.21758e-16    -3.81639e-17    -1.9082e-17    9.30899e-18    
87    -6.245e-17    -5.9848e-17    1.77809e-17    -1.09288e-16    -1.53387e-16    3.71231e-16    -7.61957e-17    2.60209e-16    -1.89085e-16    1.04246e-16    
88    2.42861e-17    -1.35308e-16    3.04444e-16    -2.25514e-17    -3.96646e-16    -2.04697e-16    3.62515e-16    2.77556e-17    1.85615e-16    1.20294e-17    
89    1.09288e-16    3.51932e-16    2.50668e-16    1.11022e-16    5.92745e-16    3.7817e-16    -1.11038e-16    -1.19696e-16    -1.38778e-16    7.12588e-17    
90    -6.76542e-17    1.27936e-17    -8.32667e-17    1.2837e-16    -4.45175e-17    -2.84495e-16    6.0141e-17    -2.09034e-16    1.07553e-16    -6.43898e-17    
91    3.2892e-16    -0.183963    -0.0919731    -0.0751844    -3.19119e-16    5.63785e-18    -1.30819e-17    -1.70003e-16    9.45424e-17    -6.72984e-18    
92    1.89952e-16    -0.0226396    0.0371664    0.00992936    -0.214386    -2.81893e-16    -2.68132e-16    4.74447e-16    -2.78423e-16    -1.072e-17    
93    -8.84709e-17    0.128477    0.11445    -0.135458    -5.72846e-16    -2.60209e-17    -3.86598e-16    1.7087e-16    -1.98626e-16    4.65893e-18    
94    -1.9082e-17    -0.0828473    0.136007    0.0363354    0.14585    1.68268e-16    -1.49265e-16    -5.13044e-16    2.68015e-16    1.25531e-17    
95    -1.66533e-16    0.0554853    -0.0224767    0.210642    7.78263e-16    7.63278e-17    5.58134e-16    9.97466e-17    1.40513e-16    -1.23139e-17    
96    -4.65123e-17    0.105487    -0.173173    -0.0462648    0.0685362    3.90313e-18    4.26035e-16    -1.00072e-16    4.30428e-17    -3.85558e-18    
97    -3.36482e-16    0.077409    -0.127079    -0.0339503    0.0806444    -1.41597e-16    5.37984e-16    5.95661e-16    -1.28803e-16    -5.19875e-18    
98    3.12359e-16    -0.148524    -0.0818882    -0.0321301    -2.0883e-16    9.18319e-17    -4.64701e-16    4.64039e-17    -3.65593e-16    1.2211e-17    
99    -4.46691e-17    -0.00328226    0.00538834    0.00143955    -0.172498    2.19443e-16    -2.96135e-16    -2.29417e-16    4.57967e-16    -2.01998e-17    
100    1.64799e-17    0.0816551    0.0836691    -0.127001    -4.91558e-16    -7.56339e-16    -2.13308e-17    -1.19262e-16    8.50015e-17    -4.48069e-18    
101    1.69569e-16    -0.0741268    0.12169    0.0325108    0.0918533    8.80372e-17    -5.08534e-16    -4.49835e-16    -7.04731e-17    -5.73861e-18    
102    -1.48319e-16    0.0668687    -0.00178089    0.159131    6.37772e-16    4.00721e-16    6.6258e-16    -2.75821e-16    3.50414e-16    -2.85366e-17    
103    -0.349892    -2.11636e-16    -6.59195e-16    1.37477e-16    9.05328e-17    0.042089    -0.28246    0.0945585    -0.096222    0.000768155    
104    0.349892    3.05311e-16    4.16334e-17    -1.30104e-16    5.20879e-16    0.265662    -0.10478    -0.0945585    0.096222    -0.000768155    
105    -0.349892    -4.44089e-16    5.86337e-16    -4.85723e-16    -5.29045e-16    0.223573    0.17768    0.0945585    -0.096222    0.000768155    
106    0.349892    2.18575e-16    6.52256e-16    -1.11022e-16    -9.05328e-17    -0.042089    0.28246    -0.0945585    0.096222    -0.000768155    
107    -0.349892    -3.33067e-16    -1.38778e-17    1.38778e-16    -5.20879e-16    -0.265662    0.10478    0.0945585    -0.096222    0.000768155    
108    0.349892    4.44089e-16    -5.86337e-16    4.85723e-16    5.29045e-16    -0.223573    -0.17768    -0.0945585    0.096222    -0.000768155    
109    1.25767e-16    -0.0881852    0.14477    0.0386766    -0.057295    -4.16334e-16    -3.79309e-16    7.6111e-17    -1.33791e-16    -1.05429e-17    
110    5.94143e-17    0.15379    0.0768879    0.0628529    2.2755e-16    4.31079e-16    -3.93671e-16    -4.63605e-16    -5.55112e-17    1.26133e-17    
111    -3.61039e-16    0.0189263    -0.0310705    -0.00830077    0.179223    -2.19443e-16    4.40541e-16    3.72966e-16    -8.50015e-17    2.36899e-17    
112    -3.50197e-17    -0.107405    -0.095678    0.11324    4.62174e-16    -3.21791e-16    -2.31135e-16    3.56919e-16    -1.62197e-16    -8.27521e-18    
113    2.42644e-16    0.0692589    -0.113699    -0.0303758    -0.121928    5.98263e-16    -2.56522e-16    -5.92408e-16    5.9848e-17    7.22538e-19    
114    -4.0766e-17    -0.0463848    0.0187901    -0.176093    -7.3212e-16    4.51028e-17    5.09548e-16    1.04083e-16    2.02963e-16    1.75728e-18    
115    -4.03323e-17    1.30104e-18    -8.84709e-17    -6.1149e-17    -1.53661e-16    -3.23526e-16    5.71336e-17    1.65016e-16    1.25984e-16    -2.1166e-18    
116    -1.73472e-18    3.1225e-17    6.07153e-17    -4.94396e-17    2.23006e-17    1.26635e-16    2.96296e-17    -1.08962e-17    1.42681e-16    2.09892e-16    
117    8.78204e-17    4.10371e-17    5.65954e-17    7.76289e-17    1.28693e-16    1.98409e-16    5.89928e-16    -4.0766e-17    1.07987e-16    -1.1968e-16    
118    -3.85976e-17    -4.81386e-17    -1.00614e-16    -1.04083e-16    -4.98642e-17    -1.249e-16    -3.88674e-17    7.16929e-17    -4.18502e-17    1.4407e-17    
119    -4.42354e-17    5.46438e-17    -3.20924e-17    9.67108e-17    1.04902e-16    -2.68882e-17    -4.68895e-16    -3.39491e-18    -1.18178e-16    -1.02623e-16    
120    9.69277e-17    2.51535e-17    2.12504e-17    9.86624e-17    -6.32669e-17    -1.6263e-16    -7.18289e-17    -2.04372e-17    -9.68193e-17    2.55526e-17    
121    0.0229907    -3.22659e-16    -1.52466e-16    8.32667e-17    -3.60698e-16    0.020806    0.05936    -0.00847874    -0.192444    0.00153631    
122    -0.0229907    1.34007e-16    -1.99493e-17    -2.15106e-16    -7.35774e-17    -0.0410042    0.0476986    0.00847874    0.192444    -0.00153631    
123    0.0229907    -2.68015e-16    -1.2837e-16    1.51788e-16    -1.28984e-16    -0.0618103    -0.0116614    -0.00847874    -0.192444    0.00153631    
124    -0.0229907    3.22659e-16    1.39266e-16    1.17961e-16    3.26545e-16    -0.020806    -0.05936    0.00847874    0.192444    -0.00153631    
125    0.0229907    1.71304e-17    -2.28983e-16    1.14492e-16    1.80529e-16    0.0410042    -0.0476986    -0.00847874    -0.192444    0.00153631    
126    -0.0229907    3.03577e-17    3.60822e-16    -2.83627e-16    -6.57807e-17    0.0618103    0.0116614    0.00847874    0.192444    -0.00153631    
127    -2.6563e-16    -0.035773    -0.0103826    -0.0427019    -1.19744e-16    1.67184e-16    5.10545e-16    -4.74881e-17    2.8688e-16    -2.12293e-17    
128    1.47451e-16    -0.0191418    0.0314243    0.00839529    -0.042268    -5.10009e-16    3.46627e-17    2.1272e-16    -3.91939e-16    -4.23967e-19    
129    -1.33682e-16    0.0466779    0.0308391    -0.00900472    -4.62359e-17    1.58294e-16    -1.07104e-16    1.70382e-16    9.21572e-17    -3.36846e-18    
130    -7.8442e-17    -0.0089949    0.0147665    0.00394502    0.0538186    1.47018e-16    -9.57059e-17    1.1086e-17    3.65322e-16    1.69226e-18    
131    -2.77149e-16    -0.0109049    -0.0204565    0.0517067    1.97651e-16    -2.89048e-16    -9.11838e-17    4.95697e-16    -1.71738e-16    7.39364e-18    
132    3.60904e-16    0.0281367    -0.0461908    -0.0123403    -0.0115506    2.88018e-16    -4.78118e-16    -8.43943e-16    2.60209e-18    1.40915e-18    
133    -1.19696e-16    7.50268e-17    -4.60786e-17    8.58688e-17    8.74937e-18    -5.18682e-16    -6.86105e-17    -4.89192e-16    -1.97758e-16    6.8432e-17    
134    5.94143e-17    8.64109e-17    -1.11022e-16    -1.32273e-16    1.75865e-17    4.92661e-16    -5.49589e-17    3.95083e-16    1.63064e-16    -6.11877e-17    
135    -7.37257e-18    -8.86877e-17    2.06541e-16    -2.07299e-16    -2.39373e-16    -2.94903e-16    3.40128e-16    1.0365e-16    3.29597e-17    -6.42569e-18    
136    -4.94396e-17    -1.27502e-16    -6.97684e-17    1.04083e-16    1.97726e-16    2.27249e-16    -3.48941e-16    -3.22659e-16    -2.25514e-16    -5.85389e-17    
137    1.05818e-16    9.54098e-17    1.31405e-16    3.29597e-17    -5.96215e-17    -2.37657e-16    2.20849e-16    2.37657e-16    1.97758e-16    4.80023e-17    
138    1.35308e-16    3.55618e-17    -2.70143e-16    1.37911e-16    1.26372e-16    4.09395e-16    6.97887e-17    4.18068e-16    -1.249e-16    5.52546e-17    
139    -1.23816e-16    0.0960214    0.0749822    -0.0617293    -2.60101e-16    -1.00614e-16    1.247e-16    2.53703e-16    -4.14165e-16    1.65465e-17    
140    -4.50161e-16    -0.041181    0.067605    0.0180613    0.10982    -2.18575e-16    -4.0949e-16    2.54571e-16    8.23994e-17    -2.65952e-18    
141    3.1225e-16    0.0109459    -0.028875    0.133039    6.04791e-16    3.86843e-16    1.51994e-16    -1.13798e-15    3.25261e-16    5.59699e-18    
142    -3.38976e-16    0.0688279    -0.112992    -0.0301868    0.0154064    -4.54552e-17    8.45357e-16    8.55219e-16    -3.74267e-16    2.46431e-17    
143    2.73869e-16    -0.106967    -0.0461072    -0.0713097    -2.24003e-16    -1.47018e-16    -1.81059e-16    -1.43982e-16    8.06646e-17    -1.41404e-17    
144    6.37511e-17    -0.0276468    0.0453865    0.0121254    -0.125226    3.16587e-16    -3.07469e-16    -1.82146e-17    3.65159e-16    5.03411e-18    
145    1.83447e-16    -0.0305072    -0.0153829    -0.0119792    -4.40595e-17    4.00721e-16    -1.61752e-16    -2.63244e-16    1.01915e-16    4.94674e-18    
146    1.43223e-16    -0.00349777    0.00574213    0.00153407    -0.0355424    -2.69533e-16    8.33915e-17    2.6937e-16    -8.50557e-17    1.70697e-17    
147    -3.40006e-16    0.0209282    0.0188302    -0.0227654    -6.73287e-17    -2.87097e-16    -4.35631e-16    3.06558e-16    -4.77049e-18    1.04306e-17    
148    -1.22732e-16    -0.0138628    0.0227579    0.00607999    0.0237437    6.03684e-16    2.25673e-17    -4.55799e-16    2.02095e-16    1.79246e-17    
149    4.21755e-17    0.00957909    -0.00344731    0.0347445    1.33623e-16    8.0231e-18    8.30696e-16    1.19262e-16    1.06252e-16    -1.93869e-17    
150    -4.99817e-17    0.0173606    -0.0285    -0.00761405    0.0117988    -5.00901e-17    -6.39086e-17    -2.81893e-17    -4.94396e-17    -1.28063e-17    
151    5.7788e-17    -0.000334211    -0.000297721    0.00035237    -1.44174e-17    -2.95228e-16    -3.91588e-16    9.45289e-17    -1.18842e-16    -1.51668e-18    
152    1.46367e-17    0.000215513    -0.000353797    -9.45203e-05    -0.000379404    4.70869e-16    -6.78082e-18    -5.85252e-16    3.26128e-16    -2.70184e-18    
153    -4.55365e-17    -0.000144335    5.84691e-05    -0.000547949    2.81716e-17    2.32019e-17    2.25422e-16    3.20599e-16    -2.82868e-16    -4.78131e-18    
154    -8.89046e-17    -0.000274406    0.000450479    0.00012035    -0.000178285    -1.41597e-16    3.53891e-17    1.63498e-16    -6.5269e-17    -1.71503e-17    
155    3.97794e-16    0.000478547    0.000239252    0.000195579    4.33924e-17    2.86229e-16    -4.32115e-17    -1.02479e-15    1.89627e-16    6.48275e-18    
156    -2.81784e-16    5.8893e-05    -9.66819e-05    -2.58295e-05    0.000557689    -2.63461e-16    3.94533e-16    8.52129e-16    -1.77701e-16    1.28905e-17    
157    3.0195e-17    5.31259e-17    -3.65918e-17    -5.07407e-17    6.90898e-17    -2.07083e-16    -1.73061e-16    -1.1872e-17    -6.1149e-17    1.04081e-17    
158    -8.23994e-17    2.55872e-17    -6.85216e-17    1.47451e-16    -5.77693e-17    -3.05311e-16    -3.60211e-16    1.01468e-16    -1.0842e-16    1.27585e-16    
159    -1.82146e-17    -4.33681e-17    2.86229e-17    3.1225e-17    -9.09961e-17    1.5439e-16    1.89574e-16    7.17742e-17    3.9465e-17    -9.55088e-17    
160    6.91721e-17    -6.80337e-18    3.58871e-17    -8.94467e-17    1.27435e-16    4.98733e-17    4.96137e-16    -2.40151e-17    6.33174e-17    4.98517e-17    
161    -3.07913e-17    -4.94396e-17    1.64799e-17    -1.77809e-17    1.07147e-16    -6.59195e-17    2.23519e-17    5.39933e-17    8.23994e-17    1.05757e-16    
162    1.45283e-17    -4.85723e-17    -3.55618e-17    -1.07336e-16    4.1938e-18    2.47198e-16    -1.48491e-16    -1.68051e-17    7.67615e-17    2.38798e-17    
163    1.14492e-16    9.28077e-17    -1.02674e-16    -1.30972e-16    8.47887e-17    1.75207e-16    -2.11317e-16    3.81639e-17    1.9082e-16    -1.40627e-16    
164    4.94396e-17    -4.11997e-16    -2.16407e-16    1.56125e-17    -4.47537e-16    -3.13985e-16    2.08826e-16    -1.33574e-16    -2.41127e-16    2.43737e-16    
165    -1.13624e-16    1.48427e-16    7.37257e-18    -6.59195e-17    4.1893e-16    5.20417e-17    -3.81921e-16    5.46438e-17    5.37764e-17    -1.24379e-16    
166    7.41594e-17    5.26922e-17    -1.21431e-17    9.45424e-17    -3.05659e-16    -4.33681e-17    2.34837e-16    1.64799e-16    9.88792e-17    4.67595e-17    
167    3.38271e-17    -1.27719e-16    1.27936e-16    1.75207e-16    9.34624e-17    1.38778e-17    -5.80188e-17    -1.81495e-16    -1.47451e-17    -3.21205e-17    
168    -1.73472e-16    1.01048e-16    2.68015e-16    -1.59595e-16    -5.88702e-17    -1.33574e-16    -4.48174e-17    -1.04951e-16    4.94396e-17    -4.64594e-18    
169    -1.71975e-16    -0.000274406    0.000450479    0.00012035    -0.000178285    -3.08618e-16    -1.36987e-16    5.44053e-16    -1.38344e-16    -7.46252e-18    
170    5.14996e-16    0.000478547    0.000239252    0.000195579    2.06746e-17    1.65883e-17    3.25165e-17    -1.0958e-15    1.55258e-16    2.60024e-18    
171    -1.83447e-16    5.8893e-05    -9.66819e-05    -2.58295e-05    0.000557689    1.80194e-16    1.21067e-16    4.69568e-16    -5.85469e-17    -4.53583e-18    
172    -1.05222e-16    -0.000334211    -0.000297721    0.00035237    4.92111e-17    -2.34838e-16    -1.10211e-16    1.87919e-16    -9.19403e-17    -1.32282e-17    
173    1.8323e-17    0.000215513    -0.000353797    -9.45203e-05    -0.000379404    3.14202e-16    -2.07243e-16    -5.14346e-16    1.22081e-16    -1.48985e-18    
174    -4.90059e-17    -0.000144335    5.84691e-05    -0.000547949    3.13762e-17    -1.30972e-16    3.78669e-16    2.25839e-16    -1.09288e-16    5.22411e-18    
175    4.51028e-17    3.4586e-17    -1.42627e-16    -3.01408e-17    -1.26093e-18    5.30392e-16    -1.41983e-16    2.53443e-15    0.003259    0.408235    
176    2.2443e-17    -5.87095e-17    1.09904e-16    7.75205e-17    -4.99201e-17    6.46184e-17    -4.97697e-16    2.45951e-15    0.003259    0.408235    
177    6.48552e-17    2.52213e-17    3.04119e-17    4.47369e-17    -1.40203e-17    -6.04985e-17    7.43642e-17    2.08693e-15    0.003259    0.408235    
178    4.46691e-17    4.13623e-17    -1.51138e-16    -4.92228e-17    4.68043e-18    5.31693e-16    -1.44222e-16    2.54549e-15    0.003259    0.408235    
179    2.25514e-17    -6.75458e-17    1.09647e-16    5.50775e-17    -2.15868e-17    6.55942e-17    -5.10394e-16    2.45783e-15    0.003259    0.408235    
180    6.49784e-17    1.33628e-17    2.85416e-17    5.22924e-17    -4.40617e-17    -6.02816e-17    7.38509e-17    2.08676e-15    0.003259    0.408235    
181    1.73472e-17    1.47451e-16    1.05818e-16    1.17094e-16    1.40131e-16    -2.60209e-17    -2.42603e-17    1.79978e-17    5.76796e-17    3.47305e-17    
182    -3.9465e-17    8.41341e-17    -2.51535e-17    6.00648e-17    -8.00713e-17    6.85216e-17    6.28257e-17    -2.77556e-17    -5.22585e-17    -3.86804e-17    
183    -4.33681e-18    -1.52656e-16    -1.12757e-16    -2.08167e-16    -2.59574e-16    1.30104e-16    2.12011e-16    3.16587e-17    1.56125e-17    3.73723e-17    
184    4.81386e-17    -8.41341e-17    -2.1684e-17    -7.1991e-17    1.48306e-16    1.72605e-16    7.05062e-17    8.86335e-17    5.5728e-17    1.24196e-16    
185    3.38271e-17    -8.84709e-17    7.1991e-17    1.96024e-16    9.64088e-17    -1.12757e-17    -1.99298e-16    -2.98156e-17    8.37004e-17    6.90675e-17    
186    1.04083e-17    -9.97466e-17    -1.75207e-16    -3.06179e-16    -2.08872e-16    6.07153e-18    -2.87938e-16    3.81639e-17    6.07153e-17    -7.69329e-17    
187    -0.0228778    8.76035e-17    2.04697e-16    6.76542e-17    -1.19642e-16    -0.0227151    0.0504238    -0.120691    -4.61089e-15    -1.44129e-16    
188    0.0228778    -2.18575e-16    -1.97758e-16    -1.18937e-16    -6.72915e-17    -0.0550258    0.00554004    0.120691    4.10436e-15    6.13235e-16    
189    -0.0228778    3.76435e-16    4.21104e-16    5.37764e-17    2.07908e-16    -0.0323107    -0.0448837    -0.120691    -3.18148e-15    -2.83786e-16    
190    0.0228778    -9.58435e-17    1.43115e-16    1.59595e-16    2.22026e-16    0.0227151    -0.0504238    0.120691    4.55972e-15    3.14017e-16    
191    -0.0228778    2.28983e-16    1.19696e-16    7.47015e-17    4.15514e-17    0.0550258    -0.00554004    -0.120691    -4.52936e-15    -5.9662e-16    
192    0.0228778    -3.67761e-16    -7.05165e-16    -1.59595e-16    -2.39182e-16    0.0323107    0.0448837    0.120691    3.88578e-15    2.6078e-16    
193    1.59161e-16    -2.50451e-17    2.2443e-17    1.50704e-16    2.98948e-17    6.72205e-18    7.08414e-16    4.91144e-17    1.49945e-16    -1.55841e-16    
194    2.42861e-17    5.0307e-17    1.04083e-17    -7.76289e-17    1.41438e-16    2.34188e-17    2.20877e-17    3.25261e-18    1.38778e-16    -2.72273e-17    
195    -6.245e-17    3.46945e-18    -1.21431e-17    -9.97466e-17    8.53861e-18    3.68629e-16    -1.09491e-16    1.73472e-18    9.2374e-17    5.92965e-18    
196    6.28837e-17    2.86229e-17    8.51099e-18    1.2013e-16    -6.63867e-17    -2.85904e-16    1.45303e-18    -4.05763e-17    -1.05764e-16    1.08626e-16    
197    -3.90313e-18    1.23599e-16    5.20417e-18    1.04083e-16    -2.43904e-17    -2.23779e-16    -2.27858e-16    -6.72747e-17    -7.45931e-17    -3.25575e-17    
198    -8.67362e-17    0    3.20924e-17    -1.73472e-17    -1.30346e-16    1.96024e-16    2.85832e-16    -5.78964e-17    1.57426e-16    -1.49322e-17    
199    -0.0331706    -1.58077e-16    -1.49186e-16    -1.30972e-16    -3.38881e-18    0.0883799    -0.034858    -0.196023    -1.5335e-15    1.38381e-15    
200    0.0331706    8.32667e-17    -3.56486e-16    -3.34802e-16    -2.07761e-16    0.0743779    0.0591103    0.196023    1.7937e-15    -1.5919e-15    
201    -0.0331706    -2.65846e-16    -1.22732e-16    -1.18829e-16    -2.92969e-16    -0.0140021    0.0939683    -0.196023    -1.80064e-15    1.45894e-15    
202    0.0331706    -1.04951e-16    2.70617e-16    -2.06432e-16    -1.22909e-16    -0.0883799    0.034858    0.196023    1.56125e-15    -1.44432e-15    
203    -0.0331706    1.9082e-16    1.7434e-16    -1.21431e-17    1.02065e-16    -0.0743779    -0.0591103    -0.196023    -1.75554e-15    1.59303e-15    
204    0.0331706    3.00541e-16    2.51969e-16    5.75061e-16    3.92723e-16    0.0140021    -0.0939683    0.196023    1.76074e-15    -1.45122e-15    
205    1.99602e-16    0.000334211    0.000297721    -0.00035237    -6.08128e-19    -3.16695e-16    -2.6419e-16    4.87172e-16    -3.248e-16    3.51354e-18    
206    -1.96349e-16    -0.000215513    0.000353797    9.45203e-05    0.000379404    6.96058e-17    -3.05629e-16    2.63786e-16    3.33934e-17    1.96564e-18    
207    6.51606e-17    0.000144335    -5.84691e-05    0.000547949    5.33742e-17    1.61546e-16    -8.1894e-17    -3.72857e-16    2.06432e-16    -7.51713e-18    
208    -1.02186e-16    0.000274406    -0.000450479    -0.00012035    0.000178285    -1.62088e-17    3.34667e-16    1.87784e-16    1.13841e-17    -1.01998e-17    
209    1.74557e-16    -0.000478547    -0.000239252    -0.000195579    1.38887e-19    -1.01915e-17    -2.17628e-16    -5.41667e-16    1.93422e-16    -5.72551e-18    
210    -1.10805e-16    -5.8893e-05    9.66819e-05    2.58295e-05    -0.000557689    1.23165e-16    2.51846e-16    1.3726e-16    -3.41524e-17    2.92566e-18    
211    -0.0156316    -9.19403e-17    -9.36751e-17    -1.49186e-16    1.83031e-16    0.0417189    -0.0524944    0.0377042    0.192444    -0.00153631    
212    0.0156316    2.39392e-16    2.41777e-17    7.11237e-17    -3.91884e-17    0.0663209    0.00988237    -0.0377042    -0.192444    0.00153631    
213    -0.0156316    -1.29671e-16    9.88792e-17    -5.11743e-16    -8.32164e-17    0.0246021    0.0623768    0.0377042    0.192444    -0.00153631    
214    0.0156316    -9.88792e-17    3.01842e-16    3.26128e-16    -1.67544e-16    -0.0417189    0.0524944    -0.0377042    -0.192444    0.00153631    
215    -0.0156316    -1.83013e-16    -1.14112e-16    -2.89699e-16    -1.69707e-16    -0.0663209    -0.00988237    0.0377042    0.192444    -0.00153631    
216    0.0156316    2.76688e-16    -1.94289e-16    5.9848e-16    3.25924e-16    -0.0246021    -0.0623768    -0.0377042    -0.192444    0.00153631    
217    2.98589e-16    -5.8893e-05    9.66819e-05    2.58295e-05    -0.000557689    -1.96024e-16    -6.12195e-17    -1.37965e-16    4.90059e-17    -2.83869e-18    
218    2.47198e-16    0.000334211    0.000297721    -0.00035237    7.65879e-18    3.76869e-16    -8.32007e-17    -7.13391e-16    1.42629e-16    -2.60653e-18    
219    -2.25677e-16    -0.000215513    0.000353797    9.45203e-05    0.000379404    -2.93168e-16    7.58502e-17    7.05165e-16    -2.10986e-16    -5.40542e-18    
220    1.54174e-16    0.000144335    -5.84691e-05    0.000547949    -6.13686e-17    7.26415e-17    -2.82042e-16    -1.93855e-16    -4.23923e-17    6.47093e-18    
221    1.81495e-16    0.000274406    -0.000450479    -0.00012035    0.000178285    3.38488e-16    -2.06396e-16    -5.43185e-17    -5.60533e-17    5.60601e-18    
222    -4.62412e-16    -0.000478547    -0.000239252    -0.000195579    -2.12957e-18    -2.36356e-17    1.97082e-16    4.77754e-16    -7.4051e-17    -4.1102e-18    
223    -1.9082e-17    1.17961e-16    -3.82669e-16    1.78677e-16    2.55793e-16    4.96131e-16    -7.99692e-17    1.4138e-16    -2.67147e-16    3.27438e-18    
224    3.64292e-17    -8.50015e-17    4.54281e-17    7.11237e-17    -3.27671e-17    -6.34909e-16    5.95811e-17    -4.31946e-16    6.07153e-17    1.46402e-16    
225    1.25767e-16    6.50521e-17    2.96529e-17    -1.01481e-16    -4.63112e-17    5.08274e-16    -8.38181e-17    4.77916e-16    9.19403e-17    -8.63106e-17    
226    -9.58435e-17    -1.77159e-16    1.97542e-16    -1.74773e-16    -1.41286e-16    -2.30718e-16    1.91798e-16    -1.86483e-17    -2.48065e-16    1.06393e-16    
227    -1.34441e-17    5.81132e-17    -5.59448e-17    1.10155e-16    6.77926e-17    9.36751e-17    -1.8339e-16    -3.00975e-16    9.1073e-18    -1.31273e-16    
228    -1.56125e-17    2.29851e-17    2.33646e-16    -9.45424e-17    -1.52454e-16    -1.89085e-16    1.76463e-16    1.85615e-16    2.60209e-16    7.40538e-17    
229    -1.44633e-16    0.107405    0.095678    -0.11324    -4.40875e-16    8.76035e-17    5.18917e-16    3.53016e-16    1.36176e-16    2.38245e-17    
230    1.57426e-16    -0.0692589    0.113699    0.0303758    0.121928    -8.22693e-16    -1.69705e-16    2.04264e-16    -2.2855e-16    -1.39749e-18    
231    -6.72205e-17    0.0463848    -0.0187901    0.176093    6.81627e-16    2.1684e-16    -5.99331e-16    -3.747e-16    -6.245e-17    2.0624e-17    
232    -1.48861e-16    0.0881852    -0.14477    -0.0386766    0.057295    3.35235e-16    5.97058e-16    2.22045e-16    -1.14492e-16    1.35425e-17    
233    -8.89046e-17    -0.15379    -0.0768879    -0.0628529    -2.18062e-16    -4.5363e-16    -2.7692e-17    6.64399e-16    -1.95156e-17    -1.9643e-17    
234    3.75568e-16    -0.0189263    0.0310705    0.00830077    -0.179223    6.03684e-16    -5.54197e-16    -1.34875e-15    3.4521e-16    -1.03471e-17    
235    -5.0307e-17    -8.45678e-17    -1.89085e-16    -8.80372e-17    -4.77026e-17    -2.21177e-16    -4.74131e-17    1.4466e-16    -4.44523e-18    -1.90304e-17    
236    -3.1225e-17    -8.67362e-19    8.67362e-18    8.23994e-17    4.28768e-17    3.46945e-18    -5.80534e-16    4.71628e-17    -1.43006e-16    1.988e-16    
237    1.82146e-17    5.22585e-17    2.68882e-17    1.19479e-16    1.01532e-16    -3.72966e-17    -1.06229e-16    4.06034e-17    -1.46909e-16    -1.80159e-16    
238    -1.56125e-17    -5.50775e-17    -8.67362e-19    -3.68629e-17    -1.36334e-16    -3.23526e-16    -9.35218e-17    1.04788e-16    -3.20924e-17    2.92288e-16    
239    4.42354e-17    5.9848e-17    9.36751e-17    5.37764e-17    1.19324e-16    2.01228e-16    -7.48777e-18    -2.13588e-17    2.68882e-17    -8.74866e-18    
240    3.68629e-17    -1.22312e-17    1.28803e-16    -8.80372e-17    7.28815e-17    2.74086e-16    3.37805e-16    -1.31351e-16    -9.59519e-17    -5.54303e-17    
241    6.07153e-18    -8.67362e-17    -3.85976e-16    -2.12504e-16    -1.56351e-16    -3.46945e-17    1.52408e-16    -1.10155e-16    -1.21431e-16    3.13339e-16    
242    1.24033e-16    -2.22045e-16    -1.07444e-16    -1.30972e-16    -2.8973e-16    4.16334e-17    -1.11402e-17    -3.23526e-16    -5.20417e-17    -9.91291e-17    
243    4.16334e-17    -1.82146e-17    4.86156e-16    -3.57353e-16    -3.91174e-16    -2.42861e-16    1.73114e-16    3.00975e-16    6.93889e-17    1.49317e-16    
244    -1.86483e-16    3.01842e-16    3.74754e-16    9.62772e-17    3.91776e-16    4.14599e-16    -9.95171e-17    3.64292e-17    -1.63064e-16    -3.17404e-16    
245    1.23599e-16    -1.43982e-16    -4.19586e-17    3.4521e-16    7.41545e-17    -2.7929e-16    1.65151e-16    -9.28077e-17    0    2.78723e-16    
246    -5.0307e-17    1.40404e-16    -3.26995e-16    1.70003e-16    3.79987e-16    1.26635e-16    -1.70991e-16    3.55618e-16    4.94396e-17    -3.1424e-16    
247    1.09233e-16    0.0089949    -0.0147665    -0.00394502    -0.0538186    -5.35596e-17    -1.82801e-16    -1.7768e-16    -3.88144e-17    -2.24086e-17    
248    -3.586e-17    0.0109049    0.0204565    -0.0517067    -1.2536e-16    5.37114e-16    4.11727e-16    -3.28513e-16    3.79037e-16    -4.95213e-18    
249    -3.68493e-16    -0.0281367    0.0461908    0.0123403    0.0115506    -6.07831e-17    3.45027e-16    7.61327e-16    1.56125e-17    6.49793e-19    
250    3.42608e-17    0.035773    0.0103826    0.0427019    1.84749e-16    -1.18178e-16    -2.76981e-16    1.43548e-16    -1.52222e-16    2.37811e-18    
251    1.21431e-17    0.0191418    -0.0314243    -0.00839529    0.042268    1.96024e-16    -2.51459e-16    -6.03901e-17    1.01698e-16    7.38394e-18    
252    8.65464e-17    -0.0466779    -0.0308391    0.00900472    1.45781e-18    -1.25822e-16    7.94002e-17    5.42101e-18    -1.47668e-16    1.26069e-18    
253    0.195403    -4.16334e-17    4.11129e-16    2.94036e-16    1.67595e-17    -0.0433136    0.290679    0.0901734    -0.096222    0.000768155    
254    -0.195403    -1.52656e-16    -3.40006e-16    2.46331e-16    -3.01347e-16    -0.273392    0.107829    -0.0901734    0.096222    -0.000768155    
255    0.195403    2.63678e-16    -3.60822e-16    2.18575e-16    -2.36055e-17    -0.230078    -0.18285    0.0901734    -0.096222    0.000768155    
256    -0.195403    3.98986e-16    -1.9082e-16    7.89299e-17    1.66734e-16    0.0433136    -0.290679    -0.0901734    0.096222    -0.000768155    
257    0.195403    -2.25514e-17    -1.31839e-16    -1.249e-16    5.4342e-16    0.273392    -0.107829    0.0901734    -0.096222    0.000768155    
258    -0.195403    -4.64906e-16    6.03684e-16    -6.74807e-16    -3.78235e-16    0.230078    0.18285    -0.0901734    0.096222    -0.000768155    
259    -3.8706e-17    -0.0688279    0.112992    0.0301868    -0.0154064    -2.31152e-16    -5.30844e-16    1.37911e-16    3.79904e-16    2.78241e-18    
260    -3.57787e-18    0.106967    0.0461072    0.0713097    2.73549e-16    1.94723e-16    3.82249e-17    -2.77122e-16    1.04083e-17    1.77246e-17    
261    5.78964e-17    0.0276468    -0.0453865    -0.0121254    0.125226    -4.13298e-16    2.96348e-16    4.18394e-16    -3.02167e-16    1.60934e-17    
262    9.06393e-17    -0.0960214    -0.0749822    0.0617293    2.40465e-16    2.94903e-16    -1.89776e-16    -3.93132e-16    1.28803e-16    -4.94255e-18    
263    3.9465e-17    0.041181    -0.067605    -0.0180613    -0.10982    2.85796e-16    5.65805e-16    1.21431e-17    -6.33174e-17    2.72924e-18    
264    8.84709e-17    -0.0109459    0.028875    -0.133039    -5.051e-16    -2.91434e-16    -2.12749e-17    3.07046e-16    -8.67362e-17    6.56068e-18    
265    -1.81712e-16    0.013745    -0.0225645    -0.00602833    -0.024859    -7.66314e-16    -3.18243e-17    6.18429e-16    -1.99493e-16    -2.43687e-17    
266    3.06978e-16    -0.00891067    0.00404275    -0.0354493    -1.55515e-16    1.13408e-16    -7.92399e-16    -2.59341e-16    -2.71918e-16    3.53098e-17    
267    4.33681e-19    -0.0177916    0.0292076    0.00780309    -0.01104    6.93889e-18    2.86267e-16    -1.70585e-16    -8.95551e-17    2.05944e-17    
268    -8.11729e-17    0.0307959    0.0152659    0.0130751    5.83515e-18    -4.5092e-16    1.71301e-16    1.74502e-16    1.02078e-16    -9.51978e-18    
269    2.17274e-16    0.00404658    -0.00664309    -0.00177477    0.035899    2.24647e-16    -1.26162e-17    -7.37474e-16    1.69569e-16    1.96533e-18    
270    -1.91362e-16    -0.0218852    -0.0193087    0.0223742    8.90625e-17    2.13805e-16    5.96477e-16    2.29742e-16    6.09322e-17    -1.48917e-18    
271    1.48644e-16    0.000274406    -0.000450479    -0.00012035    0.000178285    -7.28584e-17    -2.74037e-16    -4.10294e-16    7.67344e-17    2.63791e-18    
272    2.21936e-16    -0.000478547    -0.000239252    -0.000195579    -1.90784e-17    2.6563e-17    -2.43454e-17    -2.6048e-16    -9.42172e-17    -3.31896e-18    
273    -4.15575e-16    -5.8893e-05    9.66819e-05    2.58295e-05    -0.000557689    5.42101e-17    -1.3768e-16    5.57063e-16    -1.40946e-18    -8.88915e-18    
274    7.60568e-17    0.000334211    0.000297721    -0.00035237    1.91669e-17    1.40675e-16    1.5036e-16    -3.40738e-16    -3.07371e-17    -1.13291e-17    
275    -1.92609e-16    -0.000215513    0.000353797    9.45203e-05    0.000379404    1.06469e-16    1.30339e-16    2.30935e-16    8.93383e-17    1.28891e-18    
276    -1.09288e-16    0.000144335    -5.84691e-05    0.000547949    3.26808e-17    -4.90059e-16    1.76237e-16    3.08022e-16    1.69136e-16    8.40064e-18    
277    5.54027e-17    0.00398769    -0.00654641    -0.00174894    0.0353413    3.19623e-16    -1.23583e-16    -1.27068e-16    1.52222e-16    4.30668e-18    
278    -3.91533e-17    -0.021551    -0.019011    0.0220218    8.09785e-17    5.41667e-16    5.54022e-16    -1.47668e-16    1.06902e-16    2.37331e-18    
279    -1.96457e-16    0.0135295    -0.0222107    -0.00593381    -0.0244796    -3.5822e-16    3.36696e-17    4.70544e-16    -1.64365e-16    -1.53403e-17    
280    2.88289e-16    -0.00876633    0.00398428    -0.0349013    -1.5605e-16    1.85941e-17    -6.73847e-16    -1.76725e-16    -1.53523e-16    2.43157e-17    
281    -3.1225e-17    -0.0175172    0.0287571    0.00768274    -0.0108617    1.02349e-16    -1.03414e-17    -1.455e-16    5.00901e-17    3.19696e-17    
282    -1.82796e-16    0.0303174    0.0150267    0.0128795    6.82975e-17    -3.00107e-16    2.36282e-16    3.06829e-17    1.22732e-16    -3.0194e-17    
283    4.44198e-16    0.0089949    -0.0147665    -0.00394502    -0.0538186    3.39843e-16    -4.01318e-17    -7.50159e-16    -2.2443e-17    -6.07946e-18    
284    -3.77628e-16    0.0109049    0.0204565    -0.0517067    -1.75042e-16    4.04624e-16    3.87107e-16    6.08021e-16    2.22045e-16    1.82969e-17    
285    2.06866e-16    -0.0281367    0.0461908    0.0123403    0.0115506    -3.60606e-16    1.7146e-16    -5.63785e-17    -2.10118e-16    -1.16799e-17    
286    -2.03396e-16    0.035773    0.0103826    0.0427019    8.46426e-17    2.33971e-16    -4.75534e-16    5.80482e-16    -1.34007e-16    1.78463e-17    
287    -7.28584e-17    0.0191418    -0.0314243    -0.00839529    0.042268    -2.18358e-16    2.27276e-16    2.03478e-16    2.45328e-16    1.11065e-17    
288    1.42464e-16    -0.0466779    -0.0308391    0.00900472    -4.31242e-17    -1.13841e-16    -3.62071e-16    -1.20916e-16    -4.84096e-17    -2.92067e-18    
289    0.0156316    3.00676e-16    4.7011e-16    -5.89806e-17    9.85824e-17    0.0246021    0.0623768    -0.0377042    -0.192444    0.00153631    
290    -0.0156316    -4.50161e-16    -1.40079e-16    -1.05927e-16    -9.93015e-17    -0.0417189    0.0524944    0.0377042    0.192444    -0.00153631    
291    0.0156316    4.23381e-17    2.87964e-16    2.62811e-16    -2.58443e-16    -0.0663209    -0.00988237    -0.0377042    -0.192444    0.00153631    
292    -0.0156316    -1.48536e-16    -9.57567e-16    3.98986e-17    4.7418e-17    -0.0246021    -0.0623768    0.0377042    0.192444    -0.00153631    
293    0.0156316    1.8735e-16    -3.90313e-18    -3.14419e-17    7.8534e-17    0.0417189    -0.0524944    -0.0377042    -0.192444    0.00153631    
294    -0.0156316    -4.77049e-17    1.68268e-16    -1.40513e-16    6.10936e-17    0.0663209    0.00988237    0.0377042    0.192444    -0.00153631    
295    -9.30517e-17    0.0281367    -0.0461908    -0.0123403    -0.0115506    1.17446e-16    -2.75475e-16    2.1684e-18    2.1684e-19    1.41946e-17    
296    -9.95298e-17    -0.035773    -0.0103826    -0.0427019    -9.57573e-17    2.71051e-16    4.50919e-16    -3.56269e-16    3.27429e-16    -1.08521e-17    
297    1.38886e-16    -0.0191418    0.0314243    0.00839529    -0.042268    -2.12504e-16    1.97947e-16    2.76688e-16    -3.9259e-16    1.85009e-17    
298    -3.11491e-16    0.0466779    0.0308391    -0.00900472    -8.85779e-18    2.72081e-16    -1.62117e-16    6.78927e-16    1.58294e-17    -4.56665e-18    
299    8.19657e-17    -0.0089949    0.0147665    0.00394502    0.0538186    -9.06393e-17    5.2355e-17    -4.67237e-16    3.1366e-16    -5.05816e-19    
300    5.66157e-17    -0.0109049    -0.0204565    0.0517067    1.80662e-16    -2.15539e-16    -1.41643e-16    7.24247e-17    -3.25694e-16    8.71744e-18    
301    3.14419e-16    0.00972343    -0.00350578    0.0352925    1.30211e-16    -3.05745e-17    5.95906e-16    -3.73833e-16    1.89519e-16    -1.75057e-17    
302    -1.95807e-16    0.017635    -0.0289505    -0.0077344    0.0119771    -2.15106e-16    3.20107e-16    2.69533e-16    -9.97466e-17    -6.50056e-18    
303    1.91253e-16    -0.0309858    -0.0156221    -0.0121747    -7.10214e-17    -3.90313e-18    -5.28193e-16    -4.25007e-17    -2.66714e-17    1.37304e-17    
304    1.07228e-16    -0.00355667    0.00583881    0.0015599    -0.0361001    -4.68592e-16    -5.94809e-17    2.64383e-16    -1.03514e-16    5.70523e-18    
305    -1.40513e-16    0.0212624    0.0191279    -0.0231177    -2.10337e-17    -4.01155e-16    -6.72763e-16    2.41831e-16    -3.41524e-16    2.42914e-17    
306    -2.71267e-16    -0.0140783    0.0231117    0.00617451    0.0241231    6.73046e-16    -9.25789e-17    -4.16334e-16    1.5786e-16    1.39868e-18    
307    4.33681e-17    -0.035773    -0.0103826    -0.0427019    -2.18564e-16    -3.26995e-16    4.14974e-16    -5.24754e-17    1.08637e-16    -5.22742e-18    
308    2.14022e-16    -0.0191418    0.0314243    0.00839529    -0.042268    -3.02709e-16    -2.85552e-17    -2.01662e-16    -2.24647e-16    1.55001e-17    
309    4.35849e-17    0.0466779    0.0308391    -0.00900472    -9.14998e-17    2.34838e-16    9.52028e-17    -8.27246e-17    1.13082e-16    -1.4831e-17    
310    -3.53884e-16    -0.0089949    0.0147665    0.00394502    0.0538186    -4.06034e-16    1.39216e-17    8.04749e-16    3.46945e-17    2.13343e-17    
311    5.64598e-17    -0.0109049    -0.0204565    0.0517067    1.3561e-16    -6.21248e-17    -6.43033e-16    -3.90313e-18    -3.24827e-16    1.25606e-17    
312    -1.63416e-16    0.0281367    -0.0461908    -0.0123403    -0.0115506    4.64879e-16    3.16315e-17    -1.07553e-16    6.59195e-17    2.79714e-18    
313    -2.24972e-16    5.8893e-05    -9.66819e-05    -2.58295e-05    0.000557689    6.07153e-18    3.19153e-16    7.23488e-16    -1.12757e-16    -9.66332e-18    
314    -1.9147e-16    -0.000334211    -0.000297721    0.00035237    1.07238e-17    -2.98915e-16    -1.63709e-16    2.02919e-16    -1.50508e-16    -5.30068e-18    
315    1.62413e-16    0.000215513    -0.000353797    -9.45203e-05    -0.000379404    1.00831e-16    -1.1831e-16    -5.79614e-16    1.73472e-16    -2.97065e-18    
316    -1.9082e-17    -0.000144335    5.84691e-05    -0.000547949    7.26334e-18    -1.48969e-16    1.89e-16    2.35922e-16    -3.81639e-17    -1.65605e-17    
317    -6.29921e-17    -0.000274406    0.000450479    0.00012035    -0.000178285    -2.03613e-16    -3.4936e-16    -7.04731e-18    1.61546e-17    6.26191e-18    
318    2.98156e-16    0.000478547    0.000239252    0.000195579    -1.89333e-17    3.05637e-16    -4.40533e-17    -7.47612e-16    4.07443e-16    -2.87221e-18    
319    0.0228778    -4.42354e-16    -4.82253e-16    -4.85723e-16    -4.92457e-16    -0.00702757    -0.0548557    0.120691    3.89272e-15    2.42837e-16    
320    -0.0228778    1.95156e-16    2.41127e-16    3.03577e-17    -6.75504e-17    0.0439926    -0.0335139    -0.120691    -4.14946e-15    -4.43981e-16    
321    0.0228778    -1.17094e-16    1.45717e-16    -1.29237e-16    1.20849e-16    0.0510202    0.0213418    0.120691    4.22839e-15    7.21226e-16    
322    -0.0228778    4.38018e-16    1.97758e-16    2.70617e-16    3.90753e-16    0.00702757    0.0548557    -0.120691    -3.50067e-15    -2.46192e-16    
323    0.0228778    -1.97758e-16    -1.99493e-16    1.1189e-16    1.73594e-16    -0.0439926    0.0335139    0.120691    4.35416e-15    1.77566e-16    
324    -0.0228778    6.76542e-17    2.60209e-17    2.06432e-16    -1.09377e-16    -0.0510202    -0.0213418    -0.120691    -4.74707e-15    -5.85029e-16    
325    -3.31766e-17    -0.107405    -0.095678    0.11324    4.62174e-16    -3.30465e-16    -2.3142e-16    3.55618e-16    -1.68268e-16    -9.8473e-18    
326    2.38958e-16    0.0692589    -0.113699    -0.0303758    -0.121928    5.96094e-16    -2.50027e-16    -5.91107e-16    5.89806e-17    3.6667e-19    
327    -4.85723e-17    -0.0463848    0.0187901    -0.176093    -7.32472e-16    2.94903e-17    5.15193e-16    1.04951e-16    2.11636e-16    9.12339e-19    
328    1.30104e-16    -0.0881852    0.14477    0.0386766    -0.057295    -4.27609e-16    -3.72886e-16    6.657e-17    -1.32706e-16    -1.35092e-17    
329    5.89806e-17    0.15379    0.0768879    0.0628529    2.24883e-16    4.34548e-16    -3.90069e-16    -4.52329e-16    -6.54858e-17    1.63289e-17    
330    -3.52149e-16    0.0189263    -0.0310705    -0.00830077    0.179223    -1.7087e-16    4.42217e-16    3.77194e-16    -6.1149e-17    2.3085e-17    
331    6.50521e-17    -2.40259e-16    2.92084e-16    3.85976e-17    -1.90751e-16    -1.8735e-16    1.13668e-16    -8.50015e-17    -6.07153e-17    -3.31363e-17    
332    -1.83447e-16    1.34007e-16    -2.2855e-16    -3.71231e-16    6.40748e-17    1.43982e-16    -1.96352e-16    1.37477e-16    7.28584e-17    -1.15908e-16    
333    6.33174e-17    -1.58944e-16    -4.25007e-17    6.46184e-17    -9.33227e-17    -1.14492e-16    9.8482e-17    -2.16407e-16    -1.00614e-16    1.29981e-16    
334    8.67362e-19    -8.86877e-17    -1.24466e-16    8.58688e-17    -1.5781e-16    1.04083e-16    -1.8546e-16    9.28077e-17    -1.21431e-17    1.12544e-16    
335    -5.20417e-17    1.46584e-16    2.71051e-16    1.30104e-17    2.80957e-16    -9.36751e-17    1.37377e-16    2.41127e-16    -6.245e-17    3.76518e-17    
336    3.29597e-17    1.09288e-16    -2.01336e-16    1.37911e-16    -6.63105e-18    2.5327e-16    -2.22396e-16    -2.24647e-16    4.33681e-18    -1.44359e-16    
337    3.35561e-17    -0.148524    -0.0818882    -0.0321301    -1.7571e-16    2.92735e-17    -4.11612e-16    2.16407e-16    -1.30104e-16    1.76779e-17    
338    6.80879e-17    -0.00328226    0.00538834    0.00143955    -0.172498    1.46584e-16    -2.4102e-16    -5.84385e-17    2.41127e-16    -1.11491e-17    
339    5.81132e-17    0.0816551    0.0836691    -0.127001    -4.97936e-16    -5.14346e-16    -1.59149e-16    1.40946e-16    -2.70617e-16    1.62988e-17    
340    -7.1991e-17    -0.0741268    0.12169    0.0325108    0.0918533    -6.07153e-18    -1.53702e-16    -2.38524e-16    -1.69136e-17    -1.6517e-17    
341    -2.42861e-17    0.0668687    -0.00178089    0.159131    6.52427e-16    4.4062e-16    6.16664e-16    -4.97866e-16    3.33067e-16    -9.23885e-18    
342    -1.79923e-16    0.077409    -0.127079    -0.0339503    0.0806444    -6.63532e-17    4.53026e-16    3.5345e-16    -2.61726e-16    -5.19366e-18    
343    2.01662e-16    0.0881852    -0.14477    -0.0386766    0.057295    5.27356e-16    1.11188e-16    -1.07314e-15    1.92988e-16    1.48563e-17    
344    -3.17888e-16    -0.15379    -0.0768879    -0.0628529    -2.59335e-16    -8.93383e-17    5.31085e-16    5.56629e-16    5.55112e-17    -3.41976e-17    
345    3.81314e-16    -0.0189263    0.0310705    0.00830077    -0.179223    7.99057e-17    -3.06327e-16    -2.89048e-16    -1.40946e-17    -1.57845e-17    
346    -8.83625e-17    0.107405    0.095678    -0.11324    -4.25544e-16    3.33067e-16    6.9603e-17    -2.87964e-16    2.68015e-16    -6.18304e-19    
347    -1.6507e-16    -0.0692589    0.113699    0.0303758    0.121928    -5.4904e-16    2.99589e-16    3.60822e-16    -1.35308e-16    8.97269e-18    
348    -3.90313e-18    0.0463848    -0.0187901    0.176093    6.32571e-16    -1.59595e-16    -6.56393e-16    4.85723e-16    -4.19803e-16    3.79128e-18    
349    0.0229907    -1.12323e-16    6.93889e-17    -5.0307e-17    -4.83577e-18    -0.0372082    0.0507154    -0.00847874    -0.192444    0.00153631    
350    -0.0229907    3.46945e-18    -1.99493e-16    3.03577e-16    -1.44485e-17    -0.0625249    -0.00686555    0.00847874    0.192444    -0.00153631    
351    0.0229907    -2.17925e-16    -2.13371e-16    -3.05311e-16    -2.85549e-16    -0.0253167    -0.0575809    -0.00847874    -0.192444    0.00153631    
352    -0.0229907    1.67401e-16    -9.54098e-17    5.20417e-18    -1.57085e-17    0.0372082    -0.0507154    0.00847874    0.192444    -0.00153631    
353    0.0229907    -2.5327e-16    1.47451e-16    -1.73472e-16    -2.25422e-17    0.0625249    0.00686555    -0.00847874    -0.192444    0.00153631    
354    -0.0229907    3.70689e-16    3.1225e-16    5.55112e-17    1.76722e-16    0.0253167    0.0575809    0.00847874    0.192444    -0.00153631    
355    -5.09575e-18    -0.0319089    0.0523834    0.0139947    -0.160746    1.88651e-17    -2.75411e-16    3.14852e-16    1.8735e-16    -3.31635e-18    
356    1.39428e-16    0.118051    0.0942325    -0.0835556    -4.1409e-16    -4.46691e-16    -4.58435e-16    -2.74954e-16    -1.5439e-16    9.28735e-19    
357    -1.17528e-16    -0.0546516    0.0897191    0.0239693    0.134857    8.67362e-19    -1.50563e-16    -7.00937e-17    -1.69949e-17    1.86852e-17    
358    -1.31839e-16    0.0193781    -0.033157    0.168293    7.15141e-16    1.34441e-16    4.91012e-16    -9.71445e-17    2.48065e-16    -3.46971e-17    
359    -9.25909e-17    0.0865605    -0.142102    -0.037964    0.0258887    1.01481e-16    3.40995e-16    -3.42608e-17    -7.41594e-17    1.2866e-17    
360    1.34441e-16    -0.137429    -0.0610754    -0.0847371    -3.02405e-16    1.69136e-16    8.63584e-17    1.12323e-16    -4.33681e-17    9.99911e-18    
361    3.46945e-18    -1.24033e-16    -1.96024e-16    -3.56919e-16    -2.70732e-16    -2.1684e-17    -1.80918e-16    8.80372e-17    7.1991e-17    1.09221e-16    
362    1.73472e-18    1.04083e-16    3.98986e-17    8.2833e-17    9.36638e-17    6.93889e-18    -7.70432e-17    -8.12067e-17    1.15142e-16    1.12242e-16    
363    -1.43115e-17    1.11022e-16    -6.50521e-17    7.82794e-17    -6.13159e-17    1.02349e-16    1.80191e-16    5.00359e-17    1.43115e-17    -2.73237e-17    
364    -4.51028e-17    -1.66533e-16    -1.33574e-16    -1.8735e-16    -2.53219e-16    9.19403e-17    1.13663e-16    9.71445e-17    -1.20563e-16    1.28011e-17    
365    -7.89299e-17    -9.28077e-17    -6.07153e-18    -4.81386e-17    1.72498e-16    9.19403e-17    2.03415e-17    6.30464e-17    -7.78457e-17    5.16074e-17    
366    -3.07913e-17    -6.33174e-17    1.04083e-16    1.97758e-16    1.18212e-16    4.51028e-17    -4.74629e-17    1.92988e-17    4.70544e-17    1.05119e-16    
367    -0.0353355    2.04697e-16    -2.60209e-18    3.31332e-16    3.69848e-16    0.0313691    -0.210519    0.0178324    -4.656e-15    -1.41701e-15    
368    0.0353355    -2.70617e-16    3.46945e-17    -3.62557e-16    7.96334e-17    0.197999    -0.0780931    -0.0178324    4.19109e-15    1.00007e-15    
369    -0.0353355    -9.71445e-17    4.19803e-16    -4.12864e-16    -1.47393e-16    0.16663    0.132426    0.0178324    -4.70804e-15    -1.12556e-15    
370    0.0353355    -2.77989e-16    3.95517e-16    2.28983e-16    -3.50019e-16    -0.0313691    0.210519    -0.0178324    4.89192e-15    1.39669e-15    
371    -0.0353355    2.48065e-16    1.35308e-16    -3.20924e-17    -2.5159e-16    -0.197999    0.0780931    0.0178324    -4.13558e-15    -1.03809e-15    
372    0.0353355    1.59595e-16    -9.71445e-16    3.98986e-17    1.6527e-16    -0.16663    -0.132426    -0.0178324    4.52763e-15    1.16892e-15    
373    3.44343e-16    0.000478547    0.000239252    0.000195579    -5.8934e-17    4.04245e-16    -3.399e-17    -6.84674e-16    1.17094e-16    -3.84301e-18    
374    -2.45572e-16    5.8893e-05    -9.66819e-05    -2.58295e-05    0.000557689    8.67362e-19    4.35089e-16    5.18249e-16    -1.02132e-16    2.07991e-18    
375    4.86265e-17    -0.000334211    -0.000297721    0.00035237    3.22703e-18    -3.43909e-16    -8.94125e-17    2.94944e-16    -3.14622e-16    -4.333e-18    
376    4.9071e-16    0.000215513    -0.000353797    -9.45203e-05    -0.000379404    -7.04731e-19    -3.09957e-16    -5.8406e-16    9.15067e-17    -8.98232e-19    
377    -2.16624e-16    -0.000144335    5.84691e-05    -0.000547949    3.04932e-18    1.54824e-16    2.24866e-16    5.08491e-17    1.29128e-16    6.44533e-18    
378    -1.2902e-16    -0.000274406    0.000450479    0.00012035    -0.000178285    -7.58942e-17    -5.71317e-17    4.41839e-16    -1.28912e-16    -2.45299e-18    
379    -2.00361e-16    6.01732e-17    -4.53847e-16    3.13118e-16    3.97045e-16    1.19696e-16    -9.14109e-17    -2.48933e-16    -1.48319e-16    -2.92966e-16    
380    -7.45931e-17    3.68629e-18    -2.26056e-16    -1.99493e-17    1.03267e-16    -1.99493e-16    -5.0866e-17    3.72966e-17    2.27249e-16    2.36749e-16    
381    1.22298e-16    -1.7434e-16    -3.21141e-16    -2.38958e-16    -4.14776e-16    2.5327e-16    4.22246e-18    9.45424e-17    -1.38778e-17    -1.57896e-16    
382    -5.72459e-17    -2.32453e-16    3.94433e-16    -2.74954e-16    -3.86358e-16    -4.42354e-16    4.91609e-17    -4.23273e-16    -1.85615e-16    3.28459e-16    
383    -1.19696e-16    3.4521e-16    4.25739e-16    -2.09034e-16    7.54031e-17    2.39392e-16    -1.9073e-16    -7.97973e-17    2.46331e-16    -4.2844e-16    
384    2.73219e-16    -1.01481e-16    2.59666e-16    2.81893e-16    1.32445e-16    -1.04083e-16    3.07841e-16    1.17094e-16    1.04083e-17    2.15323e-16    
385    3.50848e-16    -0.0193781    0.033157    -0.168293    -6.30905e-16    4.33681e-18    -6.65539e-16    -6.17562e-16    -2.34188e-16    1.34519e-16    
386    -1.60896e-16    -0.0865605    0.142102    0.037964    -0.0258887    -1.27502e-16    -2.3439e-16    9.62772e-16    -1.17094e-16    -6.50297e-18    
387    -8.50015e-17    0.137429    0.0610754    0.0847371    2.93007e-16    -2.81893e-16    -5.44856e-16    -4.13732e-16    7.89299e-17    4.5089e-17    
388    -2.32561e-16    0.0319089    -0.0523834    -0.0139947    0.160746    4.02131e-16    1.1729e-16    -5.88288e-16    1.09504e-16    -7.10589e-18    
389    2.29742e-16    -0.118051    -0.0942325    0.0835556    3.77297e-16    3.59521e-16    5.82702e-16    -5.29091e-17    1.01481e-16    6.41247e-18    
390    -8.17488e-17    0.0546516    -0.0897191    -0.0239693    -0.134857    -1.27936e-16    9.4737e-17    6.30572e-16    4.11997e-18    -1.63323e-17    
391    2.76675e-16    -0.0109049    -0.0204565    0.0517067    1.86116e-16    -5.10009e-16    -1.02991e-16    -4.90059e-17    -2.35489e-16    7.17887e-17    
392    -1.72009e-16    0.0281367    -0.0461908    -0.0123403    -0.0115506    8.89046e-17    -2.62078e-16    7.58942e-17    -6.85216e-17    7.62278e-17    
393    2.48608e-16    -0.035773    -0.0103826    -0.0427019    -8.04372e-17    1.5786e-16    2.04243e-16    -6.19513e-16    4.41921e-16    -1.44002e-17    
394    -3.689e-17    -0.0191418    0.0314243    0.00839529    -0.042268    -1.01319e-16    8.52719e-17    9.75782e-17    -2.42319e-16    -7.00725e-19    
395    1.77809e-17    0.0466779    0.0308391    -0.00900472    -2.40338e-18    2.86229e-17    -2.87127e-16    2.68232e-16    -1.95265e-16    -2.995e-17    
396    -4.09612e-16    -0.0089949    0.0147665    0.00394502    0.0538186    2.19876e-16    1.35335e-16    5.31259e-18    3.75351e-16    3.26368e-17    
397    -4.36175e-16    -0.000478547    -0.000239252    -0.000195579    3.10495e-17    -1.96024e-16    -1.22299e-17    6.98226e-16    -2.15756e-16    2.22204e-17    
398    4.01155e-17    -5.8893e-05    9.66819e-05    2.58295e-05    -0.000557689    -8.93383e-17    -5.18133e-16    -2.7929e-16    4.79217e-17    1.1025e-17    
399    2.21936e-16    0.000334211    0.000297721    -0.00035237    -3.25826e-17    2.92409e-16    2.76166e-16    -2.90769e-16    1.04869e-16    3.98201e-17    
400    -2.20716e-16    -0.000215513    0.000353797    9.45203e-05    0.000379404    -3.33175e-16    9.32462e-17    6.41956e-16    -1.79327e-16    -2.15895e-17    
401    2.11636e-16    0.000144335    -5.84691e-05    0.000547949    4.08787e-20    9.02056e-17    -3.49515e-16    -5.84385e-16    -2.14672e-17    2.04381e-17    
402    2.3866e-16    0.000274406    -0.000450479    -0.00012035    0.000178285    5.01172e-17    1.99067e-16    4.38018e-17    -3.57787e-17    -6.03499e-19    
403    9.54098e-18    0.0599896    -0.0984821    -0.0263104    0.0682879    1.47668e-16    4.56809e-16    -2.72568e-16    2.8276e-16    1.33045e-17    
404    2.80375e-16    -0.117682    -0.0662076    -0.0205033    -9.57969e-17    -3.43909e-16    1.39593e-16    -9.03683e-17    -1.33628e-16    -3.99837e-18    
405    -4.2891e-16    5.55112e-17    5.7029e-17    4.9136e-16    -0.136576    -7.80626e-18    -3.0435e-16    7.9472e-16    -6.20164e-17    8.41684e-18    
406    5.43131e-16    0.0608713    0.0647804    -0.103688    -3.79416e-16    1.6263e-16    -1.51937e-17    -9.5193e-16    6.76542e-17    -1.06016e-17    
407    -1.48536e-17    -0.0599896    0.0984821    0.0263104    0.0682879    -2.64017e-16    -6.15359e-17    6.76542e-16    -1.9082e-16    1.41533e-17    
408    -3.60822e-16    0.0568111    0.00142716    0.124191    5.55735e-16    2.28983e-16    5.3488e-17    5.46438e-17    1.11022e-16    2.80133e-17    
409    -0.0331706    -2.55004e-16    -6.80879e-16    -1.0842e-16    -2.65391e-16    -0.0743779    -0.0591103    -0.196023    -1.76248e-15    1.29065e-15    
410    0.0331706    -3.90313e-18    -1.30104e-16    5.42101e-17    -3.59271e-16    0.0140021    -0.0939683    0.196023    1.71391e-15    -1.51027e-15    
411    -0.0331706    -5.76796e-17    -6.41848e-17    -3.0748e-16    -8.59562e-17    0.0883799    -0.034858    -0.196023    -1.50574e-15    1.3626e-15    
412    0.0331706    2.27249e-16    4.61436e-16    -2.55004e-16    2.02824e-16    0.0743779    0.0591103    0.196023    1.75901e-15    -1.29511e-15    
413    -0.0331706    3.14419e-18    3.72098e-16    3.49547e-16    2.46233e-16    -0.0140021    0.0939683    -0.196023    -1.77809e-15    1.50484e-15    
414    0.0331706    3.1984e-17    -4.33681e-17    2.16407e-16    2.35693e-16    -0.0883799    0.034858    0.196023    1.51962e-15    -1.35614e-15    
415    -2.36898e-16    0.0741268    -0.12169    -0.0325108    -0.0918533    -1.71087e-16    4.46033e-16    6.9107e-16    2.05131e-16    3.18011e-17    
416    4.18936e-16    -0.0668687    0.00178089    -0.159131    -7.4998e-16    -4.43222e-16    -9.31986e-16    1.36176e-16    -4.98733e-16    2.66904e-18    
417    0    -0.077409    0.127079    0.0339503    -0.0806444    3.88578e-16    -7.94666e-16    -4.71845e-16    8.32667e-17    -1.49757e-17    
418    -2.22045e-16    0.148524    0.0818882    0.0321301    8.55865e-17    9.71445e-17    5.48644e-16    -5.13478e-16    0    -1.65579e-17    
419    -6.10623e-16    0.00328226    -0.00538834    -0.00143955    0.172498    0    1.56071e-16    7.77156e-16    -1.94289e-16    1.32178e-17    
420    3.33067e-16    -0.0816551    -0.0836691    0.127001    5.70689e-16    5.96745e-16    2.1992e-16    -8.88178e-16    2.35922e-16    -2.29267e-17    
421    -1.94289e-16    -0.0608713    -0.0647804    0.103688    4.55382e-16    1.11022e-16    -1.59107e-16    9.71445e-17    1.11022e-16    -9.70383e-18    
422    -1.59043e-16    0.0599896    -0.0984821    -0.0263104    -0.0682879    4.94867e-16    2.82704e-17    -2.22081e-16    3.41579e-16    -5.50682e-18    
423    2.85176e-16    -0.0568111    -0.00142716    -0.124191    -6.10623e-16    -2.32588e-16    1.14864e-16    -4.68991e-16    -4.72752e-17    -2.5765e-17    
424    3.878e-17    -0.0599896    0.0984821    0.0263104    -0.0682879    -2.59115e-17    -3.12993e-16    2.41108e-16    1.6669e-16    -2.80334e-17    
425    -2.03333e-16    0.117682    0.0662076    0.0205033    0    1.48916e-16    3.82537e-16    -6.76753e-17    1.40161e-16    1.6865e-17    
426    8.74184e-18    6.53162e-28    3.13644e-22    -6.0086e-16    0.136576    -5.73031e-16    -2.5013e-19    3.04269e-16    -3.89673e-16    2.05384e-27    
#Execution time: 17.7267 s
