#Spin code
#Is hermitian: 1
1   1 1000
2   2 1000
3   3 1000
4   4 1000
5   5 1000
6   6 1000

7   1 1100
8   2 1100
9   3 1100
10   4 1100
11   5 1100
12   6 1100

13   1 2100
14   2 2100
15   3 2100
16   4 2100
17   5 2100
18   6 2100

19   1 1200
20   2 1200
21   3 1200
22   4 1200
23   5 1200
24   6 1200

25   1 1010
26   2 1010
27   3 1010
28   4 1010
29   5 1010
30   6 1010

31   1 2010
32   2 2010
33   3 2010
34   4 2010
35   5 2010
36   6 2010

37   1 1110
38   2 1110
39   3 1110
40   4 1110
41   5 1110
42   6 1110

43   1 2110
44   2 2110
45   3 2110
46   4 2110
47   5 2110
48   6 2110

49   1 3110
50   2 3110
51   3 3110
52   4 3110
53   5 3110
54   6 3110

55   1 1210
56   2 1210
57   3 1210
58   4 1210
59   5 1210
60   6 1210

61   1 2210
62   2 2210
63   3 2210
64   4 2210
65   5 2210
66   6 2210

67   1 1310
68   2 1310
69   3 1310
70   4 1310
71   5 1310
72   6 1310

73   1 3310
74   2 3310
75   3 3310
76   4 3310
77   5 3310
78   6 3310

79   1 1020
80   2 1020
81   3 1020
82   4 1020
83   5 1020
84   6 1020

85   1 1120
86   2 1120
87   3 1120
88   4 1120
89   5 1120
90   6 1120

91   1 2120
92   2 2120
93   3 2120
94   4 2120
95   5 2120
96   6 2120

97   1 1220
98   2 1220
99   3 1220
100   4 1220
101   5 1220
102   6 1220

103   1 1001
104   2 1001
105   3 1001
106   4 1001
107   5 1001
108   6 1001

109   1 2001
110   2 2001
111   3 2001
112   4 2001
113   5 2001
114   6 2001

115   1 1101
116   2 1101
117   3 1101
118   4 1101
119   5 1101
120   6 1101

121   1 2101
122   2 2101
123   3 2101
124   4 2101
125   5 2101
126   6 2101

127   1 3101
128   2 3101
129   3 3101
130   4 3101
131   5 3101
132   6 3101

133   1 1201
134   2 1201
135   3 1201
136   4 1201
137   5 1201
138   6 1201

139   1 2201
140   2 2201
141   3 2201
142   4 2201
143   5 2201
144   6 2201

145   1 1301
146   2 1301
147   3 1301
148   4 1301
149   5 1301
150   6 1301

151   1 3301
152   2 3301
153   3 3301
154   4 3301
155   5 3301
156   6 3301

157   1 1011
158   2 1011
159   3 1011
160   4 1011
161   5 1011
162   6 1011

163   1 2011
164   2 2011
165   3 2011
166   4 2011
167   5 2011
168   6 2011

169   1 3011
170   2 3011
171   3 3011
172   4 3011
173   5 3011
174   6 3011

175   1 1111
176   2 1111
177   3 1111
178   4 1111
179   5 1111
180   6 1111

181   1 2111
182   2 2111
183   3 2111
184   4 2111
185   5 2111
186   6 2111

187   1 3111
188   2 3111
189   3 3111
190   4 3111
191   5 3111
192   6 3111

193   1 1211
194   2 1211
195   3 1211
196   4 1211
197   5 1211
198   6 1211

199   1 2211
200   2 2211
201   3 2211
202   4 2211
203   5 2211
204   6 2211

205   1 3211
206   2 3211
207   3 3211
208   4 3211
209   5 3211
210   6 3211

211   1 1311
212   2 1311
213   3 1311
214   4 1311
215   5 1311
216   6 1311

217   1 2311
218   2 2311
219   3 2311
220   4 2311
221   5 2311
222   6 2311

223   1 1021
224   2 1021
225   3 1021
226   4 1021
227   5 1021
228   6 1021

229   1 2021
230   2 2021
231   3 2021
232   4 2021
233   5 2021
234   6 2021

235   1 1121
236   2 1121
237   3 1121
238   4 1121
239   5 1121
240   6 1121

241   1 2121
242   2 2121
243   3 2121
244   4 2121
245   5 2121
246   6 2121

247   1 3121
248   2 3121
249   3 3121
250   4 3121
251   5 3121
252   6 3121

253   1 1221
254   2 1221
255   3 1221
256   4 1221
257   5 1221
258   6 1221

259   1 2221
260   2 2221
261   3 2221
262   4 2221
263   5 2221
264   6 2221

265   1 1321
266   2 1321
267   3 1321
268   4 1321
269   5 1321
270   6 1321

271   1 3321
272   2 3321
273   3 3321
274   4 3321
275   5 3321
276   6 3321

277   1 1031
278   2 1031
279   3 1031
280   4 1031
281   5 1031
282   6 1031

283   1 3031
284   2 3031
285   3 3031
286   4 3031
287   5 3031
288   6 3031

289   1 1131
290   2 1131
291   3 1131
292   4 1131
293   5 1131
294   6 1131

295   1 2131
296   2 2131
297   3 2131
298   4 2131
299   5 2131
300   6 2131

301   1 1231
302   2 1231
303   3 1231
304   4 1231
305   5 1231
306   6 1231

307   1 3231
308   2 3231
309   3 3231
310   4 3231
311   5 3231
312   6 3231

313   1 2331
314   2 2331
315   3 2331
316   4 2331
317   5 2331
318   6 2331

319   1 3331
320   2 3331
321   3 3331
322   4 3331
323   5 3331
324   6 3331

325   1 1002
326   2 1002
327   3 1002
328   4 1002
329   5 1002
330   6 1002

331   1 1102
332   2 1102
333   3 1102
334   4 1102
335   5 1102
336   6 1102

337   1 2102
338   2 2102
339   3 2102
340   4 2102
341   5 2102
342   6 2102

343   1 1202
344   2 1202
345   3 1202
346   4 1202
347   5 1202
348   6 1202

349   1 1012
350   2 1012
351   3 1012
352   4 1012
353   5 1012
354   6 1012

355   1 2012
356   2 2012
357   3 2012
358   4 2012
359   5 2012
360   6 2012

361   1 1112
362   2 1112
363   3 1112
364   4 1112
365   5 1112
366   6 1112

367   1 2112
368   2 2112
369   3 2112
370   4 2112
371   5 2112
372   6 2112

373   1 3112
374   2 3112
375   3 3112
376   4 3112
377   5 3112
378   6 3112

379   1 1212
380   2 1212
381   3 1212
382   4 1212
383   5 1212
384   6 1212

385   1 2212
386   2 2212
387   3 2212
388   4 2212
389   5 2212
390   6 2212

391   1 1312
392   2 1312
393   3 1312
394   4 1312
395   5 1312
396   6 1312

397   1 3312
398   2 3312
399   3 3312
400   4 3312
401   5 3312
402   6 3312

403   1 1022
404   2 1022
405   3 1022
406   4 1022
407   5 1022
408   6 1022

409   1 1122
410   2 1122
411   3 1122
412   4 1122
413   5 1122
414   6 1122

415   1 2122
416   2 2122
417   3 2122
418   4 2122
419   5 2122
420   6 2122

421   1 1222
422   2 1222
423   3 1222
424   4 1222
425   5 1222
426   6 1222

#426 operators generated.
#Correlation matrix eigenvalues: 
  -3.0842e-16
  -2.9207e-16
  -2.9171e-16
  -2.6781e-16
  -2.5526e-16
  -2.3888e-16
  -2.3759e-16
  -2.3409e-16
  -2.2763e-16
  -2.2183e-16
  -2.2151e-16
  -2.1553e-16
  -2.0680e-16
  -2.0457e-16
  -2.0280e-16
  -1.9529e-16
  -1.9128e-16
  -1.8839e-16
  -1.8590e-16
  -1.7647e-16
  -1.7638e-16
  -1.7170e-16
  -1.6907e-16
  -1.6747e-16
  -1.6231e-16
  -1.5975e-16
  -1.5709e-16
  -1.5135e-16
  -1.4714e-16
  -1.4560e-16
  -1.4346e-16
  -1.4334e-16
  -1.4151e-16
  -1.3815e-16
  -1.3482e-16
  -1.3281e-16
  -1.3211e-16
  -1.2767e-16
  -1.2262e-16
  -1.2238e-16
  -1.2227e-16
  -1.2104e-16
  -1.1902e-16
  -1.1502e-16
  -1.1353e-16
  -1.1319e-16
  -1.1243e-16
  -1.1122e-16
  -1.0824e-16
  -1.0822e-16
  -1.0400e-16
  -1.0193e-16
  -9.6937e-17
  -9.4986e-17
  -9.4919e-17
  -9.3770e-17
  -9.3730e-17
  -9.3425e-17
  -9.2498e-17
  -9.2296e-17
  -9.2043e-17
  -9.1189e-17
  -8.9976e-17
  -8.8341e-17
  -8.7910e-17
  -8.4571e-17
  -8.2665e-17
  -8.2531e-17
  -8.0711e-17
  -8.0553e-17
  -7.7100e-17
  -7.6373e-17
  -7.5911e-17
  -7.4001e-17
  -7.3316e-17
  -7.3072e-17
  -7.2508e-17
  -7.1744e-17
  -7.0589e-17
  -6.9623e-17
  -6.9335e-17
  -6.8878e-17
  -6.8710e-17
  -6.6886e-17
  -6.6206e-17
  -6.5693e-17
  -6.5636e-17
  -6.3607e-17
  -6.2426e-17
  -5.8926e-17
  -5.8899e-17
  -5.7174e-17
  -5.6965e-17
  -5.6571e-17
  -5.5587e-17
  -5.5458e-17
  -5.3778e-17
  -5.3510e-17
  -5.1368e-17
  -5.1248e-17
  -5.1013e-17
  -5.0760e-17
  -4.8832e-17
  -4.7408e-17
  -4.6912e-17
  -4.6309e-17
  -4.5325e-17
  -4.4424e-17
  -4.3409e-17
  -4.3225e-17
  -4.2560e-17
  -4.2345e-17
  -4.1018e-17
  -3.8934e-17
  -3.8179e-17
  -3.6704e-17
  -3.6049e-17
  -3.5343e-17
  -3.4361e-17
  -3.3806e-17
  -3.3572e-17
  -3.3530e-17
  -3.3411e-17
  -3.2573e-17
  -3.1642e-17
  -3.1558e-17
  -3.1280e-17
  -3.0255e-17
  -3.0055e-17
  -2.9918e-17
  -2.9326e-17
  -2.8653e-17
  -2.8507e-17
  -2.8314e-17
  -2.7610e-17
  -2.7030e-17
  -2.5608e-17
  -2.5468e-17
  -2.5261e-17
  -2.4019e-17
  -2.4014e-17
  -2.3932e-17
  -2.2924e-17
  -2.2236e-17
  -2.1273e-17
  -2.1087e-17
  -1.9784e-17
  -1.8390e-17
  -1.7785e-17
  -1.6930e-17
  -1.6853e-17
  -1.5756e-17
  -1.4291e-17
  -1.3898e-17
  -1.3546e-17
  -1.3410e-17
  -1.1075e-17
  -1.0828e-17
  -1.0093e-17
  -9.9834e-18
  -9.5859e-18
  -8.7828e-18
  -7.6793e-18
  -7.1565e-18
  -5.7137e-18
  -4.8654e-18
  -4.3530e-18
  -2.4571e-18
  -1.9269e-18
  -1.1818e-18
  -1.0817e-18
  -3.3688e-19
  -9.1482e-34
   4.3598e-19
   1.6003e-18
   2.5111e-18
   2.9002e-18
   3.4780e-18
   4.2966e-18
   5.5342e-18
   5.8069e-18
   5.9277e-18
   5.9412e-18
   6.5735e-18
   7.3390e-18
   8.1151e-18
   8.2624e-18
   9.4678e-18
   9.6057e-18
   9.9270e-18
   1.0250e-17
   1.0633e-17
   1.0941e-17
   1.1518e-17
   1.1958e-17
   1.2845e-17
   1.2917e-17
   1.3708e-17
   1.6640e-17
   1.6984e-17
   1.7267e-17
   1.8444e-17
   1.8468e-17
   1.9147e-17
   1.9387e-17
   2.0612e-17
   2.0787e-17
   2.2584e-17
   2.3752e-17
   2.4880e-17
   2.6217e-17
   2.6589e-17
   2.7643e-17
   2.7931e-17
   2.8689e-17
   2.8726e-17
   2.9011e-17
   2.9873e-17
   3.0528e-17
   3.1656e-17
   3.2114e-17
   3.4050e-17
   3.4802e-17
   3.4827e-17
   3.6745e-17
   3.8374e-17
   3.9006e-17
   3.9782e-17
   4.0267e-17
   4.1214e-17
   4.1406e-17
   4.1712e-17
   4.3861e-17
   4.4978e-17
   4.4998e-17
   4.5099e-17
   4.5859e-17
   4.6318e-17
   4.7366e-17
   4.8929e-17
   4.9834e-17
   5.0255e-17
   5.1821e-17
   5.2335e-17
   5.2540e-17
   5.3993e-17
   5.4787e-17
   5.5209e-17
   5.6137e-17
   5.9362e-17
   5.9714e-17
   5.9771e-17
   6.1040e-17
   6.2274e-17
   6.2484e-17
   6.4420e-17
   6.4488e-17
   6.6399e-17
   6.7525e-17
   7.0543e-17
   7.2967e-17
   7.3096e-17
   7.4820e-17
   7.5778e-17
   7.7064e-17
   7.7497e-17
   7.8953e-17
   8.1234e-17
   8.2496e-17
   8.5431e-17
   8.5716e-17
   8.6467e-17
   8.7195e-17
   9.0438e-17
   9.2479e-17
   9.7583e-17
   9.7762e-17
   9.8174e-17
   9.8451e-17
   1.0029e-16
   1.0076e-16
   1.0190e-16
   1.1011e-16
   1.1074e-16
   1.1268e-16
   1.1486e-16
   1.1577e-16
   1.1595e-16
   1.1856e-16
   1.2337e-16
   1.2867e-16
   1.3068e-16
   1.3276e-16
   1.3515e-16
   1.3529e-16
   1.3608e-16
   1.3972e-16
   1.3978e-16
   1.4125e-16
   1.5022e-16
   1.5187e-16
   1.5333e-16
   1.5722e-16
   1.5966e-16
   1.6485e-16
   1.7144e-16
   1.7732e-16
   1.9114e-16
   1.9517e-16
   1.9846e-16
   2.0308e-16
   2.0416e-16
   2.0561e-16
   2.0566e-16
   2.2346e-16
   2.2366e-16
   2.2486e-16
   2.5279e-16
   2.5594e-16
   2.7452e-16
   2.7729e-16
   3.6686e-16
   4.6620e-16
   4.6345e-02
   4.6345e-02
   4.6345e-02
   4.6345e-02
   6.4801e-02
   9.5492e-02
   9.5492e-02
   9.5492e-02
   1.1339e-01
   1.1339e-01
   1.1339e-01
   1.1339e-01
   1.4869e-01
   1.4869e-01
   1.9331e-01
   2.3751e-01
   2.3751e-01
   2.5000e-01
   2.5000e-01
   2.5000e-01
   2.5000e-01
   2.5000e-01
   2.5000e-01
   2.5000e-01
   2.5000e-01
   2.5000e-01
   2.5000e-01
   2.5000e-01
   2.5000e-01
   2.5000e-01
   2.5000e-01
   2.5000e-01
   2.5000e-01
   2.5000e-01
   2.5000e-01
   2.5000e-01
   2.5597e-01
   2.8898e-01
   2.8898e-01
   2.9445e-01
   2.9445e-01
   2.9445e-01
   2.9445e-01
   3.0939e-01
   3.0939e-01
   3.3333e-01
   3.3333e-01
   3.3333e-01
   3.3333e-01
   3.3333e-01
   3.3333e-01
   3.3333e-01
   3.3333e-01
   3.3333e-01
   3.3333e-01
   3.6344e-01
   3.7784e-01
   3.7784e-01
   4.1697e-01
   5.1123e-01
   5.1123e-01
   5.1123e-01
   5.1123e-01
   5.4599e-01
   5.4599e-01
   5.9337e-01
   5.9337e-01
   5.9820e-01
   5.9820e-01
   6.2245e-01
   6.2245e-01
   6.2245e-01
   6.2245e-01
   6.2500e-01
   6.2500e-01
   6.5451e-01
   6.5451e-01
   6.5451e-01
   6.6950e-01
   6.6950e-01
   6.7942e-01
   7.0000e-01
   7.0000e-01
   7.0000e-01
   7.0000e-01
   7.0774e-01
   7.3663e-01
   7.3663e-01
   7.5283e-01
   7.5283e-01
   7.5283e-01
   7.5283e-01
   8.1234e-01
   8.1234e-01
   8.2413e-01
   8.4496e-01
   9.2500e-01
   9.2500e-01
   9.2500e-01
   1.0000e+00
   1.0000e+00
   1.2677e+00
   1.2677e+00

#10 eigenvectors corresponding to largest eigenvalues: 
1    2.21634e-16    3.90982e-16    -0.328987    -0.241731    1.73472e-16    -3.22659e-16    6.6719e-17    1.62701e-17    -6.46362e-17    1.68113e-17    
2    1.87466e-16    4.01441e-16    -0.328987    -0.241731    4.47559e-16    -2.42861e-16    7.27904e-17    5.9389e-17    1.19588e-16    3.47436e-16    
3    2.16496e-16    2.9539e-16    -0.328987    -0.241731    5.44703e-16    -3.95517e-16    -1.02038e-17    -2.6748e-16    1.80096e-16    1.99219e-16    
4    2.92782e-16    1.93839e-16    -0.328987    -0.241731    2.42861e-16    -4.57967e-16    8.90138e-18    3.99876e-17    -1.82887e-16    -3.66218e-16    
5    2.76039e-16    2.94419e-16    -0.328987    -0.241731    4.61436e-16    -3.53884e-16    -3.74923e-17    1.07871e-17    1.0408e-16    5.0794e-16    
6    2.60349e-16    3.70162e-16    -0.328987    -0.241731    4.996e-16    -4.23273e-16    -6.1317e-17    -2.31677e-16    1.53435e-16    2.29129e-16    
7    -0.208905    4.95734e-16    -9.22714e-18    1.63064e-16    8.67362e-17    2.5327e-16    9.39982e-17    3.43834e-16    3.07849e-15    2.21606e-16    
8    -0.208905    3.33912e-16    -4.66284e-17    -3.98986e-17    5.37764e-17    8.32667e-17    1.5798e-16    -6.92623e-16    2.72411e-15    -5.33502e-18    
9    -0.208905    2.92277e-16    -1.34979e-16    -1.73472e-17    1.49186e-16    1.73472e-17    6.55639e-16    3.35358e-16    2.38766e-15    4.89645e-16    
10    -0.208905    6.01562e-16    6.29275e-17    1.73472e-17    -1.63064e-16    1.99493e-16    3.0736e-16    2.58041e-16    2.88762e-15    1.18481e-16    
11    -0.208905    5.30607e-16    -6.0794e-17    -6.59195e-17    -6.07153e-17    8.32667e-17    9.89498e-17    -6.94886e-16    2.66339e-15    8.37533e-18    
12    -0.208905    1.41963e-16    -2.60805e-16    9.36751e-17    2.5327e-16    4.68375e-17    4.10347e-16    2.96551e-16    2.50562e-15    5.14105e-16    
13    -3.47509e-16    -0.147718    -3.22539e-17    -1.27256e-16    -2.05794e-16    8.525e-17    -1.33426e-16    0.125673    -9.70434e-16    -0.0710697    
14    -3.35362e-16    -0.147718    -7.67668e-17    -1.55641e-16    -1.17227e-16    1.52002e-17    -1.51317e-16    0.125673    -1.65219e-15    -0.0710697    
15    -1.93721e-16    -0.147718    -5.66181e-17    -1.47755e-16    -7.78463e-17    -2.07732e-17    -1.56103e-16    0.125673    1.46794e-16    -0.0710697    
16    -3.33012e-16    -0.147718    -4.78855e-17    -1.75829e-16    -4.273e-17    -3.96501e-17    -1.09632e-16    0.125673    -8.08052e-16    -0.0710697    
17    -2.78418e-16    -0.147718    -1.50773e-16    -9.66599e-17    -1.76208e-16    8.80586e-17    -7.67772e-17    0.125673    -1.70522e-15    -0.0710697    
18    -2.77943e-16    -0.147718    6.9072e-18    -1.31709e-16    -1.45067e-16    4.94831e-17    -1.79399e-16    0.125673    -6.90784e-17    -0.0710697    
19    -3.33815e-16    -0.147718    -6.92674e-17    -2.14863e-16    2.11359e-18    8.14315e-17    1.12986e-16    -0.125673    -1.57834e-16    -0.0710697    
20    -3.41318e-16    -0.147718    -1.19809e-16    -1.26154e-16    2.64957e-17    1.20669e-16    1.41979e-16    -0.125673    -9.3332e-16    -0.0710697    
21    -2.07102e-16    -0.147718    -5.7215e-17    -1.49927e-16    1.1228e-16    1.12451e-16    8.62145e-17    -0.125673    7.32977e-16    -0.0710697    
22    -3.34697e-16    -0.147718    -4.83254e-17    -1.65424e-16    1.59914e-17    1.23065e-16    1.22057e-16    -0.125673    -2.33369e-16    -0.0710697    
23    -2.29214e-16    -0.147718    -4.4002e-17    -2.25033e-16    -3.76891e-17    1.1373e-16    1.11705e-16    -0.125673    -1.05398e-15    -0.0710697    
24    -2.15121e-16    -0.147718    -8.02537e-18    -2.15846e-16    2.20747e-17    4.30625e-17    5.65785e-17    -0.125673    6.59374e-16    -0.0710697    
25    -0.190298    3.06629e-16    -1.7914e-16    1.14492e-16    5.20417e-17    -2.60209e-17    1.78385e-16    2.22524e-16    -1.97288e-16    1.57885e-16    
26    -0.190298    4.0568e-16    -1.10979e-16    -1.04083e-17    5.55112e-17    1.02349e-16    1.56304e-16    1.45202e-16    6.37608e-17    1.52027e-16    
27    -0.190298    3.84069e-16    -9.14008e-17    3.81639e-17    -1.07553e-16    1.73472e-17    1.78117e-16    -2.13346e-16    -2.33886e-16    -1.25494e-17    
28    -0.190298    4.28537e-16    -1.57576e-16    3.81639e-17    -7.28584e-17    -8.67362e-17    2.8238e-16    1.37293e-16    -1.82185e-16    4.96245e-17    
29    -0.190298    3.74718e-16    -5.80731e-17    1.73472e-17    1.38778e-17    4.51028e-17    1.28691e-16    1.61737e-16    7.88582e-17    8.28056e-17    
30    -0.190298    3.79821e-16    -8.20657e-17    1.47451e-16    3.46945e-18    5.0307e-17    4.31488e-17    -1.31289e-16    -2.41309e-17    8.0095e-17    
31    -2.03411e-16    -0.134561    -4.18972e-18    -1.23708e-16    3.59105e-17    1.17452e-16    1.86882e-17    -0.114063    5.17883e-16    0.00296912    
32    -2.35098e-16    -0.134561    -1.10141e-16    -1.44618e-16    -3.91583e-17    3.31614e-17    4.73227e-17    -0.114063    3.60964e-16    0.00296912    
33    -1.45678e-16    -0.134561    -2.61633e-17    -9.67855e-17    2.84005e-17    1.03098e-16    6.36243e-17    -0.114063    2.25893e-16    0.00296912    
34    -2.36643e-16    -0.134561    3.25947e-17    -7.34007e-17    1.39994e-16    9.31658e-17    8.88916e-17    -0.114063    4.29761e-16    0.00296912    
35    -3.10919e-16    -0.134561    -4.39948e-17    -6.02673e-17    1.02222e-16    1.93633e-18    1.23205e-16    -0.114063    1.34118e-16    0.00296912    
36    -2.64439e-16    -0.134561    5.79436e-17    -5.51521e-17    -4.79273e-17    1.96773e-16    9.0813e-17    -0.114063    4.71821e-17    0.00296912    
37    1.06226e-16    -4.48918e-17    -8.69608e-17    5.91703e-17    0.114184    0.169591    -0.117288    -1.10602e-17    1.10366e-16    5.84642e-17    
38    2.81624e-17    1.6316e-17    -1.14203e-16    3.42608e-17    0.114184    0.169591    -0.117288    -3.95121e-17    1.11525e-16    -3.98747e-17    
39    -1.83237e-17    -2.62134e-18    -6.83449e-17    3.88144e-17    0.114184    0.169591    -0.117288    -3.67172e-18    4.31081e-18    2.15677e-17    
40    -5.39336e-17    4.13248e-17    -4.78356e-17    7.13405e-17    0.114184    0.169591    -0.117288    1.867e-18    -5.65484e-17    1.45858e-17    
41    3.38058e-17    1.22092e-17    -1.37833e-16    -2.88398e-17    0.114184    0.169591    -0.117288    -1.50304e-17    1.30583e-16    -5.84336e-17    
42    2.03873e-16    2.34321e-17    -8.29601e-17    6.26669e-17    0.114184    0.169591    -0.117288    1.20791e-17    -4.79485e-17    -3.44886e-17    
43    6.56954e-17    -1.20484e-16    5.21908e-17    1.23274e-16    0.0488995    0.0483031    0.117449    -4.08088e-17    9.58729e-17    1.65828e-16    
44    1.8436e-16    -2.96712e-17    -1.84282e-18    1.01481e-16    0.0488995    0.0483031    0.117449    1.27812e-16    -3.22781e-17    -1.0342e-16    
45    6.38929e-17    5.283e-17    1.46942e-17    1.1338e-16    0.0488995    0.0483031    0.117449    7.95803e-17    -3.46689e-18    -4.693e-17    
46    1.62901e-16    4.09683e-17    1.35193e-16    1.23599e-16    0.0488995    0.0483031    0.117449    8.61711e-18    -1.96036e-16    1.50793e-16    
47    1.24071e-16    4.29336e-17    -1.09819e-16    -5.20417e-17    0.0488995    0.0483031    0.117449    2.84344e-17    -6.88042e-17    -2.17763e-16    
48    1.84836e-16    -2.72088e-17    -5.29358e-17    7.92552e-17    0.0488995    0.0483031    0.117449    1.35959e-17    8.76108e-17    -6.04415e-17    
49    -1.30222e-16    8.70089e-17    0.0646054    -0.0879256    -0.0485415    0.0363271    0.00526992    -4.92099e-16    -0.0486865    3.44183e-17    
50    -3.03443e-17    -3.71052e-18    0.0646054    -0.0879256    -0.0485415    0.0363271    0.00526992    -5.02014e-17    -0.0486865    6.30642e-16    
51    2.22108e-17    1.13229e-16    0.0646054    -0.0879256    -0.0485415    0.0363271    0.00526992    7.43651e-17    -0.0486865    6.08735e-16    
52    -5.98688e-17    3.14144e-16    0.0646054    -0.0879256    -0.0485415    0.0363271    0.00526992    -3.81859e-16    -0.0486865    1.03454e-16    
53    -3.81301e-17    8.23551e-17    0.0646054    -0.0879256    -0.0485415    0.0363271    0.00526992    -1.24936e-16    -0.0486865    4.82554e-16    
54    -1.32522e-16    1.54811e-16    0.0646054    -0.0879256    -0.0485415    0.0363271    0.00526992    2.11811e-17    -0.0486865    5.04131e-16    
55    1.23987e-16    -8.85318e-18    8.1066e-17    1.30538e-16    0.0488995    0.0483031    0.117449    -2.22863e-19    1.76084e-16    1.16718e-16    
56    1.24393e-16    4.43348e-17    -1.05131e-16    5.40746e-17    0.0488995    0.0483031    0.117449    3.29656e-17    1.23403e-17    -2.03999e-16    
57    6.33041e-17    7.9495e-17    -1.69704e-17    3.1225e-17    0.0488995    0.0483031    0.117449    2.16623e-16    -1.54683e-17    -9.83798e-17    
58    1.56553e-16    1.00354e-16    1.28458e-16    6.91721e-17    0.0488995    0.0483031    0.117449    2.79118e-17    -1.31696e-16    1.01887e-16    
59    1.19538e-16    8.22391e-18    -6.28795e-17    -8.07256e-17    0.0488995    0.0483031    0.117449    4.09098e-17    2.75736e-17    -1.66252e-16    
60    5.93528e-17    -8.88236e-17    -2.1608e-17    1.13841e-16    0.0488995    0.0483031    0.117449    1.67701e-16    1.7733e-16    -6.89187e-17    
61    -5.63255e-17    -5.78331e-17    0.0646054    -0.0879256    0.0970829    -0.0726542    -0.0105398    -1.47391e-17    0.038962    -4.2387e-16    
62    -8.35199e-18    1.18883e-17    0.0646054    -0.0879256    0.0970829    -0.0726542    -0.0105398    3.84945e-16    0.038962    -5.30248e-17    
63    -1.9452e-16    -4.72509e-17    0.0646054    -0.0879256    0.0970829    -0.0726542    -0.0105398    2.08586e-16    0.038962    -1.97438e-16    
64    -1.88402e-16    2.78201e-17    0.0646054    -0.0879256    0.0970829    -0.0726542    -0.0105398    -1.32779e-16    0.038962    -3.79654e-16    
65    -8.04875e-17    4.65607e-19    0.0646054    -0.0879256    0.0970829    -0.0726542    -0.0105398    1.52254e-16    0.038962    -1.74044e-16    
66    -6.46784e-17    4.86813e-17    0.0646054    -0.0879256    0.0970829    -0.0726542    -0.0105398    2.31937e-16    0.038962    -2.04057e-16    
67    -1.93553e-16    2.49745e-16    0.129211    -0.175851    -0.0485415    0.0363271    0.00526992    2.97929e-16    0.0779241    -5.8928e-16    
68    -1.37975e-16    6.84261e-17    0.129211    -0.175851    -0.0485415    0.0363271    0.00526992    6.31285e-18    0.0779241    -2.47773e-16    
69    -1.03468e-16    7.14875e-17    0.129211    -0.175851    -0.0485415    0.0363271    0.00526992    3.39785e-16    0.0779241    -6.48094e-16    
70    -8.02201e-17    1.19499e-16    0.129211    -0.175851    -0.0485415    0.0363271    0.00526992    2.30787e-16    0.0779241    -3.89595e-16    
71    -1.08268e-16    6.63589e-17    0.129211    -0.175851    -0.0485415    0.0363271    0.00526992    1.07787e-16    0.0779241    -5.28887e-16    
72    -1.94437e-16    6.02505e-17    0.129211    -0.175851    -0.0485415    0.0363271    0.00526992    4.72569e-16    0.0779241    -3.66933e-16    
73    -4.48658e-17    1.18484e-16    0.0646054    -0.0879256    -0.0485415    0.0363271    0.00526992    -9.37068e-17    -0.0486865    2.00512e-16    
74    -3.01666e-17    1.20061e-16    0.0646054    -0.0879256    -0.0485415    0.0363271    0.00526992    -4.45742e-16    -0.0486865    2.96362e-16    
75    3.30333e-17    1.648e-16    0.0646054    -0.0879256    -0.0485415    0.0363271    0.00526992    -3.40037e-16    -0.0486865    9.2582e-16    
76    3.18886e-17    1.19054e-16    0.0646054    -0.0879256    -0.0485415    0.0363271    0.00526992    -1.35707e-17    -0.0486865    2.04743e-16    
77    -6.62241e-17    2.31267e-18    0.0646054    -0.0879256    -0.0485415    0.0363271    0.00526992    -2.60263e-16    -0.0486865    1.47374e-16    
78    -1.00859e-16    1.97083e-16    0.0646054    -0.0879256    -0.0485415    0.0363271    0.00526992    -2.12208e-16    -0.0486865    7.48259e-16    
79    -2.33174e-16    -0.134561    -1.12263e-16    -9.24092e-17    7.18178e-18    2.8598e-17    -7.66033e-17    0.114063    -6.57722e-17    0.00296912    
80    -2.51479e-16    -0.134561    -2.61867e-17    -9.01944e-18    4.57373e-17    -6.69683e-17    -2.37135e-17    0.114063    -1.14666e-16    0.00296912    
81    -3.11436e-16    -0.134561    -1.40198e-16    -8.58158e-17    1.26551e-17    2.12918e-17    -3.59316e-17    0.114063    -5.45947e-16    0.00296912    
82    -2.19994e-16    -0.134561    -1.36321e-16    -1.50522e-16    -3.70537e-17    1.64549e-17    -1.05813e-16    0.114063    -1.34322e-16    0.00296912    
83    -1.69433e-16    -0.134561    -6.2709e-17    -1.41726e-16    9.30815e-18    -1.24214e-16    -1.02823e-16    0.114063    -6.60853e-17    0.00296912    
84    -2.39935e-16    -0.134561    -1.32648e-16    -9.19415e-17    -5.80077e-17    1.03413e-17    -4.73058e-17    0.114063    -5.05516e-16    0.00296912    
85    9.0526e-17    -4.42577e-17    1.02913e-16    4.0766e-17    0.0488995    0.0483031    0.117449    1.75675e-16    1.20251e-17    2.70243e-17    
86    1.69019e-16    1.01363e-16    -8.08812e-17    -6.00648e-17    0.0488995    0.0483031    0.117449    7.38713e-17    1.17669e-16    -2.86348e-16    
87    -6.07562e-17    6.34166e-17    -5.69359e-17    4.77049e-18    0.0488995    0.0483031    0.117449    1.33061e-16    7.94505e-17    -1.10631e-16    
88    1.69586e-16    -2.72715e-18    7.39068e-17    3.38271e-17    0.0488995    0.0483031    0.117449    1.19406e-16    -1.66027e-17    -9.48418e-18    
89    1.64823e-16    5.23657e-17    -9.92043e-17    3.01408e-17    0.0488995    0.0483031    0.117449    1.04798e-16    1.66802e-16    -2.34305e-16    
90    9.78715e-17    -9.04263e-17    -4.16235e-17    3.98986e-17    0.0488995    0.0483031    0.117449    2.05677e-16    2.45367e-16    -1.05171e-16    
91    -1.9548e-17    8.68498e-17    -3.78653e-17    1.54824e-16    0.0970829    -0.0726542    -0.0105398    -4.78026e-16    -0.0876485    6.71221e-17    
92    1.3118e-17    -5.58565e-17    -9.68669e-17    1.65666e-16    0.0970829    -0.0726542    -0.0105398    -1.38573e-16    -0.0876485    6.78942e-16    
93    -1.33328e-16    4.61862e-17    1.24724e-16    8.13694e-17    0.0970829    -0.0726542    -0.0105398    -2.02493e-16    -0.0876485    1.20342e-15    
94    -1.13171e-16    -2.74053e-17    -1.6528e-16    8.66278e-17    0.0970829    -0.0726542    -0.0105398    -4.27867e-16    -0.0876485    1.69068e-16    
95    -3.15235e-18    8.47768e-17    7.73803e-18    1.55691e-16    0.0970829    -0.0726542    -0.0105398    -2.53225e-16    -0.0876485    5.50195e-16    
96    3.01073e-17    -5.65943e-17    7.18077e-17    1.69e-16    0.0970829    -0.0726542    -0.0105398    -3.00565e-16    -0.0876485    9.56563e-16    
97    -1.00424e-16    9.72996e-17    0.0646054    -0.0879256    0.0970829    -0.0726542    -0.0105398    3.74339e-16    0.038962    -2.48586e-16    
98    -1.92374e-16    2.44325e-17    0.0646054    -0.0879256    0.0970829    -0.0726542    -0.0105398    2.40998e-16    0.038962    -3.89438e-16    
99    -1.92781e-16    -2.57445e-17    0.0646054    -0.0879256    0.0970829    -0.0726542    -0.0105398    1.08365e-16    0.038962    -2.09382e-16    
100    -1.63143e-16    8.0861e-17    0.0646054    -0.0879256    0.0970829    -0.0726542    -0.0105398    1.35384e-16    0.038962    -2.99492e-16    
101    -1.4089e-16    -6.33775e-17    0.0646054    -0.0879256    0.0970829    -0.0726542    -0.0105398    6.83849e-17    0.038962    -3.82617e-16    
102    -1.41229e-17    2.76072e-17    0.0646054    -0.0879256    0.0970829    -0.0726542    -0.0105398    -1.27818e-17    0.038962    -1.71691e-16    
103    -0.291799    5.05741e-16    -3.0952e-16    -2.77556e-17    -1.38778e-16    9.71445e-17    1.75207e-16    -1.11265e-15    -1.26091e-15    -5.89039e-16    
104    -0.291799    5.09197e-16    -4.46895e-16    4.85723e-17    2.91434e-16    4.85723e-17    4.70645e-16    5.01721e-16    -1.00402e-15    4.28722e-16    
105    -0.291799    5.88253e-16    -2.04425e-16    7.28584e-17    5.89806e-17    4.09395e-16    -6.5545e-17    4.55275e-16    -4.90551e-16    -1.7874e-16    
106    -0.291799    5.05741e-16    -3.0952e-16    -2.42861e-17    -1.49186e-16    7.97973e-17    1.75528e-16    -1.11265e-15    -1.25988e-15    -5.89039e-16    
107    -0.291799    5.09197e-16    -4.46331e-16    5.55112e-17    3.26128e-16    2.77556e-17    4.7186e-16    5.01721e-16    -9.77576e-16    4.28722e-16    
108    -0.291799    5.88253e-16    -2.04425e-16    7.28584e-17    5.89806e-17    4.09395e-16    -6.5545e-17    4.55275e-16    -4.90551e-16    -1.7874e-16    
109    -4.03303e-16    -0.206333    -3.6194e-16    -3.06408e-16    -9.59432e-17    -5.14894e-17    -2.81446e-17    2.08167e-16    -1.29627e-15    0.0215211    
110    -3.03822e-16    -0.206333    2.12909e-17    -3.75227e-16    -1.15245e-16    -9.86709e-17    -3.07138e-17    -4.85723e-17    1.61361e-15    0.0215211    
111    -3.39683e-16    -0.206333    1.95584e-16    -1.18634e-16    7.93844e-17    8.58559e-17    2.37697e-17    -1.04083e-17    -1.73687e-16    0.0215211    
112    -4.59917e-16    -0.206333    -1.48157e-16    -1.65549e-16    -1.08791e-16    4.86878e-18    9.77886e-17    1.66533e-16    -1.65873e-15    0.0215211    
113    -3.9629e-16    -0.206333    6.94253e-17    -1.48222e-16    -9.21246e-17    -7.35395e-18    1.87603e-17    7.63278e-17    1.25486e-15    0.0215211    
114    -4.67529e-16    -0.206333    4.8911e-17    -2.45269e-16    4.79133e-18    1.28357e-16    -4.06114e-17    9.71445e-17    6.2647e-17    0.0215211    
115    3.57793e-17    -7.79662e-18    -4.03967e-17    2.34188e-17    0.114184    0.169591    -0.117288    1.13065e-18    8.89004e-17    9.50046e-17    
116    -4.91883e-17    1.03379e-17    -7.81266e-17    6.245e-17    0.114184    0.169591    -0.117288    6.84856e-17    1.08329e-16    -2.85703e-17    
117    -2.77443e-17    1.43122e-17    -8.88996e-17    1.34441e-17    0.114184    0.169591    -0.117288    4.05876e-17    9.02082e-17    -3.41314e-17    
118    -3.93029e-17    1.18223e-17    -1.83129e-17    9.37564e-17    0.114184    0.169591    -0.117288    3.98252e-18    -1.78524e-17    6.442e-17    
119    -4.23065e-17    3.2022e-17    -9.60134e-17    2.38524e-17    0.114184    0.169591    -0.117288    5.47796e-17    1.32182e-16    -3.44618e-17    
120    5.9889e-17    3.64548e-17    -7.11925e-17    6.46184e-17    0.114184    0.169591    -0.117288    4.30985e-17    -1.10346e-17    -4.43983e-17    
121    1.4073e-16    -9.99598e-17    3.22486e-17    4.59702e-17    0.0488995    0.0483031    0.117449    -8.36226e-17    1.39724e-16    1.31083e-16    
122    7.5818e-17    -6.46884e-17    -7.45885e-17    9.41087e-17    0.0488995    0.0483031    0.117449    3.71025e-18    -2.72856e-17    -2.0116e-16    
123    1.6329e-16    -6.24126e-18    -8.0826e-17    6.59195e-17    0.0488995    0.0483031    0.117449    1.46552e-16    -2.60174e-17    -1.25452e-16    
124    2.35661e-16    6.26767e-17    -2.50709e-17    1.22298e-16    0.0488995    0.0483031    0.117449    -3.24767e-18    -9.77058e-17    4.92922e-17    
125    1.3577e-16    2.0566e-17    -5.0236e-17    -8.76035e-17    0.0488995    0.0483031    0.117449    -5.5601e-17    -1.0558e-16    -2.14895e-16    
126    1.49846e-16    -2.41982e-17    -6.63962e-18    -3.90313e-18    0.0488995    0.0483031    0.117449    1.67111e-16    8.7778e-17    -9.55024e-17    
127    -1.04302e-16    1.20698e-16    0.0646054    -0.0879256    -0.0485415    0.0363271    0.00526992    -1.08223e-16    -0.0880103    5.90331e-16    
128    -1.16403e-17    1.24534e-16    0.0646054    -0.0879256    -0.0485415    0.0363271    0.00526992    -2.24743e-16    -0.0880103    7.60357e-16    
129    -3.02694e-17    2.31036e-16    0.0646054    -0.0879256    -0.0485415    0.0363271    0.00526992    -1.61409e-16    -0.0880103    4.9139e-16    
130    -6.61572e-17    1.39426e-16    0.0646054    -0.0879256    -0.0485415    0.0363271    0.00526992    -1.5052e-16    -0.0880103    5.743e-16    
131    -8.07177e-17    1.1278e-16    0.0646054    -0.0879256    -0.0485415    0.0363271    0.00526992    -2.94959e-16    -0.0880103    5.52217e-16    
132    -1.25151e-16    1.92016e-17    0.0646054    -0.0879256    -0.0485415    0.0363271    0.00526992    -8.4573e-17    -0.0880103    3.949e-16    
133    5.14179e-17    -1.35413e-16    -1.28233e-17    8.06646e-17    0.0488995    0.0483031    0.117449    3.77032e-16    1.7961e-16    -1.79094e-17    
134    1.27159e-16    2.19638e-17    3.77519e-18    5.55112e-17    0.0488995    0.0483031    0.117449    4.22944e-16    7.22914e-17    -2.15335e-16    
135    2.09265e-16    1.50969e-16    -5.1986e-17    2.10335e-17    0.0488995    0.0483031    0.117449    4.88915e-16    7.55429e-17    -1.55689e-16    
136    2.30954e-16    -3.44115e-17    1.06073e-16    1.06252e-16    0.0488995    0.0483031    0.117449    3.5217e-16    -1.33688e-16    -1.22581e-17    
137    1.11689e-16    -1.01393e-17    -3.08983e-17    -1.4962e-17    0.0488995    0.0483031    0.117449    5.02938e-16    7.78745e-17    -1.73805e-16    
138    2.06004e-16    3.66195e-17    1.42462e-17    5.91974e-17    0.0488995    0.0483031    0.117449    4.18356e-16    2.52622e-16    -3.58181e-18    
139    1.43161e-17    -7.24333e-17    0.0646054    -0.0879256    0.0970829    -0.0726542    -0.0105398    9.76698e-19    0.044077    -3.4605e-16    
140    -4.39497e-17    -1.77385e-17    0.0646054    -0.0879256    0.0970829    -0.0726542    -0.0105398    1.57542e-16    0.044077    -3.70098e-17    
141    -1.42873e-16    -1.13862e-16    0.0646054    -0.0879256    0.0970829    -0.0726542    -0.0105398    1.12133e-16    0.044077    -1.22609e-16    
142    -2.00114e-16    2.96759e-19    0.0646054    -0.0879256    0.0970829    -0.0726542    -0.0105398    1.13461e-16    0.044077    -4.31747e-16    
143    -4.22382e-17    1.84829e-16    0.0646054    -0.0879256    0.0970829    -0.0726542    -0.0105398    4.23136e-17    0.044077    -6.99434e-17    
144    -3.69266e-17    -2.37387e-17    0.0646054    -0.0879256    0.0970829    -0.0726542    -0.0105398    1.16043e-16    0.044077    -1.10657e-16    
145    -1.74533e-16    8.23568e-17    0.0646054    -0.0879256    -0.0485415    0.0363271    0.00526992    -1.56604e-16    -0.0242663    1.03576e-16    
146    -1.19284e-17    6.64086e-17    0.0646054    -0.0879256    -0.0485415    0.0363271    0.00526992    4.31719e-18    -0.0242663    1.09186e-15    
147    -6.28393e-17    1.29694e-16    0.0646054    -0.0879256    -0.0485415    0.0363271    0.00526992    -8.97983e-17    -0.0242663    -5.42942e-16    
148    -4.70148e-17    1.25378e-16    0.0646054    -0.0879256    -0.0485415    0.0363271    0.00526992    -1.29775e-16    -0.0242663    1.77276e-16    
149    -2.91123e-17    2.03225e-16    0.0646054    -0.0879256    -0.0485415    0.0363271    0.00526992    -3.1347e-17    -0.0242663    1.01275e-15    
150    -8.66403e-17    1.61618e-16    0.0646054    -0.0879256    -0.0485415    0.0363271    0.00526992    1.75744e-17    -0.0242663    -6.81117e-16    
151    2.338e-17    5.40434e-17    -2.00641e-16    1.5973e-16    -0.0485415    0.0363271    0.00526992    -1.58403e-16    -0.200431    1.2182e-15    
152    6.5514e-17    2.15683e-16    -7.59478e-17    -1.70003e-16    -0.0485415    0.0363271    0.00526992    -6.85627e-16    -0.200431    1.58025e-15    
153    1.34116e-16    1.94969e-16    -1.51995e-16    -6.245e-17    -0.0485415    0.0363271    0.00526992    -4.52454e-16    -0.200431    8.38978e-16    
154    4.97385e-17    1.54074e-16    -1.39186e-16    1.82634e-16    -0.0485415    0.0363271    0.00526992    -2.18578e-16    -0.200431    1.35607e-15    
155    -3.48938e-17    5.64567e-17    -4.46583e-17    -1.70003e-16    -0.0485415    0.0363271    0.00526992    -6.61841e-16    -0.200431    1.72527e-15    
156    -1.58045e-17    3.99377e-17    -1.71147e-16    -2.39392e-16    -0.0485415    0.0363271    0.00526992    -5.15193e-16    -0.200431    4.11849e-16    
157    -3.96123e-17    2.91385e-17    -1.03529e-16    8.45678e-18    0.114184    0.169591    -0.117288    3.79582e-17    1.50527e-16    -1.03352e-16    
158    -2.48518e-17    -1.97694e-17    -7.79673e-17    6.39679e-17    0.114184    0.169591    -0.117288    1.10396e-16    2.89177e-17    -1.92314e-18    
159    -2.88368e-17    2.98656e-17    -5.0345e-17    5.33427e-17    0.114184    0.169591    -0.117288    -7.21172e-18    2.92068e-17    2.3269e-17    
160    -3.59467e-17    4.14614e-17    -8.02668e-17    5.11743e-17    0.114184    0.169591    -0.117288    2.47382e-17    4.1543e-17    -7.39427e-17    
161    9.24907e-17    -9.59322e-18    -8.14997e-17    6.72205e-17    0.114184    0.169591    -0.117288    1.09973e-16    1.11913e-17    -5.0404e-17    
162    2.24882e-17    -3.51754e-17    -6.43429e-17    4.59702e-17    0.114184    0.169591    -0.117288    3.33473e-17    6.03486e-17    2.87789e-17    
163    3.3951e-17    -9.17168e-17    -1.30062e-16    5.11743e-17    0.0488995    0.0483031    0.117449    3.48606e-16    5.95087e-17    -1.89943e-16    
164    8.08718e-17    4.84375e-17    2.88423e-17    1.33574e-16    0.0488995    0.0483031    0.117449    3.88342e-16    7.41876e-17    5.65462e-17    
165    2.33835e-16    -7.25376e-18    1.07976e-16    1.05818e-16    0.0488995    0.0483031    0.117449    1.86856e-16    7.37672e-18    9.67812e-17    
166    9.0424e-17    -9.80693e-18    -7.88508e-17    -6.37511e-17    0.0488995    0.0483031    0.117449    2.66462e-16    -7.88527e-17    -3.55847e-16    
167    1.41113e-16    6.21371e-17    3.40088e-17    -2.34188e-17    0.0488995    0.0483031    0.117449    4.79906e-16    1.07723e-16    -1.49268e-17    
168    1.92775e-16    -9.53727e-17    4.25389e-17    6.59195e-17    0.0488995    0.0483031    0.117449    2.46568e-16    1.21106e-16    5.11544e-17    
169    9.81609e-17    1.85631e-16    1.25972e-17    -8.06646e-17    -0.0485415    0.0363271    0.00526992    -6.34055e-16    -0.200431    7.00882e-16    
170    1.00902e-16    1.16682e-16    -3.27936e-17    1.10589e-16    -0.0485415    0.0363271    0.00526992    -1.67438e-16    -0.200431    1.11277e-15    
171    -5.1316e-17    3.57885e-16    -9.26678e-17    -5.89806e-17    -0.0485415    0.0363271    0.00526992    -5.22093e-16    -0.200431    1.43285e-15    
172    2.48065e-17    1.70054e-16    -1.8838e-16    -1.43982e-16    -0.0485415    0.0363271    0.00526992    -6.55042e-16    -0.200431    8.80039e-16    
173    2.97734e-18    -2.80411e-17    -1.2652e-16    6.67869e-17    -0.0485415    0.0363271    0.00526992    -4.65057e-17    -0.200431    9.49477e-16    
174    -4.36223e-17    1.07962e-16    -1.67588e-16    -1.71738e-16    -0.0485415    0.0363271    0.00526992    -5.58342e-16    -0.200431    1.54167e-15    
175    -6.91116e-18    -7.4591e-18    3.03461e-18    -1.03108e-16    -6.36969e-17    -1.26797e-16    2.25095e-16    -9.33173e-17    7.46448e-17    1.03458e-16    
176    2.46361e-18    -2.69799e-17    7.49043e-18    -1.03108e-16    -3.38813e-17    -3.16587e-17    1.3328e-16    -4.34779e-17    8.92917e-17    9.55399e-17    
177    9.90439e-20    1.57104e-17    -1.66523e-17    -8.45678e-17    -5.34512e-17    -7.03105e-17    1.53388e-16    -5.82641e-17    -1.144e-17    -1.45151e-17    
178    -5.12312e-17    -8.46991e-18    -1.06437e-17    -1.28424e-16    -3.65376e-17    -1.31568e-16    1.83758e-16    -1.0765e-16    8.46999e-17    8.71809e-17    
179    -3.21617e-17    -1.26442e-17    9.99532e-18    -1.13706e-16    -6.27753e-17    -1.06957e-16    2.05793e-16    -2.80163e-17    7.49607e-17    9.76138e-17    
180    -1.82145e-17    2.07007e-17    -2.68492e-17    -8.92163e-17    -1.94018e-16    -3.09214e-16    3.96914e-16    -8.21153e-17    -9.12593e-18    -2.98044e-17    
181    7.77126e-17    -1.15156e-17    -1.01982e-17    3.57787e-17    1.96349e-16    3.05691e-16    -5.55191e-17    4.43648e-17    -4.2283e-17    -6.48463e-17    
182    1.48424e-17    -6.22631e-17    1.06408e-17    4.54823e-17    1.51734e-16    2.65304e-16    -1.26725e-16    6.06359e-18    -2.12482e-17    -3.10297e-17    
183    1.2228e-17    -3.84411e-17    3.71831e-17    -1.73472e-17    1.76725e-17    1.67672e-16    5.0091e-18    -2.0707e-17    2.57409e-17    -1.31461e-17    
184    -1.33967e-17    -3.52149e-17    -6.24769e-18    2.68882e-17    -4.77049e-17    9.15067e-17    -3.49341e-17    4.38447e-17    7.79906e-19    -4.65355e-17    
185    -1.98034e-16    -4.0312e-19    2.54122e-17    4.10913e-17    -1.90277e-17    1.45392e-16    -3.96092e-16    -5.09426e-18    -6.77946e-17    -6.3467e-17    
186    6.02963e-17    3.85153e-17    1.06211e-17    -1.5992e-18    7.56095e-17    1.89207e-16    -4.636e-18    -2.66463e-17    -5.98471e-18    -5.30662e-17    
187    0.00504673    3.45158e-17    9.61062e-17    5.88722e-17    -1.60462e-16    -6.06069e-17    -1.4278e-17    -8.78627e-17    5.82811e-16    4.69208e-18    
188    0.00504673    -1.56888e-18    -8.22006e-18    6.07153e-17    -1.73472e-16    -1.29237e-16    3.3858e-16    -2.69701e-16    3.01684e-16    -2.33847e-16    
189    0.00504673    7.67014e-17    -2.92163e-17    -7.02563e-17    -1.38778e-17    6.07153e-18    2.5501e-18    3.38152e-16    7.68394e-16    2.31477e-16    
190    0.00504673    -8.56431e-17    1.22691e-16    -1.51788e-18    -1.54174e-16    -2.42861e-17    -3.94561e-17    -1.41245e-16    7.56657e-16    1.18242e-16    
191    0.00504673    -1.65217e-16    -3.11551e-17    2.10769e-16    -2.25514e-17    -2.6628e-16    2.68707e-16    -3.3048e-16    4.9761e-16    -1.50039e-16    
192    0.00504673    9.1043e-17    -2.23456e-17    1.30104e-17    9.45424e-17    4.11997e-17    9.69342e-17    3.11533e-16    7.77118e-16    3.47454e-16    
193    3.54742e-17    -2.4686e-17    2.38356e-17    6.91721e-17    1.249e-16    1.81712e-16    1.35231e-18    6.44221e-17    -2.86784e-17    2.80497e-17    
194    -7.60018e-18    6.59456e-18    1.2391e-18    3.25261e-17    1.26201e-16    1.88326e-16    -1.34494e-16    2.41076e-17    -1.00988e-18    -1.55174e-16    
195    6.63709e-17    -4.70523e-17    3.05763e-17    1.17094e-17    4.90059e-17    1.8323e-16    -7.06082e-17    1.10682e-17    -2.39918e-17    1.04363e-17    
196    -3.87231e-17    1.90412e-18    1.77739e-17    4.98733e-17    -1.19262e-17    8.19657e-17    2.22676e-17    6.29176e-17    -3.34803e-17    8.9955e-18    
197    -9.80139e-17    1.84547e-18    -2.66983e-17    1.27936e-17    8.39172e-17    1.78243e-16    -2.02114e-16    6.25463e-18    -2.84421e-17    -1.78115e-16    
198    7.39086e-17    -1.33599e-17    2.61924e-17    -7.69784e-18    1.47235e-16    1.84098e-16    2.56382e-17    -1.54912e-18    1.95961e-17    -5.23204e-18    
199    -0.00876776    -3.7169e-18    -1.76452e-16    -4.51028e-17    -6.07153e-17    1.73472e-18    -4.25744e-16    1.21687e-16    -3.90717e-15    -2.78289e-16    
200    -0.00876776    -3.3382e-17    -7.5548e-17    -3.29597e-17    -1.4138e-16    -9.75782e-17    -1.91661e-16    -2.34972e-17    -4.32589e-15    -2.87894e-16    
201    -0.00876776    8.14795e-17    -1.74996e-16    2.86229e-17    4.33681e-17    7.02563e-17    -3.66684e-16    3.72992e-16    -4.13843e-15    -9.87102e-17    
202    -0.00876776    5.89803e-17    -1.35105e-16    1.47451e-17    2.60209e-18    1.53523e-16    -4.11915e-16    9.93815e-17    -3.91288e-15    -4.58847e-16    
203    -0.00876776    -1.77621e-17    -8.10892e-17    -1.2837e-16    -1.3314e-16    6.20164e-17    -4.2798e-16    -1.3141e-16    -4.40866e-15    -2.89132e-16    
204    -0.00876776    1.08517e-16    -2.54103e-16    -7.45931e-17    6.33174e-17    3.20924e-17    -3.60949e-16    4.13318e-16    -4.15183e-15    4.18838e-18    
205    1.39595e-17    0.00976832    -2.75921e-17    1.84737e-16    -5.12149e-17    -1.80989e-16    -1.72943e-16    0.0573063    -9.64009e-16    -0.130589    
206    1.05855e-16    0.00976832    -1.38076e-16    1.35062e-16    -5.75691e-17    -3.48244e-16    -1.86227e-16    0.0573063    -7.86477e-16    -0.130589    
207    3.34177e-17    0.00976832    1.40339e-17    2.40309e-16    -8.35666e-17    -3.40076e-16    -1.17387e-16    0.0573063    -6.45921e-16    -0.130589    
208    -3.48062e-17    0.00976832    -6.43732e-17    1.70859e-16    -7.89705e-17    -1.22008e-16    -1.17161e-16    0.0573063    -1.05343e-15    -0.130589    
209    -8.21358e-17    0.00976832    3.40148e-17    1.97512e-16    -8.99684e-18    -2.71917e-16    -1.03245e-16    0.0573063    -9.79993e-16    -0.130589    
210    -5.28803e-17    0.00976832    -4.22911e-17    2.05614e-16    -1.00914e-16    -3.22729e-16    -1.52561e-16    0.0573063    -4.71362e-16    -0.130589    
211    -0.0147668    1.72355e-16    -2.07822e-16    -1.9082e-17    -6.59195e-17    6.07153e-17    -1.31981e-16    2.33918e-16    -4.99515e-15    -5.3291e-16    
212    -0.0147668    -4.49771e-17    -1.21383e-16    4.42354e-17    -9.62772e-17    -3.03577e-17    -1.22724e-16    -2.62012e-16    -5.29215e-15    -5.78763e-16    
213    -0.0147668    3.48431e-17    -4.12369e-16    -7.63278e-17    -5.0307e-17    -1.04083e-17    6.38382e-18    1.20463e-16    -5.28603e-15    -5.03139e-16    
214    -0.0147668    3.20273e-17    -2.00736e-16    2.23471e-32    -1.04083e-16    3.03577e-17    -4.27028e-17    7.02274e-17    -4.91412e-15    -4.56614e-16    
215    -0.0147668    -4.16392e-17    -1.42944e-16    1.36176e-16    -3.1225e-17    3.90313e-17    -1.22392e-16    -3.0317e-16    -5.19891e-15    -4.49725e-16    
216    -0.0147668    5.63339e-17    -4.30696e-16    1.38778e-17    2.25514e-17    2.94903e-17    2.30872e-17    1.83221e-16    -5.38155e-15    -3.44772e-16    
217    -6.65825e-17    -0.00424197    -8.36777e-17    6.50538e-17    -4.12257e-18    -2.39879e-16    5.53983e-17    -0.0452685    7.50009e-16    0.0236728    
218    1.169e-16    -0.00424197    1.51491e-17    1.72027e-16    8.15322e-17    -2.18458e-16    -3.04628e-17    -0.0452685    3.96054e-16    0.0236728    
219    6.66674e-17    -0.00424197    1.81426e-16    2.5448e-16    7.60584e-17    -2.36826e-16    2.24775e-17    -0.0452685    1.10328e-16    0.0236728    
220    -1.00187e-16    -0.00424197    -1.1379e-16    1.42249e-16    1.01889e-17    -2.08003e-16    9.15329e-17    -0.0452685    4.48619e-16    0.0236728    
221    -5.16003e-17    -0.00424197    9.07955e-17    2.76977e-16    1.26635e-16    -1.33457e-16    4.9743e-17    -0.0452685    3.49005e-16    0.0236728    
222    -3.74112e-17    -0.00424197    -9.0527e-18    1.00089e-16    1.21161e-16    -2.63714e-16    2.86445e-17    -0.0452685    4.26166e-16    0.0236728    
223    9.54019e-17    3.94523e-17    -1.26079e-16    -3.8706e-17    0.0488995    0.0483031    0.117449    -1.6696e-16    3.54009e-17    -2.23421e-16    
224    8.72428e-17    1.27821e-17    -4.37458e-18    3.77302e-17    0.0488995    0.0483031    0.117449    -1.60606e-16    -1.65762e-16    -1.4635e-16    
225    2.19042e-16    4.45816e-17    -4.24042e-17    -2.71051e-17    0.0488995    0.0483031    0.117449    -4.45967e-17    -2.55754e-16    2.66676e-17    
226    1.67189e-16    1.0545e-16    -1.61082e-16    1.21431e-17    0.0488995    0.0483031    0.117449    -1.78385e-16    5.24377e-18    -2.18025e-16    
227    1.09014e-16    -1.02303e-16    -2.74858e-17    4.42354e-17    0.0488995    0.0483031    0.117449    -1.50385e-16    5.47084e-17    2.74196e-18    
228    1.17426e-16    -8.05797e-17    1.45675e-18    9.04225e-17    0.0488995    0.0483031    0.117449    -1.29469e-16    -1.37455e-17    1.04257e-17    
229    3.4249e-17    7.78401e-18    -9.32835e-17    -8.91214e-17    0.0970829    -0.0726542    -0.0105398    -4.04408e-16    -0.0683433    -1.26836e-16    
230    7.18465e-18    -8.04342e-17    3.64684e-17    2.25514e-16    0.0970829    -0.0726542    -0.0105398    -1.14737e-16    -0.0683433    6.44472e-16    
231    -3.35355e-17    1.68897e-16    1.46237e-16    1.17202e-16    0.0970829    -0.0726542    -0.0105398    5.6244e-17    -0.0683433    8.15828e-16    
232    -1.0601e-17    1.20122e-16    -6.23775e-18    -2.79724e-17    0.0970829    -0.0726542    -0.0105398    -5.07768e-16    -0.0683433    -3.45752e-17    
233    4.12502e-17    -1.83836e-17    -6.70751e-17    2.77122e-16    0.0970829    -0.0726542    -0.0105398    -1.46345e-16    -0.0683433    5.08191e-16    
234    5.09422e-17    1.01008e-16    9.7222e-17    1.94181e-16    0.0970829    -0.0726542    -0.0105398    4.3476e-17    -0.0683433    7.13552e-16    
235    -1.27469e-17    -3.05522e-18    -2.24769e-17    4.11997e-17    8.97719e-17    6.42932e-17    -7.05897e-17    4.46678e-17    2.074e-17    8.68391e-17    
236    -8.09438e-17    8.23956e-17    1.40765e-17    2.29851e-17    1.73906e-16    2.22478e-16    -2.51488e-16    -2.46221e-17    -1.14669e-17    -9.0318e-17    
237    2.65631e-17    -2.14926e-17    5.403e-17    -9.75782e-18    5.33427e-17    1.4203e-16    -8.32225e-17    9.33176e-18    1.45836e-17    5.41052e-17    
238    -5.76041e-17    5.22309e-19    2.07138e-17    2.0383e-17    4.11997e-17    1.2837e-16    2.02211e-17    1.24371e-17    -1.35443e-17    5.31155e-17    
239    -2.01922e-18    2.91437e-18    -1.88461e-17    -1.45283e-17    5.72459e-17    1.30755e-16    -7.3054e-17    -1.05365e-17    2.07695e-17    -6.82397e-17    
240    9.69268e-17    -2.24149e-17    2.50369e-17    2.62377e-17    1.84748e-16    2.19443e-16    -7.18146e-17    -9.78998e-18    3.07373e-17    3.46626e-17    
241    -0.012303    -7.58146e-17    3.68848e-17    -1.32706e-16    -1.31839e-16    -1.64799e-17    -2.37977e-16    -6.14915e-16    7.65618e-16    -1.22849e-16    
242    -0.012303    -7.47698e-17    -1.15399e-16    -1.07553e-16    -2.60209e-18    -7.54605e-17    5.3482e-17    1.77958e-16    9.03668e-16    4.58616e-16    
243    -0.012303    9.22839e-17    5.65803e-17    -5.72459e-17    -1.18829e-16    1.37911e-16    -4.21219e-16    3.08488e-16    1.40344e-15    2.00123e-16    
244    -0.012303    2.95989e-17    -8.87181e-18    -3.1225e-17    -1.33574e-16    -1.37911e-16    -3.1093e-16    -6.50072e-16    8.08443e-16    -1.98953e-16    
245    -0.012303    2.9597e-17    -1.54134e-16    -1.50054e-16    2.94903e-17    -5.81132e-17    -7.88101e-17    1.27677e-16    7.97215e-16    4.09783e-16    
246    -0.012303    5.85355e-17    5.04393e-17    -1.32706e-16    -8.32667e-17    1.13624e-16    -4.27136e-16    2.5624e-16    1.43848e-15    2.80059e-16    
247    -2.96899e-17    0.0122681    5.67875e-18    2.42742e-16    3.10045e-17    -1.18043e-16    7.30961e-17    -0.097234    7.95881e-16    0.00708574    
248    5.74726e-17    0.0122681    1.40944e-16    2.27719e-16    1.30251e-16    2.44702e-17    4.25904e-17    -0.097234    -3.72674e-16    0.00708574    
249    1.51893e-16    0.0122681    -6.30684e-17    2.10964e-16    6.32162e-17    -6.32049e-18    6.36716e-17    -0.097234    8.64352e-16    0.00708574    
250    2.25692e-17    0.0122681    1.63347e-17    2.35803e-16    1.00393e-16    -1.40595e-16    2.40731e-17    -0.097234    7.58802e-16    0.00708574    
251    -4.78517e-17    0.0122681    7.03385e-17    2.10372e-16    1.37189e-16    1.40619e-17    6.24822e-17    -0.097234    -4.16984e-16    0.00708574    
252    5.55889e-18    0.0122681    9.03485e-17    1.79739e-16    1.65565e-16    -8.95872e-17    5.35996e-17    -0.097234    8.93998e-16    0.00708574    
253    0.006304    -8.61029e-17    -4.02675e-17    -4.33681e-19    4.55365e-18    -7.02563e-17    -3.10346e-16    5.51798e-16    -1.71343e-15    3.58449e-16    
254    0.006304    9.06585e-17    -8.00641e-17    -5.24754e-17    -1.7911e-16    6.13658e-17    -5.36827e-16    -2.76026e-16    -1.63543e-15    -3.16084e-16    
255    0.006304    -1.17558e-16    -1.91834e-17    9.49761e-17    -1.05818e-16    -2.15973e-16    -3.10092e-16    -1.70151e-16    -2.0872e-15    6.39007e-17    
256    0.006304    7.91868e-18    -1.45528e-17    5.68122e-17    -2.9924e-17    -4.4886e-17    -2.83032e-16    6.36099e-16    -1.7422e-15    2.66094e-16    
257    0.006304    1.01871e-16    -2.79183e-17    -1.20997e-16    -2.48933e-16    -3.72966e-17    -4.83929e-16    -2.53557e-16    -1.59925e-15    -3.4862e-16    
258    0.006304    -1.5995e-16    -5.95751e-17    -4.77049e-17    -1.45283e-16    -3.65159e-16    -2.46388e-16    -1.76619e-16    -2.03386e-15    2.38795e-16    
259    5.32839e-17    -0.0104417    -4.57532e-17    -8.03474e-17    4.95125e-17    1.23612e-16    2.7794e-17    0.0140205    4.74828e-16    0.136164    
260    2.21605e-18    -0.0104417    -1.48068e-17    -2.28322e-16    -3.65101e-18    2.35374e-16    1.59202e-16    0.0140205    2.33334e-16    0.136164    
261    -2.74428e-17    -0.0104417    8.21611e-18    -1.67816e-16    7.50088e-17    2.92416e-16    1.28771e-16    0.0140205    1.27833e-15    0.136164    
262    -5.38151e-17    -0.0104417    -4.78337e-18    -6.9939e-17    1.05024e-16    1.18408e-16    8.87145e-17    0.0140205    3.8104e-16    0.136164    
263    2.88682e-18    -0.0104417    1.78731e-17    -2.07506e-16    -5.91622e-17    2.42313e-16    9.97075e-17    0.0140205    3.17088e-16    0.136164    
264    2.69138e-17    -0.0104417    -5.25007e-17    -1.86898e-16    1.42935e-17    3.04559e-16    7.22351e-17    0.0140205    1.40915e-15    0.136164    
265    -1.22365e-16    -0.0148993    -2.29874e-17    1.4769e-16    -3.51613e-17    -2.70995e-16    -3.23904e-17    0.158506    -5.88249e-16    0.0873082    
266    -7.18327e-17    -0.0148993    4.72605e-17    9.16318e-17    -4.39472e-17    3.0548e-17    -1.30727e-16    0.158506    7.97588e-16    0.0873082    
267    -4.27855e-17    -0.0148993    -7.05029e-17    1.40103e-16    6.83794e-17    -5.99966e-17    -1.72148e-16    0.158506    3.15489e-16    0.0873082    
268    -9.25923e-17    -0.0148993    -1.68394e-16    1.54629e-16    -1.49653e-16    -1.97703e-16    -5.43933e-17    0.158506    -5.00306e-16    0.0873082    
269    -4.58896e-17    -0.0148993    1.14402e-16    1.94848e-16    -1.7059e-17    5.82817e-18    -1.00346e-16    0.158506    7.2734e-16    0.0873082    
270    -7.15011e-17    -0.0148993    -2.18144e-17    1.40103e-16    5.79711e-17    -2.35674e-17    -1.39178e-16    0.158506    2.60193e-16    0.0873082    
271    1.17036e-17    0.00976832    -1.13704e-18    1.72245e-16    -4.73412e-18    1.3207e-16    -1.76088e-17    -0.0573063    -3.44914e-16    -0.130589    
272    -2.60324e-18    0.00976832    4.08242e-17    1.0994e-16    1.09356e-16    2.34088e-16    -8.9642e-17    -0.0573063    -2.15364e-16    -0.130589    
273    1.55176e-17    0.00976832    -1.72571e-16    3.37888e-17    3.86793e-17    1.09312e-16    -5.19021e-17    -0.0573063    -4.60082e-16    -0.130589    
274    1.26163e-16    0.00976832    4.42855e-17    9.10382e-17    5.59812e-17    9.6833e-17    -1.07505e-16    -0.0573063    -2.03787e-16    -0.130589    
275    9.48094e-17    0.00976832    1.64377e-17    6.0717e-17    8.11664e-17    2.83853e-16    -1.007e-16    -0.0573063    -1.89667e-16    -0.130589    
276    -6.71456e-17    0.00976832    -6.57272e-17    1.91432e-16    1.00479e-16    5.3042e-17    -7.97147e-17    -0.0573063    -6.62226e-16    -0.130589    
277    -8.58041e-17    1.83541e-16    0.0646054    -0.0879256    -0.0485415    0.0363271    0.00526992    -3.92857e-16    -0.0242663    -4.7787e-16    
278    -6.84579e-17    1.0972e-16    0.0646054    -0.0879256    -0.0485415    0.0363271    0.00526992    1.10093e-16    -0.0242663    4.01059e-16    
279    -6.91422e-17    1.82691e-16    0.0646054    -0.0879256    -0.0485415    0.0363271    0.00526992    1.69394e-16    -0.0242663    1.10746e-15    
280    -7.64696e-17    8.45748e-17    0.0646054    -0.0879256    -0.0485415    0.0363271    0.00526992    -3.28163e-16    -0.0242663    -4.93529e-16    
281    -5.46594e-17    1.04424e-16    0.0646054    -0.0879256    -0.0485415    0.0363271    0.00526992    3.11823e-17    -0.0242663    1.7126e-16    
282    -7.3205e-17    2.17803e-16    0.0646054    -0.0879256    -0.0485415    0.0363271    0.00526992    2.3974e-16    -0.0242663    1.03436e-15    
283    -1.75576e-17    7.69079e-17    0.0646054    -0.0879256    -0.0485415    0.0363271    0.00526992    -1.45325e-16    -0.0880103    5.52912e-16    
284    -7.25951e-17    7.69955e-17    0.0646054    -0.0879256    -0.0485415    0.0363271    0.00526992    -1.11669e-16    -0.0880103    4.4903e-16    
285    2.29946e-17    2.0017e-16    0.0646054    -0.0879256    -0.0485415    0.0363271    0.00526992    -3.66299e-16    -0.0880103    6.94988e-16    
286    8.63863e-18    1.29697e-16    0.0646054    -0.0879256    -0.0485415    0.0363271    0.00526992    -2.04928e-16    -0.0880103    4.80161e-16    
287    -1.32661e-16    -1.68532e-17    0.0646054    -0.0879256    -0.0485415    0.0363271    0.00526992    -1.21803e-16    -0.0880103    3.33706e-16    
288    -5.92958e-17    6.98071e-17    0.0646054    -0.0879256    -0.0485415    0.0363271    0.00526992    -2.57801e-16    -0.0880103    5.51843e-16    
289    -0.0147668    1.19995e-17    -3.8648e-16    8.84709e-17    3.55618e-17    3.90313e-17    3.66631e-18    2.28208e-16    -5.32764e-15    -3.90879e-16    
290    -0.0147668    -3.17599e-17    -1.92268e-16    -5.39933e-17    -9.13305e-17    5.33292e-17    -1.11515e-16    2.08861e-16    -4.91063e-15    -4.8548e-16    
291    -0.0147668    4.69858e-17    -2.34658e-16    2.84061e-17    -6.50521e-17    -2.10335e-17    -1.37834e-16    -2.20496e-16    -5.11609e-15    -6.16663e-16    
292    -0.0147668    4.12811e-17    -4.11937e-16    5.46438e-17    -2.60209e-17    4.94396e-17    1.94323e-19    2.89171e-16    -5.40386e-15    -3.86118e-16    
293    -0.0147668    5.69986e-17    -2.47875e-16    7.48099e-18    -6.28837e-17    1.42573e-16    -6.41628e-17    2.14387e-16    -5.06594e-15    -5.65008e-16    
294    -0.0147668    1.26772e-16    -1.05905e-16    4.77049e-17    -5.83301e-17    9.1073e-17    -1.85513e-16    -1.65088e-16    -5.14431e-15    -6.48209e-16    
295    1.34199e-18    -0.00174214    5.13518e-17    6.84364e-17    1.29909e-16    2.63852e-17    -4.67147e-17    0.113237    2.07861e-15    0.161347    
296    -4.94499e-17    -0.00174214    -7.14541e-17    1.90959e-16    1.19345e-16    -2.12939e-16    -2.8365e-17    0.113237    3.56289e-16    0.161347    
297    4.91368e-17    -0.00174214    -1.02512e-17    1.7861e-16    3.41114e-17    1.04386e-17    -6.39312e-17    0.113237    4.62384e-16    0.161347    
298    4.22772e-17    -0.00174214    6.52908e-18    1.59943e-16    2.16211e-16    -7.59634e-17    -3.65801e-17    0.113237    1.93774e-15    0.161347    
299    -6.91869e-17    -0.00174214    1.18187e-17    1.97031e-16    9.1589e-17    -1.46152e-16    2.21173e-18    0.113237    1.92261e-16    0.161347    
300    -1.15619e-17    -0.00174214    1.71644e-16    2.04631e-16    4.45197e-17    6.4215e-17    -8.5147e-18    0.113237    4.55792e-16    0.161347    
301    -7.46162e-17    -0.0148993    -2.04884e-16    1.44674e-16    8.64023e-17    2.89787e-16    1.67157e-16    -0.158506    4.8923e-16    0.0873082    
302    -6.53649e-17    -0.0148993    -2.51942e-17    1.27194e-16    1.45113e-16    -6.17996e-17    1.2871e-16    -0.158506    1.94178e-15    0.0873082    
303    -3.68197e-17    -0.0148993    2.36384e-16    1.93324e-16    3.57039e-17    2.65837e-16    1.04468e-16    -0.158506    7.21226e-16    0.0873082    
304    -5.78941e-17    -0.0148993    -5.38603e-17    1.13449e-16    2.01761e-16    2.50756e-16    1.42977e-16    -0.158506    3.53883e-16    0.0873082    
305    -3.44377e-17    -0.0148993    -1.02294e-16    1.70562e-16    1.20827e-16    -6.00648e-17    1.47235e-16    -0.158506    1.83357e-15    0.0873082    
306    -7.99917e-17    -0.0148993    2.14008e-16    2.52304e-16    8.25414e-17    2.00351e-16    1.0762e-16    -0.158506    7.25475e-16    0.0873082    
307    6.52009e-17    0.0122681    9.48778e-18    1.18707e-16    1.09785e-16    1.23901e-16    -1.07551e-16    0.097234    1.00505e-15    0.00708574    
308    -5.50773e-17    0.0122681    -3.34091e-17    1.8395e-16    1.44027e-16    -1.04538e-16    -9.69881e-17    0.097234    -3.66955e-16    0.00708574    
309    2.8476e-17    0.0122681    -1.69269e-17    1.22826e-16    -8.39291e-17    1.52401e-16    -1.04135e-16    0.097234    -4.32449e-16    0.00708574    
310    1.34073e-16    0.0122681    -1.41233e-17    1.23911e-16    7.6825e-17    1.67269e-16    -1.58665e-16    0.097234    9.64472e-16    0.00708574    
311    4.28241e-17    0.0122681    -2.31755e-17    1.63133e-16    1.71783e-16    -3.86189e-17    -1.26893e-16    0.097234    -3.12052e-16    0.00708574    
312    -1.10022e-16    0.0122681    -1.78543e-16    1.42233e-16    -9.34701e-17    1.21284e-16    -8.86319e-17    0.097234    -4.27373e-16    0.00708574    
313    -1.0194e-16    -0.0148993    -1.46271e-16    1.19426e-16    -6.86502e-17    1.46679e-16    5.90577e-17    -0.0399276    4.42937e-16    0.0873082    
314    -2.15585e-17    -0.0148993    2.35957e-16    2.28635e-16    9.86868e-17    2.2191e-17    -3.50494e-17    -0.0399276    1.60495e-15    0.0873082    
315    2.79059e-17    -0.0148993    5.65728e-17    1.70613e-16    -9.38905e-17    1.8479e-16    -7.79241e-17    -0.0399276    -2.09009e-17    0.0873082    
316    -3.92885e-17    -0.0148993    -1.3326e-16    1.05548e-16    3.19637e-17    9.4637e-17    2.8005e-17    -0.0399276    3.56117e-16    0.0873082    
317    1.94639e-17    -0.0148993    2.05302e-16    1.62716e-16    1.22973e-16    6.72938e-17    1.68602e-17    -0.0399276    1.70884e-15    0.0873082    
318    -1.47726e-16    -0.0148993    2.75151e-17    1.48062e-16    -1.95018e-18    1.74382e-16    2.67306e-17    -0.0399276    1.38153e-17    0.0873082    
319    0.00504673    3.38147e-17    -4.60459e-17    8.76035e-17    4.4886e-17    -9.22656e-17    1.84228e-16    -1.28327e-16    6.84435e-16    1.13333e-16    
320    0.00504673    -5.32873e-17    -2.62536e-17    -5.76796e-17    3.98986e-17    -5.94143e-17    1.49454e-16    3.96411e-16    9.32289e-16    -2.01144e-17    
321    0.00504673    6.58095e-17    1.47005e-16    -2.64545e-17    -1.73689e-16    -2.77556e-17    1.1765e-16    -2.83471e-16    6.48961e-16    -5.85519e-17    
322    0.00504673    1.39743e-16    -1.45814e-16    -3.25261e-17    -8.97719e-17    -2.5804e-17    9.26846e-17    -8.26435e-17    5.13701e-16    1.38891e-16    
323    0.00504673    5.77221e-17    -4.86053e-17    -5.9848e-17    8.58688e-17    7.11237e-17    7.20287e-17    3.44381e-16    9.34922e-16    -1.01017e-16    
324    0.00504673    -1.0395e-16    1.12212e-16    1.15142e-16    -8.37004e-17    -5.63785e-18    -1.02064e-17    -2.75943e-16    7.11451e-16    -2.06231e-17    
325    -4.60355e-16    -0.206333    -1.45702e-16    -1.65136e-16    -1.04942e-16    -7.90447e-18    9.48317e-17    1.52656e-16    -1.64033e-15    0.0215211    
326    -3.97486e-16    -0.206333    7.15052e-17    -1.49523e-16    -8.98207e-17    -2.3888e-17    1.38354e-17    5.55112e-17    1.24912e-15    0.0215211    
327    -4.65573e-16    -0.206333    4.68786e-17    -2.48088e-16    2.08359e-20    1.21635e-16    -5.45976e-17    1.00614e-16    6.47742e-17    0.0215211    
328    -4.03041e-16    -0.206333    -3.63108e-16    -3.07383e-16    -9.88706e-17    -3.95632e-17    -2.62966e-17    1.94289e-16    -1.28399e-15    0.0215211    
329    -3.03697e-16    -0.206333    1.94128e-17    -3.7482e-16    -1.22347e-16    -9.65838e-17    -3.21301e-17    -6.245e-17    1.60671e-15    0.0215211    
330    -3.39424e-16    -0.206333    1.95233e-16    -1.16032e-16    8.45886e-17    7.71823e-17    1.97357e-17    -2.08167e-17    -2.04312e-16    0.0215211    
331    1.94858e-16    4.76563e-17    5.95769e-17    -5.69206e-19    0.0488995    0.0483031    0.117449    8.96384e-18    -5.84711e-17    1.02494e-16    
332    1.34603e-16    8.10821e-17    -9.78586e-17    -5.42101e-18    0.0488995    0.0483031    0.117449    -1.64304e-16    -1.27147e-16    -1.56952e-16    
333    6.62232e-17    -7.30152e-17    -9.06327e-17    2.19009e-17    0.0488995    0.0483031    0.117449    1.10678e-16    -3.34883e-17    -1.10999e-16    
334    1.47915e-16    3.76303e-17    4.2017e-17    8.78746e-17    0.0488995    0.0483031    0.117449    -1.41798e-17    8.07165e-17    7.35393e-17    
335    1.38625e-16    -2.39625e-17    -1.13618e-16    2.60209e-18    0.0488995    0.0483031    0.117449    -1.62212e-16    7.25895e-17    -2.09518e-16    
336    2.34143e-16    1.02293e-17    -1.34345e-16    -1.53957e-17    0.0488995    0.0483031    0.117449    4.42041e-17    -2.06255e-17    -2.00741e-16    
337    3.34504e-17    2.46613e-17    4.73654e-16    9.41087e-17    0.0970829    -0.0726542    -0.0105398    -2.54646e-16    -0.132087    6.31804e-16    
338    -3.05135e-17    -3.69517e-17    1.94274e-16    1.04083e-17    0.0970829    -0.0726542    -0.0105398    -3.59485e-16    -0.132087    4.74523e-16    
339    -2.63643e-17    1.55047e-16    2.44876e-19    -4.85723e-17    0.0970829    -0.0726542    -0.0105398    -3.14547e-16    -0.132087    8.7703e-16    
340    4.78685e-17    2.34407e-17    3.76352e-16    1.27936e-16    0.0970829    -0.0726542    -0.0105398    -3.05125e-16    -0.132087    6.52382e-16    
341    -6.52036e-18    -9.72422e-17    5.85421e-17    5.59448e-17    0.0970829    -0.0726542    -0.0105398    -2.53424e-16    -0.132087    5.84896e-16    
342    4.09769e-17    2.20697e-17    2.52454e-16    7.80626e-18    0.0970829    -0.0726542    -0.0105398    -3.17503e-16    -0.132087    6.49514e-16    
343    4.89914e-18    4.06125e-17    -2.56814e-17    3.05311e-16    0.0970829    -0.0726542    -0.0105398    -1.1421e-16    -0.0683433    2.11357e-16    
344    -3.20173e-17    3.10996e-17    1.70219e-16    1.12757e-16    0.0970829    -0.0726542    -0.0105398    -2.31711e-16    -0.0683433    1.14501e-15    
345    -6.26846e-17    1.0345e-16    4.91158e-17    -5.55112e-17    0.0970829    -0.0726542    -0.0105398    -8.78912e-17    -0.0683433    8.39318e-17    
346    1.97111e-17    7.06536e-17    4.21067e-19    2.83627e-16    0.0970829    -0.0726542    -0.0105398    -1.6799e-16    -0.0683433    1.81926e-16    
347    6.46077e-17    5.88162e-17    2.14904e-16    1.00614e-16    0.0970829    -0.0726542    -0.0105398    -1.89351e-16    -0.0683433    1.03919e-15    
348    -5.16287e-17    -1.90071e-18    -1.61359e-16    -4.33681e-17    0.0970829    -0.0726542    -0.0105398    -1.52366e-16    -0.0683433    -8.34967e-17    
349    8.65605e-17    4.48753e-17    -1.20786e-16    -4.33681e-17    0.0488995    0.0483031    0.117449    1.98366e-16    -4.40096e-17    -3.569e-16    
350    8.92889e-17    1.85043e-17    4.87222e-17    1.6263e-17    0.0488995    0.0483031    0.117449    3.61532e-16    -7.84174e-17    -8.37772e-17    
351    1.63409e-16    2.29483e-17    9.19911e-18    5.42101e-18    0.0488995    0.0483031    0.117449    2.07468e-16    -1.39679e-17    -2.45444e-17    
352    1.54252e-16    -1.0334e-18    -8.24585e-17    1.51788e-17    0.0488995    0.0483031    0.117449    2.15469e-16    1.20932e-16    -3.0591e-16    
353    6.60908e-17    -5.40191e-17    1.31024e-17    7.01479e-17    0.0488995    0.0483031    0.117449    3.04903e-16    1.51534e-16    -2.64582e-17    
354    2.33196e-16    4.29896e-17    2.12165e-17    7.50268e-17    0.0488995    0.0483031    0.117449    2.42559e-16    2.71575e-17    1.18426e-16    
355    2.63384e-17    1.11299e-16    2.14823e-16    5.20417e-17    0.0970829    -0.0726542    -0.0105398    -1.52413e-16    -0.132087    8.34491e-16    
356    -4.06059e-17    8.68536e-18    1.23715e-16    1.30104e-17    0.0970829    -0.0726542    -0.0105398    -4.08697e-16    -0.132087    9.15508e-16    
357    4.22986e-17    1.4e-16    1.4074e-16    -2.94903e-17    0.0970829    -0.0726542    -0.0105398    -2.68956e-16    -0.132087    5.81206e-16    
358    3.43537e-17    -1.0305e-17    3.01463e-16    7.89299e-17    0.0970829    -0.0726542    -0.0105398    -1.87866e-16    -0.132087    9.68151e-16    
359    7.17794e-18    -1.10441e-16    3.32684e-16    1.99493e-17    0.0970829    -0.0726542    -0.0105398    -3.94456e-16    -0.132087    6.87935e-16    
360    1.16825e-17    -1.7186e-17    2.15416e-16    7.97973e-17    0.0970829    -0.0726542    -0.0105398    -3.25636e-16    -0.132087    6.61521e-16    
361    -1.4591e-16    -1.59296e-17    1.15944e-18    1.73472e-18    -3.46945e-17    6.863e-17    -1.47886e-16    -5.75139e-18    -2.55804e-18    7.76483e-17    
362    -8.52751e-17    5.27816e-17    2.93852e-17    2.02746e-17    3.17454e-16    2.32453e-16    -1.91568e-16    -1.43574e-17    -3.1394e-17    -4.53504e-17    
363    4.83336e-17    4.98251e-17    -9.03282e-18    -1.32273e-17    1.31188e-17    1.05818e-16    1.33419e-17    -1.76066e-17    2.25218e-17    -8.65122e-17    
364    7.3989e-17    -1.77645e-17    2.6106e-17    4.27176e-17    1.09748e-16    1.57291e-16    9.1232e-17    2.71148e-17    -7.64418e-17    3.20841e-17    
365    8.20041e-18    -2.23189e-17    2.31898e-17    1.20346e-17    1.04192e-16    1.13895e-16    -8.52842e-17    -1.86971e-17    1.42755e-17    1.74574e-17    
366    -4.06627e-17    -2.08899e-18    1.74976e-17    1.31188e-17    5.76796e-17    -9.59519e-18    -8.96792e-17    -4.48941e-17    6.44431e-17    -2.99294e-17    
367    0.0261175    -7.30138e-17    1.82021e-16    -4.16334e-17    -1.249e-16    -1.62197e-16    -1.12961e-16    4.66139e-16    4.07893e-15    7.00969e-16    
368    0.0261175    -3.20345e-17    3.04535e-16    -6.245e-17    -2.64545e-16    -1.01048e-16    -2.81129e-16    -3.33605e-16    4.1826e-15    5.36384e-16    
369    0.0261175    -4.36561e-17    5.3899e-17    -3.81639e-17    -7.63278e-17    -4.52763e-16    3.06594e-17    -2.03462e-16    3.94644e-15    4.05369e-16    
370    0.0261175    -3.90002e-17    2.71457e-16    4.25007e-17    -1.04083e-16    -1.99493e-16    -4.25394e-17    3.66707e-16    4.08596e-15    6.29932e-16    
371    0.0261175    2.11154e-17    2.96052e-16    -1.41814e-16    -2.92301e-16    -1.05818e-16    -3.08112e-16    -2.5699e-16    4.10028e-15    6.09247e-16    
372    0.0261175    -1.25666e-16    1.07498e-16    -1.47451e-16    -1.99493e-16    -4.571e-16    -8.60232e-17    -2.16794e-16    3.90446e-15    3.76404e-16    
373    -8.21983e-17    -0.0148993    -5.29439e-17    1.85949e-16    5.74411e-17    8.41831e-17    3.56186e-17    0.0399276    -6.4211e-16    0.0873082    
374    1.07554e-17    -0.0148993    4.53521e-17    1.09778e-16    1.98263e-17    -3.13868e-16    3.06259e-17    0.0399276    9.77899e-16    0.0873082    
375    1.03475e-16    -0.0148993    1.98922e-17    1.28986e-16    9.3023e-17    -9.56105e-17    -8.28102e-17    0.0399276    9.90526e-16    0.0873082    
376    2.11766e-17    -0.0148993    -5.10933e-17    1.78143e-16    -7.9602e-17    -8.49525e-17    1.044e-17    0.0399276    -5.76242e-16    0.0873082    
377    -7.67016e-17    -0.0148993    7.37062e-17    1.00346e-16    1.27379e-16    -1.51454e-16    2.75332e-17    0.0399276    9.26096e-16    0.0873082    
378    -7.80444e-17    -0.0148993    2.79242e-17    1.60211e-16    2.36341e-17    4.83716e-17    2.27846e-18    0.0399276    1.07951e-15    0.0873082    
379    -0.012303    1.69553e-17    9.53734e-17    -5.55112e-17    -1.9082e-16    -5.72459e-17    -2.82219e-16    -5.8173e-16    7.59586e-16    1.52141e-16    
380    -0.012303    -4.39107e-17    -7.98025e-17    3.64292e-17    1.82146e-17    1.38778e-17    -1.38568e-16    2.68888e-16    8.54527e-16    3.91595e-16    
381    -0.012303    7.41409e-17    3.56545e-17    -3.20924e-16    -1.63064e-16    1.36609e-16    -2.47029e-16    3.22433e-16    1.10249e-15    -6.10759e-17    
382    -0.012303    -7.28194e-18    1.03034e-16    9.54098e-17    -2.56739e-16    -9.54098e-17    -2.38947e-16    -5.93007e-16    7.90471e-16    1.14786e-16    
383    -0.012303    -5.88396e-17    -1.37995e-16    -1.26635e-16    4.25007e-17    -1.17961e-16    -3.36281e-17    1.84709e-16    8.08435e-16    5.14073e-16    
384    -0.012303    -1.00471e-17    -1.88006e-17    -5.72459e-17    -5.29091e-17    1.0018e-16    -2.28173e-16    2.51727e-16    1.06e-15    8.65367e-17    
385    6.85582e-17    0.00356858    -8.01363e-17    -4.79524e-18    -1.12699e-16    6.88416e-17    -6.19813e-18    -0.00198274    -3.24285e-16    -0.0180973    
386    4.7315e-17    0.00356858    -4.90067e-18    -1.02172e-16    -6.07414e-17    3.82119e-16    6.10855e-17    -0.00198274    -2.64229e-16    -0.0180973    
387    -4.93131e-17    0.00356858    -1.03794e-18    -1.09289e-16    3.30085e-17    1.80601e-16    1.38303e-16    -0.00198274    1.85665e-17    -0.0180973    
388    -6.07959e-17    0.00356858    7.58813e-17    -1.12949e-16    -6.71127e-17    7.86397e-17    7.09724e-17    -0.00198274    -3.32932e-16    -0.0180973    
389    6.60818e-17    0.00356858    -1.21759e-16    -2.33255e-16    4.88916e-17    3.4269e-16    3.48153e-17    -0.00198274    -3.28413e-16    -0.0180973    
390    -1.00798e-17    0.00356858    -8.88028e-18    -2.29433e-16    7.28229e-17    1.85092e-16    -1.31869e-17    -0.00198274    1.90521e-16    -0.0180973    
391    -2.08086e-17    -0.00174214    1.54898e-16    2.73505e-16    1.38509e-16    -7.00345e-17    1.31945e-16    -0.113237    1.92878e-15    0.161347    
392    -7.09954e-17    -0.00174214    -5.50669e-17    2.83056e-16    -2.48545e-17    1.04549e-16    1.59869e-16    -0.113237    1.85825e-16    0.161347    
393    4.29787e-17    -0.00174214    -5.66861e-17    1.86556e-16    1.50599e-16    8.79792e-17    5.01422e-17    -0.113237    1.67941e-15    0.161347    
394    5.37721e-17    -0.00174214    1.78398e-16    2.17759e-16    1.96667e-16    -9.80976e-17    4.26958e-17    -0.113237    2.09531e-15    0.161347    
395    -7.66355e-17    -0.00174214    3.35098e-17    2.81865e-16    1.78385e-16    7.80062e-17    1.64123e-16    -0.113237    2.55214e-16    0.161347    
396    -7.78243e-18    -0.00174214    -1.57338e-16    1.24775e-16    7.54249e-17    1.32638e-16    1.39135e-16    -0.113237    1.73492e-15    0.161347    
397    -3.35093e-17    -0.00424197    2.8655e-17    2.1339e-16    1.68997e-16    9.0703e-17    -1.25546e-16    0.0452685    5.74295e-17    0.0236728    
398    -7.29486e-17    -0.00424197    1.07777e-17    4.62144e-17    6.38792e-18    4.6813e-17    -6.9937e-17    0.0452685    3.89575e-17    0.0236728    
399    -9.59387e-17    -0.00424197    -5.60746e-18    8.69098e-17    -1.24639e-16    1.74743e-16    -9.64474e-17    0.0452685    5.61384e-16    0.0236728    
400    1.27206e-16    -0.00424197    5.80587e-17    1.42357e-16    8.05018e-17    1.55315e-16    -1.9484e-16    0.0452685    2.93352e-16    0.0236728    
401    -8.2719e-17    -0.00424197    -1.90726e-16    9.88783e-17    -1.14936e-18    2.60179e-17    4.47716e-17    0.0452685    3.30391e-16    0.0236728    
402    -7.62741e-17    -0.00424197    1.20001e-16    2.49251e-16    -5.22229e-17    1.04004e-16    -9.40622e-17    0.0452685    2.91661e-16    0.0236728    
403    -1.2837e-16    -4.33678e-17    0.0646054    -0.0879256    0.0970829    -0.0726542    -0.0105398    1.84104e-18    0.044077    -1.642e-16    
404    -5.55112e-16    6.74203e-17    0.0646054    -0.0879256    0.0970829    -0.0726542    -0.0105398    -7.70143e-17    0.044077    -1.72673e-16    
405    -8.20131e-17    -2.58692e-17    0.0646054    -0.0879256    0.0970829    -0.0726542    -0.0105398    2.16136e-16    0.044077    -4.56066e-16    
406    -6.1902e-17    -1.93197e-17    0.0646054    -0.0879256    0.0970829    -0.0726542    -0.0105398    1.63374e-17    0.044077    -4.31206e-16    
407    -4.96064e-17    2.19905e-17    0.0646054    -0.0879256    0.0970829    -0.0726542    -0.0105398    -7.31261e-17    0.044077    -2.00393e-16    
408    -5.24337e-17    7.55976e-17    0.0646054    -0.0879256    0.0970829    -0.0726542    -0.0105398    2.10463e-16    0.044077    -4.13448e-16    
409    -0.00876776    1.29547e-17    -2.33456e-16    -7.15417e-17    -1.18973e-16    4.3785e-17    -3.64823e-16    -4.01507e-17    -4.40104e-15    4.24369e-18    
410    -0.00876776    -4.79226e-17    -9.94804e-17    3.02794e-17    -1.25332e-16    -3.03177e-17    -3.89777e-16    1.72352e-16    -4.17913e-15    -1.92306e-16    
411    -0.00876776    1.16172e-16    -3.1556e-17    1.21075e-16    -9.03946e-18    4.71479e-17    -3.32854e-16    -2.36734e-16    -4.45252e-15    -3.89855e-16    
412    -0.00876776    -2.17764e-17    -2.06605e-16    7.58434e-17    -1.76308e-16    -2.30252e-16    -2.52738e-16    -9.10128e-18    -4.49827e-15    9.16928e-17    
413    -0.00876776    -1.18829e-16    -2.02709e-16    -1.30234e-16    -4.80085e-17    -5.92343e-17    -2.53469e-16    2.07093e-16    -4.05304e-15    -1.1787e-16    
414    -0.00876776    -3.97031e-17    -5.21749e-17    4.33057e-17    -4.46861e-17    3.7961e-19    -4.72676e-16    -2.28825e-16    -4.39481e-15    -3.61996e-16    
415    1.16119e-16    0.00356858    3.77234e-17    -1.70677e-16    9.38817e-18    2.19693e-16    9.21864e-17    0.00198274    -4.13266e-16    -0.0180973    
416    7.99118e-17    0.00356858    -2.13027e-16    -1.87196e-16    -2.55741e-17    -9.34438e-17    8.38096e-17    0.00198274    -1.02768e-16    -0.0180973    
417    -1.1487e-16    0.00356858    8.89989e-17    -1.44026e-16    -6.53419e-17    1.14426e-16    2.09176e-16    0.00198274    -4.71251e-16    -0.0180973    
418    -7.17304e-17    0.00356858    -1.14383e-16    -1.48818e-16    9.20534e-17    1.72386e-16    1.34902e-16    0.00198274    -2.18477e-16    -0.0180973    
419    7.40367e-17    0.00356858    -1.08731e-16    -1.42175e-16    -1.08441e-16    -1.76398e-16    3.39896e-17    0.00198274    -8.58321e-17    -0.0180973    
420    3.7458e-17    0.00356858    1.02187e-16    -1.06703e-16    -8.80048e-17    6.91581e-17    3.88333e-17    0.00198274    -6.5171e-16    -0.0180973    
421    1.0815e-16    -0.0104417    2.9243e-17    -1.26812e-16    -3.62041e-17    -3.58962e-17    1.27638e-16    -0.0140205    9.79842e-16    0.136164    
422    1.161e-16    -0.0104417    7.4863e-17    -5.34297e-17    2.75784e-17    -6.70755e-17    1.42729e-16    -0.0140205    7.17281e-16    0.136164    
423    -8.09606e-17    -0.0104417    -8.98439e-17    -4.15562e-18    -1.54092e-17    -1.55478e-16    1.68905e-16    -0.0140205    -1.28997e-16    0.136164    
424    -6.55412e-17    -0.0104417    4.72284e-18    -1.55489e-16    -1.97342e-18    -1.01762e-16    1.91196e-16    -0.0140205    1.20224e-15    0.136164    
425    8.00871e-17    -0.0104417    2.28002e-17    -6.65749e-17    9.85187e-18    -7.25682e-17    1.46349e-16    -0.0140205    6.98186e-16    0.136164    
426    3.98272e-17    -0.0104417    -9.38017e-17    -5.7052e-21    0    -7.04893e-17    1.18949e-16    -0.0140205    -1.84059e-16    0.136164    
#Execution time: 15.5372 s
