#Spin code
#Is hermitian: 1
1   1 1000
2   2 1000
3   3 1000
4   4 1000
5   5 1000
6   6 1000

7   1 1100
8   2 1100
9   3 1100
10   4 1100
11   5 1100
12   6 1100

13   1 2100
14   2 2100
15   3 2100
16   4 2100
17   5 2100
18   6 2100

19   1 1200
20   2 1200
21   3 1200
22   4 1200
23   5 1200
24   6 1200

25   1 1010
26   2 1010
27   3 1010
28   4 1010
29   5 1010
30   6 1010

31   1 2010
32   2 2010
33   3 2010
34   4 2010
35   5 2010
36   6 2010

37   1 1110
38   2 1110
39   3 1110
40   4 1110
41   5 1110
42   6 1110

43   1 2110
44   2 2110
45   3 2110
46   4 2110
47   5 2110
48   6 2110

49   1 3110
50   2 3110
51   3 3110
52   4 3110
53   5 3110
54   6 3110

55   1 1210
56   2 1210
57   3 1210
58   4 1210
59   5 1210
60   6 1210

61   1 2210
62   2 2210
63   3 2210
64   4 2210
65   5 2210
66   6 2210

67   1 1310
68   2 1310
69   3 1310
70   4 1310
71   5 1310
72   6 1310

73   1 3310
74   2 3310
75   3 3310
76   4 3310
77   5 3310
78   6 3310

79   1 1020
80   2 1020
81   3 1020
82   4 1020
83   5 1020
84   6 1020

85   1 1120
86   2 1120
87   3 1120
88   4 1120
89   5 1120
90   6 1120

91   1 2120
92   2 2120
93   3 2120
94   4 2120
95   5 2120
96   6 2120

97   1 1220
98   2 1220
99   3 1220
100   4 1220
101   5 1220
102   6 1220

103   1 1001
104   2 1001
105   3 1001
106   4 1001
107   5 1001
108   6 1001

109   1 2001
110   2 2001
111   3 2001
112   4 2001
113   5 2001
114   6 2001

115   1 1101
116   2 1101
117   3 1101
118   4 1101
119   5 1101
120   6 1101

121   1 2101
122   2 2101
123   3 2101
124   4 2101
125   5 2101
126   6 2101

127   1 3101
128   2 3101
129   3 3101
130   4 3101
131   5 3101
132   6 3101

133   1 1201
134   2 1201
135   3 1201
136   4 1201
137   5 1201
138   6 1201

139   1 2201
140   2 2201
141   3 2201
142   4 2201
143   5 2201
144   6 2201

145   1 1301
146   2 1301
147   3 1301
148   4 1301
149   5 1301
150   6 1301

151   1 3301
152   2 3301
153   3 3301
154   4 3301
155   5 3301
156   6 3301

157   1 1011
158   2 1011
159   3 1011
160   4 1011
161   5 1011
162   6 1011

163   1 2011
164   2 2011
165   3 2011
166   4 2011
167   5 2011
168   6 2011

169   1 3011
170   2 3011
171   3 3011
172   4 3011
173   5 3011
174   6 3011

175   1 1111
176   2 1111
177   3 1111
178   4 1111
179   5 1111
180   6 1111

181   1 2111
182   2 2111
183   3 2111
184   4 2111
185   5 2111
186   6 2111

187   1 3111
188   2 3111
189   3 3111
190   4 3111
191   5 3111
192   6 3111

193   1 1211
194   2 1211
195   3 1211
196   4 1211
197   5 1211
198   6 1211

199   1 2211
200   2 2211
201   3 2211
202   4 2211
203   5 2211
204   6 2211

205   1 3211
206   2 3211
207   3 3211
208   4 3211
209   5 3211
210   6 3211

211   1 1311
212   2 1311
213   3 1311
214   4 1311
215   5 1311
216   6 1311

217   1 2311
218   2 2311
219   3 2311
220   4 2311
221   5 2311
222   6 2311

223   1 1021
224   2 1021
225   3 1021
226   4 1021
227   5 1021
228   6 1021

229   1 2021
230   2 2021
231   3 2021
232   4 2021
233   5 2021
234   6 2021

235   1 1121
236   2 1121
237   3 1121
238   4 1121
239   5 1121
240   6 1121

241   1 2121
242   2 2121
243   3 2121
244   4 2121
245   5 2121
246   6 2121

247   1 3121
248   2 3121
249   3 3121
250   4 3121
251   5 3121
252   6 3121

253   1 1221
254   2 1221
255   3 1221
256   4 1221
257   5 1221
258   6 1221

259   1 2221
260   2 2221
261   3 2221
262   4 2221
263   5 2221
264   6 2221

265   1 1321
266   2 1321
267   3 1321
268   4 1321
269   5 1321
270   6 1321

271   1 3321
272   2 3321
273   3 3321
274   4 3321
275   5 3321
276   6 3321

277   1 1031
278   2 1031
279   3 1031
280   4 1031
281   5 1031
282   6 1031

283   1 3031
284   2 3031
285   3 3031
286   4 3031
287   5 3031
288   6 3031

289   1 1131
290   2 1131
291   3 1131
292   4 1131
293   5 1131
294   6 1131

295   1 2131
296   2 2131
297   3 2131
298   4 2131
299   5 2131
300   6 2131

301   1 1231
302   2 1231
303   3 1231
304   4 1231
305   5 1231
306   6 1231

307   1 3231
308   2 3231
309   3 3231
310   4 3231
311   5 3231
312   6 3231

313   1 2331
314   2 2331
315   3 2331
316   4 2331
317   5 2331
318   6 2331

319   1 3331
320   2 3331
321   3 3331
322   4 3331
323   5 3331
324   6 3331

325   1 1002
326   2 1002
327   3 1002
328   4 1002
329   5 1002
330   6 1002

331   1 1102
332   2 1102
333   3 1102
334   4 1102
335   5 1102
336   6 1102

337   1 2102
338   2 2102
339   3 2102
340   4 2102
341   5 2102
342   6 2102

343   1 1202
344   2 1202
345   3 1202
346   4 1202
347   5 1202
348   6 1202

349   1 1012
350   2 1012
351   3 1012
352   4 1012
353   5 1012
354   6 1012

355   1 2012
356   2 2012
357   3 2012
358   4 2012
359   5 2012
360   6 2012

361   1 1112
362   2 1112
363   3 1112
364   4 1112
365   5 1112
366   6 1112

367   1 2112
368   2 2112
369   3 2112
370   4 2112
371   5 2112
372   6 2112

373   1 3112
374   2 3112
375   3 3112
376   4 3112
377   5 3112
378   6 3112

379   1 1212
380   2 1212
381   3 1212
382   4 1212
383   5 1212
384   6 1212

385   1 2212
386   2 2212
387   3 2212
388   4 2212
389   5 2212
390   6 2212

391   1 1312
392   2 1312
393   3 1312
394   4 1312
395   5 1312
396   6 1312

397   1 3312
398   2 3312
399   3 3312
400   4 3312
401   5 3312
402   6 3312

403   1 1022
404   2 1022
405   3 1022
406   4 1022
407   5 1022
408   6 1022

409   1 1122
410   2 1122
411   3 1122
412   4 1122
413   5 1122
414   6 1122

415   1 2122
416   2 2122
417   3 2122
418   4 2122
419   5 2122
420   6 2122

421   1 1222
422   2 1222
423   3 1222
424   4 1222
425   5 1222
426   6 1222

#426 operators generated.
#Correlation matrix eigenvalues: 
  -3.7026e-16
  -3.5828e-16
  -2.8994e-16
  -2.8046e-16
  -2.7786e-16
  -2.7049e-16
  -2.3288e-16
  -2.2272e-16
  -1.9872e-16
  -1.9757e-16
  -1.9402e-16
  -1.8351e-16
  -1.7317e-16
  -1.7197e-16
  -1.6926e-16
  -1.6755e-16
  -1.5552e-16
  -1.5506e-16
  -1.5067e-16
  -1.4457e-16
  -1.4170e-16
  -1.3951e-16
  -1.3630e-16
  -1.3016e-16
  -1.2382e-16
  -1.2090e-16
  -1.2060e-16
  -1.2034e-16
  -1.1985e-16
  -1.1356e-16
  -1.1308e-16
  -1.1201e-16
  -1.0359e-16
  -9.8488e-17
  -9.2858e-17
  -9.1929e-17
  -9.1050e-17
  -8.9635e-17
  -8.9564e-17
  -8.8485e-17
  -8.7522e-17
  -8.6813e-17
  -8.5405e-17
  -8.5278e-17
  -7.9115e-17
  -7.5178e-17
  -7.4246e-17
  -7.2599e-17
  -7.1649e-17
  -6.9168e-17
  -6.7923e-17
  -6.7613e-17
  -6.7497e-17
  -6.7249e-17
  -6.5730e-17
  -6.2134e-17
  -6.2132e-17
  -5.9984e-17
  -5.8837e-17
  -5.8187e-17
  -5.7606e-17
  -5.6990e-17
  -5.3835e-17
  -5.3512e-17
  -5.2546e-17
  -5.1896e-17
  -5.1423e-17
  -5.1044e-17
  -4.9767e-17
  -4.9681e-17
  -4.9029e-17
  -4.8684e-17
  -4.7378e-17
  -4.5763e-17
  -4.5501e-17
  -4.5368e-17
  -4.4489e-17
  -4.3781e-17
  -4.2945e-17
  -4.2014e-17
  -4.1506e-17
  -4.1412e-17
  -4.1278e-17
  -4.0659e-17
  -4.0534e-17
  -3.9243e-17
  -3.9022e-17
  -3.7522e-17
  -3.7451e-17
  -3.7313e-17
  -3.6599e-17
  -3.6192e-17
  -3.4911e-17
  -3.4022e-17
  -3.3565e-17
  -3.3471e-17
  -3.3388e-17
  -3.2912e-17
  -3.2081e-17
  -3.1035e-17
  -3.0014e-17
  -2.9193e-17
  -2.8753e-17
  -2.8713e-17
  -2.8380e-17
  -2.7698e-17
  -2.7566e-17
  -2.6570e-17
  -2.6407e-17
  -2.6160e-17
  -2.5443e-17
  -2.5373e-17
  -2.4917e-17
  -2.4782e-17
  -2.4600e-17
  -2.3928e-17
  -2.3252e-17
  -2.2061e-17
  -2.1960e-17
  -2.1660e-17
  -2.1415e-17
  -2.1237e-17
  -2.0967e-17
  -2.0721e-17
  -2.0445e-17
  -1.9969e-17
  -1.9659e-17
  -1.9656e-17
  -1.9608e-17
  -1.8771e-17
  -1.8684e-17
  -1.8251e-17
  -1.7919e-17
  -1.7607e-17
  -1.6884e-17
  -1.6154e-17
  -1.5647e-17
  -1.5426e-17
  -1.4542e-17
  -1.3644e-17
  -1.3580e-17
  -1.3470e-17
  -1.3439e-17
  -1.3141e-17
  -1.3000e-17
  -1.2918e-17
  -1.2885e-17
  -1.2539e-17
  -1.1684e-17
  -1.1515e-17
  -1.1291e-17
  -1.0921e-17
  -1.0735e-17
  -1.0108e-17
  -9.7716e-18
  -9.6572e-18
  -9.3430e-18
  -9.3064e-18
  -8.9696e-18
  -8.5928e-18
  -8.3562e-18
  -8.1642e-18
  -7.5121e-18
  -7.5051e-18
  -7.4753e-18
  -6.5234e-18
  -6.1969e-18
  -5.7471e-18
  -5.6168e-18
  -5.5622e-18
  -5.5201e-18
  -3.9886e-18
  -3.6388e-18
  -3.5241e-18
  -3.2110e-18
  -3.1402e-18
  -3.1354e-18
  -3.0482e-18
  -2.8874e-18
  -2.5602e-18
  -2.4729e-18
  -2.4051e-18
  -2.2706e-18
  -2.1632e-18
  -1.9947e-18
  -1.9729e-18
  -1.4700e-18
  -1.2110e-18
  -1.0631e-18
  -4.5002e-19
  -2.5037e-33
   2.5306e-19
   4.5999e-19
   7.5640e-19
   9.2387e-19
   1.2071e-18
   1.7484e-18
   2.3220e-18
   2.7653e-18
   2.8090e-18
   3.4200e-18
   3.6415e-18
   5.3589e-18
   5.4859e-18
   5.5290e-18
   5.5563e-18
   6.2397e-18
   6.3634e-18
   6.6994e-18
   6.9985e-18
   7.6349e-18
   7.8488e-18
   8.1967e-18
   8.4919e-18
   8.7192e-18
   9.0058e-18
   9.6024e-18
   9.6732e-18
   9.7341e-18
   1.0001e-17
   1.0129e-17
   1.0371e-17
   1.1019e-17
   1.1222e-17
   1.2079e-17
   1.2430e-17
   1.2733e-17
   1.3305e-17
   1.3321e-17
   1.3695e-17
   1.3863e-17
   1.3966e-17
   1.4113e-17
   1.4740e-17
   1.4933e-17
   1.5392e-17
   1.5505e-17
   1.5591e-17
   1.5685e-17
   1.6820e-17
   1.7163e-17
   1.7620e-17
   1.7740e-17
   1.7833e-17
   1.8391e-17
   1.8608e-17
   1.8850e-17
   1.9041e-17
   1.9506e-17
   1.9723e-17
   2.0481e-17
   2.1142e-17
   2.1224e-17
   2.1538e-17
   2.1668e-17
   2.2332e-17
   2.3315e-17
   2.3496e-17
   2.4480e-17
   2.4593e-17
   2.4797e-17
   2.5187e-17
   2.5769e-17
   2.5815e-17
   2.6258e-17
   2.8021e-17
   2.8110e-17
   2.8409e-17
   2.8934e-17
   2.9607e-17
   3.0129e-17
   3.0459e-17
   3.1905e-17
   3.1986e-17
   3.2061e-17
   3.2790e-17
   3.3588e-17
   3.3621e-17
   3.4219e-17
   3.5152e-17
   3.5535e-17
   3.7022e-17
   3.7379e-17
   3.7837e-17
   3.7924e-17
   3.9056e-17
   4.1496e-17
   4.2116e-17
   4.2318e-17
   4.3171e-17
   4.3562e-17
   4.3615e-17
   4.3848e-17
   4.4764e-17
   4.5125e-17
   4.5790e-17
   4.6592e-17
   4.7101e-17
   4.8501e-17
   4.8749e-17
   4.9768e-17
   5.0440e-17
   5.5734e-17
   5.6542e-17
   5.7888e-17
   5.8119e-17
   5.8559e-17
   5.8738e-17
   5.9589e-17
   6.0405e-17
   6.2043e-17
   6.7385e-17
   6.7419e-17
   6.7693e-17
   7.1806e-17
   7.2361e-17
   7.2564e-17
   7.7690e-17
   8.0406e-17
   8.0817e-17
   8.0857e-17
   8.1326e-17
   8.3576e-17
   8.5626e-17
   8.6696e-17
   8.7861e-17
   8.8370e-17
   9.1161e-17
   9.2295e-17
   9.8508e-17
   9.9182e-17
   9.9642e-17
   1.0597e-16
   1.1072e-16
   1.1307e-16
   1.1483e-16
   1.1844e-16
   1.2172e-16
   1.2464e-16
   1.2668e-16
   1.3901e-16
   1.4548e-16
   1.4950e-16
   1.5357e-16
   1.5468e-16
   1.5972e-16
   1.7441e-16
   1.8035e-16
   1.8768e-16
   1.9012e-16
   2.0007e-16
   2.0347e-16
   2.6030e-16
   2.9908e-16
   3.0378e-16
   2.9848e-02
   2.9848e-02
   3.2461e-02
   3.2461e-02
   7.6426e-02
   1.2357e-01
   1.2357e-01
   1.4031e-01
   1.4031e-01
   1.6070e-01
   1.6070e-01
   1.6495e-01
   1.6495e-01
   1.7560e-01
   1.7560e-01
   1.8189e-01
   1.8189e-01
   1.9254e-01
   1.9254e-01
   1.9302e-01
   1.9302e-01
   2.0762e-01
   2.2000e-01
   2.8174e-01
   2.8174e-01
   2.9136e-01
   2.9136e-01
   3.0000e-01
   3.0000e-01
   3.0000e-01
   3.1982e-01
   3.1982e-01
   3.3333e-01
   3.4472e-01
   3.4472e-01
   3.4615e-01
   3.5158e-01
   3.5158e-01
   3.5304e-01
   3.7597e-01
   3.7597e-01
   3.8099e-01
   3.8099e-01
   4.1193e-01
   4.1193e-01
   4.1496e-01
   4.2424e-01
   4.5000e-01
   4.8263e-01
   4.8333e-01
   4.9236e-01
   4.9236e-01
   5.0000e-01
   5.3333e-01
   5.3333e-01
   5.8267e-01
   6.4836e-01
   6.4836e-01
   6.5455e-01
   6.8260e-01
   6.8260e-01
   6.9516e-01
   6.9516e-01
   7.0000e-01
   7.2470e-01
   8.4987e-01
   8.4987e-01
   8.6449e-01
   8.6449e-01
   8.6669e-01
   8.6669e-01

#10 eigenvectors corresponding to largest eigenvalues: 
1    1.03806e-14    4.37291e-15    -6.28664e-15    6.01865e-15    0.337632    0.0785786    1.38778e-16    -1.09212e-15    -0.00242624    -0.0118946    
2    -5.91194e-15    -1.46287e-15    9.27036e-15    2.15868e-16    -0.100765    -0.331687    -2.09034e-16    3.82994e-17    0.0115141    0.0038461    
3    -4.55191e-15    -3.05393e-15    -2.9976e-15    -6.20909e-15    -0.236867    0.253109    -3.66027e-16    1.08117e-15    -0.00908787    0.00804846    
4    1.03806e-14    4.39392e-15    -6.56419e-15    5.79611e-15    0.337632    0.0785786    1.07553e-16    -1.16357e-15    -0.00242624    -0.0118946    
5    -5.75234e-15    -1.54049e-15    9.67282e-15    1.30524e-16    -0.100765    -0.331687    1.16226e-16    1.55854e-17    0.0115141    0.0038461    
6    -4.66294e-15    -2.8616e-15    -2.80331e-15    -5.79315e-15    -0.236867    0.253109    1.26635e-16    1.08811e-15    -0.00908787    0.00804846    
7    1.76179e-14    1.44751e-14    -0.0948885    -0.272869    3.78864e-15    -3.84474e-15    0.193747    9.1073e-17    1.16834e-15    1.8426e-16    
8    -3.49165e-14    -4.22679e-14    0.283756    0.0542587    2.78944e-15    7.39652e-15    0.193747    3.22442e-16    1.18221e-15    -4.95602e-16    
9    1.67089e-14    2.80243e-14    -0.188867    0.21861    -6.84175e-15    -3.1905e-15    0.193747    -2.2855e-16    1.04604e-15    6.25398e-16    
10    1.78503e-14    1.43954e-14    -0.0948885    -0.272869    3.77823e-15    -4.02961e-15    0.193747    -2.00903e-16    1.00874e-15    -1.65078e-18    
11    -3.48055e-14    -4.2336e-14    0.283756    0.0542587    2.65066e-15    7.22529e-15    0.193747    5.44053e-16    1.05558e-15    -3.20247e-16    
12    1.67713e-14    2.80076e-14    -0.188867    0.21861    -6.58501e-15    -3.12622e-15    0.193747    -5.37981e-16    1.14318e-15    5.87276e-16    
13    0.203524    -0.0210159    2.10734e-14    4.91237e-15    -5.53724e-15    -1.66557e-15    2.15539e-16    3.79471e-18    -2.22912e-16    -1.3991e-16    
14    -0.0835619    0.186765    1.79873e-14    -1.78633e-15    2.42861e-17    6.86239e-16    -2.35163e-16    9.79035e-17    -6.93889e-18    2.48069e-17    
15    -0.119963    -0.165749    -3.88162e-14    -3.03429e-15    5.6205e-15    1.08452e-15    -1.50054e-16    6.39679e-18    2.57606e-16    1.26025e-16    
16    0.203524    -0.0210159    2.09693e-14    5.17091e-15    -5.64826e-15    -1.7981e-15    4.79217e-17    7.0175e-17    -2.83627e-16    -2.41842e-16    
17    -0.0835619    0.186765    1.78954e-14    -1.9547e-15    1.14492e-16    5.07916e-16    6.451e-17    7.64295e-17    1.37368e-16    -3.89556e-17    
18    -0.119963    -0.165749    -3.88856e-14    -3.2076e-15    5.52336e-15    1.07797e-15    9.45424e-17    -6.29921e-17    2.58474e-16    2.46089e-16    
19    -0.119963    -0.165749    -3.89896e-14    -3.08861e-15    5.6205e-15    1.15928e-15    4.51028e-17    -4.27176e-17    2.84928e-16    1.95662e-16    
20    0.203524    -0.0210159    2.08861e-14    4.87223e-15    -5.6205e-15    -1.82222e-15    1.89952e-16    -2.42048e-17    -1.23165e-16    -2.03273e-17    
21    -0.0835619    0.186765    1.78538e-14    -2.05835e-15    8.32667e-17    6.92676e-16    1.40513e-16    2.26327e-17    1.95156e-17    9.65193e-17    
22    -0.119963    -0.165749    -3.88301e-14    -3.21894e-15    5.48867e-15    1.05827e-15    -1.34441e-16    -1.32652e-16    2.59341e-16    3.71191e-16    
23    0.203524    -0.0210159    2.09693e-14    5.08048e-15    -5.50948e-15    -1.70077e-15    7.45931e-17    -4.24465e-17    -3.26128e-16    -2.82561e-16    
24    -0.0835619    0.186765    1.78434e-14    -1.77299e-15    -1.73472e-17    6.55212e-16    -2.90133e-16    6.60144e-17    7.75205e-17    9.06469e-17    
25    1.50886e-14    2.46348e-14    -0.166602    0.192838    -5.60663e-15    -3.01319e-15    -0.00949771    -1.31405e-16    -3.53884e-16    7.66626e-16    
26    1.57582e-14    1.26549e-14    -0.083702    -0.2407    3.48679e-15    -3.74558e-15    -0.00949771    -1.15142e-15    2.5327e-16    -8.00092e-17    
27    -3.07046e-14    -3.74026e-14    0.250304    0.0478621    2.41474e-15    6.25182e-15    -0.00949771    7.76289e-16    -1.14492e-16    -8.75256e-16    
28    1.49637e-14    2.46506e-14    -0.166602    0.192838    -5.6205e-15    -2.80643e-15    -0.00949771    -7.24247e-17    -1.70003e-16    8.82816e-16    
29    1.57062e-14    1.27065e-14    -0.083702    -0.2407    3.38965e-15    -3.53504e-15    -0.00949771    -1.07965e-15    2.74086e-16    1.00752e-17    
30    -3.0663e-14    -3.74413e-14    0.250304    0.0478621    2.3731e-15    6.24032e-15    -0.00949771    8.58688e-16    -1.70003e-16    -7.78174e-16    
31    -0.103949    0.158596    1.11786e-14    -2.51655e-15    9.67976e-16    8.23534e-16    5.33427e-17    -2.73863e-17    6.70444e-17    9.2197e-17    
32    -0.0853736    -0.169321    -3.5319e-14    -2.45516e-15    4.73233e-15    8.88077e-16    1.4138e-16    4.42219e-17    1.7846e-16    9.26585e-17    
33    0.189323    0.0107248    2.41196e-14    4.65141e-15    -5.59275e-15    -1.69092e-15    2.59558e-16    -1.42302e-17    -2.25514e-16    -1.54074e-16    
34    -0.103949    0.158596    1.14422e-14    -2.38503e-15    9.4022e-16    8.25388e-16    -3.28188e-16    -3.72457e-17    8.28059e-17    1.50543e-16    
35    -0.0853736    -0.169321    -3.53051e-14    -2.22082e-15    4.4964e-15    9.6708e-16    -1.34441e-16    1.60191e-17    1.72171e-16    2.89743e-16    
36    0.189323    0.0107248    2.37727e-14    4.65325e-15    -5.46785e-15    -1.51858e-15    5.46438e-17    9.24282e-18    -2.62377e-16    -3.19855e-16    
37    1.71738e-16    2.19528e-17    0    -4.835e-16    2.53378e-16    -1.52195e-16    -2.47198e-17    -2.28432e-15    -7.23434e-17    1.48671e-15    
38    1.02349e-16    1.34962e-16    1.34549e-16    -4.5072e-16    3.42174e-16    -8.62735e-17    -1.22298e-16    -2.45225e-15    7.93636e-17    2.16193e-15    
39    8.93383e-17    3.43572e-17    1.87567e-16    -4.87316e-16    3.00107e-16    -6.91183e-17    -1.42681e-16    -2.49028e-15    9.88792e-17    1.87731e-15    
40    1.73472e-17    7.2659e-17    3.46945e-17    -5.72368e-16    3.10624e-16    2.21909e-17    -2.9924e-17    -2.19524e-15    9.59112e-17    1.53861e-15    
41    1.43115e-16    8.57773e-17    2.39609e-17    -5.10531e-16    2.94036e-16    -6.99777e-17    -1.93422e-16    -2.05191e-15    1.4615e-16    2.0215e-15    
42    2.09034e-16    -7.03786e-17    1.13299e-16    -5.41874e-16    2.35055e-16    -1.01984e-16    -9.32414e-17    -2.12718e-15    8.10983e-17    1.83914e-15    
43    5.13912e-17    -7.98752e-17    1.97325e-16    -3.91475e-17    7.84962e-17    -6.8783e-17    5.70724e-16    1.66214e-15    -1.79934e-15    5.31508e-16    
44    -2.93819e-16    -8.90169e-17    1.40296e-16    2.19046e-17    -9.28077e-17    -1.53976e-17    1.06339e-15    -1.36046e-15    1.60982e-15    -1.65075e-15    
45    9.28077e-17    3.26291e-17    -1.9906e-16    -6.29072e-17    -2.60209e-17    -1.05946e-17    -1.6237e-15    -3.92698e-16    7.63278e-17    1.01837e-15    
46    1.81495e-16    -5.55174e-17    1.81279e-16    1.95705e-17    2.34188e-16    -2.70333e-16    3.72098e-16    1.67547e-15    -1.78243e-15    4.60273e-16    
47    -3.24176e-16    -8.89635e-17    -1.16443e-16    -2.63777e-16    -2.11636e-16    5.87612e-17    9.78384e-16    -1.3069e-15    1.62023e-15    -1.55536e-15    
48    8.2833e-17    1.04584e-16    1.09721e-16    1.64466e-16    -1.38778e-17    2.5619e-16    -1.33574e-15    -4.31404e-16    2.46331e-16    9.55486e-16    
49    4.0315e-15    1.66089e-15    -3.14332e-15    2.38488e-15    0.129456    0.0432373    1.60462e-16    -8.16811e-15    -0.028242    -0.0922695    
50    -1.87003e-15    -2.8906e-16    3.58047e-15    4.05334e-16    -0.0272837    -0.133731    -8.79938e-16    1.4763e-15    0.0940287    0.0216765    
51    -2.09555e-15    -1.19766e-15    -7.45931e-16    -2.71561e-15    -0.102173    0.0904939    -6.245e-17    6.75827e-15    -0.0657867    0.070593    
52    3.92741e-15    1.65409e-15    -2.94209e-15    2.03647e-15    0.129456    0.0432373    2.34188e-16    -8.17543e-15    -0.028242    -0.0922695    
53    -1.77462e-15    -4.15927e-16    3.75568e-15    1.10702e-16    -0.0272837    -0.133731    -2.55004e-16    1.47489e-15    0.0940287    0.0216765    
54    -2.05391e-15    -1.26067e-15    -6.52256e-16    -2.42608e-15    -0.102173    0.0904939    6.08888e-16    6.63711e-15    -0.0657867    0.070593    
55    -2.55872e-16    -1.43541e-16    -7.48099e-17    -2.67554e-17    -1.12757e-16    -4.65701e-17    1.12757e-15    -1.20617e-15    1.576e-15    -1.73026e-15    
56    9.28077e-17    1.23795e-16    -1.78677e-16    1.25232e-16    -3.72966e-17    9.57469e-17    -1.57166e-15    -3.52583e-16    7.28584e-17    1.11365e-15    
57    1.55691e-16    -3.24166e-17    1.15359e-16    -2.13842e-16    1.8735e-16    -1.53119e-16    4.68375e-16    1.7067e-15    -1.67141e-15    5.52447e-16    
58    -3.77302e-16    2.25044e-17    -3.92481e-17    -2.2019e-17    -1.88217e-16    1.49796e-16    1.16573e-15    -1.25507e-15    1.61763e-15    -1.52018e-15    
59    9.75782e-17    1.0963e-16    -1.99493e-17    6.77617e-17    1.64799e-17    1.06192e-16    -1.63411e-15    -4.63496e-16    1.97758e-16    1.00362e-15    
60    2.15648e-16    -4.21203e-17    1.9971e-16    4.94157e-17    1.50487e-16    -1.63859e-16    3.75568e-16    1.66745e-15    -1.90212e-15    5.24407e-16    
61    3.1225e-17    -2.17562e-16    -1.82753e-15    -9.66711e-16    -0.0230813    0.0743178    -1.09201e-15    -9.07044e-15    0.129895    -0.0968147    
62    2.23085e-15    9.81339e-16    -1.8735e-16    1.25285e-15    0.0759017    -0.0171699    -6.07153e-17    1.41965e-14    0.0188966    0.160899    
63    -2.22738e-15    -7.05801e-16    2.02095e-15    -6.51013e-16    -0.0528204    -0.0571479    1.14318e-15    -5.21317e-15    -0.148791    -0.0640847    
64    1.38778e-17    -3.0784e-16    -1.41033e-15    -6.12489e-16    -0.0230813    0.0743178    -3.86843e-16    -9.0436e-15    0.129895    -0.0968147    
65    2.27249e-15    1.09584e-15    -5.23886e-16    1.48646e-15    0.0759017    -0.0171699    -1.91687e-16    1.42831e-14    0.0188966    0.160899    
66    -2.328e-15    -7.64756e-16    1.70697e-15    -5.7116e-16    -0.0528204    -0.0571479    5.0307e-16    -5.21219e-15    -0.148791    -0.0640847    
67    -2.43555e-15    -5.31663e-16    3.90313e-15    5.17859e-17    -0.0444595    -0.146347    -4.54281e-16    1.42892e-15    0.0609979    0.0203753    
68    -2.0331e-15    -1.25797e-15    -1.34961e-15    -2.82922e-15    -0.10451    0.111676    -1.07553e-16    4.15005e-15    -0.0481445    0.0426381    
69    4.54498e-15    1.90282e-15    -2.9074e-15    2.51738e-15    0.14897    0.0346704    8.41341e-17    -5.62311e-15    -0.0128534    -0.0630134    
70    -2.47719e-15    -6.21237e-16    4.3212e-15    2.1263e-17    -0.0444595    -0.146347    -1.83881e-16    1.49498e-15    0.0609979    0.0203753    
71    -1.96371e-15    -1.27386e-15    -1.15186e-15    -2.62242e-15    -0.10451    0.111676    3.82507e-16    4.17315e-15    -0.0481445    0.0426381    
72    4.50334e-15    1.88565e-15    -2.99066e-15    2.7656e-15    0.14897    0.0346704    1.38778e-16    -5.60809e-15    -0.0128534    -0.0630134    
73    -1.47105e-15    -1.03213e-15    -1.51615e-15    -2.38975e-15    -0.0835291    0.107941    2.07299e-16    5.53192e-15    -0.0780269    0.0567721    
74    3.97599e-15    1.76194e-15    -2.51882e-15    2.34557e-15    0.135244    0.0183677    1.96024e-16    -8.59566e-15    -0.0101527    -0.0959593    
75    -2.47025e-15    -6.0885e-16    4.03323e-15    -2.29234e-16    -0.0517153    -0.126309    -2.85037e-16    3.07939e-15    0.0881796    0.0391872    
76    -1.47798e-15    -1.00326e-15    -1.35655e-15    -2.23296e-15    -0.0835291    0.107941    4.39752e-16    5.61487e-15    -0.0780269    0.0567721    
77    3.92048e-15    1.68393e-15    -2.5327e-15    2.6222e-15    0.135244    0.0183677    8.32667e-17    -8.60461e-15    -0.0101527    -0.0959593    
78    -2.34188e-15    -7.36414e-16    3.61863e-15    -2.19172e-16    -0.0517153    -0.126309    -6.99202e-16    3.08329e-15    0.0881796    0.0391872    
79    -0.134164    -0.134009    -3.57561e-14    -3.3207e-15    5.59969e-15    1.2644e-15    -9.58435e-17    -8.0231e-17    3.41741e-16    1.14667e-16    
80    0.183137    -0.049185    1.44121e-14    4.63143e-15    -4.7462e-15    -1.62705e-15    -3.70797e-17    -4.88162e-17    -1.48102e-16    -9.16661e-17    
81    -0.048973    0.183194    2.14342e-14    -9.37457e-16    -8.1532e-16    2.26399e-16    -3.84892e-16    1.45066e-16    5.17164e-17    -6.20932e-17    
82    -0.134164    -0.134009    -3.59227e-14    -3.56568e-15    5.42622e-15    1.20741e-15    0    -5.42914e-17    1.92988e-16    3.27018e-16    
83    0.183137    -0.049185    1.43774e-14    4.39597e-15    -4.6213e-15    -1.66497e-15    2.05131e-16    -6.42932e-17    -1.99493e-16    -2.58459e-16    
84    -0.048973    0.183194    2.15661e-14    -1.16748e-15    -1.04083e-15    2.9316e-16    2.10335e-16    9.0043e-17    5.89806e-17    6.01504e-19    
85    1.26201e-16    1.13246e-16    -9.36751e-17    -1.02471e-17    -2.34188e-17    1.11961e-16    -1.62717e-15    -3.70147e-16    2.75821e-16    1.13121e-15    
86    1.37911e-16    -2.14988e-17    2.14672e-17    -1.21914e-16    1.15793e-16    -1.81193e-16    2.68015e-16    1.71537e-15    -1.63237e-15    5.2834e-16    
87    -1.60028e-16    -1.0042e-16    -2.81893e-18    -5.62738e-18    -2.28116e-16    7.18423e-17    1.13624e-15    -1.29042e-15    1.56472e-15    -1.53584e-15    
88    2.42861e-16    4.57586e-17    1.34007e-16    1.87575e-16    -3.90313e-17    4.48485e-17    -1.47451e-15    -4.69351e-16    2.94903e-17    1.11041e-15    
89    1.80411e-16    -1.27014e-16    2.04914e-16    -5.8428e-17    1.7087e-16    -1.40456e-16    4.13732e-16    1.65975e-15    -1.95894e-15    4.20905e-16    
90    -2.97939e-16    -1.25432e-16    -2.58691e-16    -2.74284e-18    -6.50521e-17    -6.62289e-18    1.35308e-15    -1.30039e-15    1.70263e-15    -1.70061e-15    
91    -1.7833e-15    -5.12369e-16    2.39392e-15    3.91762e-17    -0.0260512    -0.0857526    1.08941e-15    -4.25528e-15    -0.160584    -0.0536405    
92    -1.12063e-15    -7.21737e-16    -8.43076e-16    -1.25797e-15    -0.0612383    0.0654373    -4.49293e-16    -1.04684e-14    0.126746    -0.11225    
93    2.9074e-15    1.19157e-15    -1.30451e-15    1.51005e-15    0.0872895    0.0203153    -1.51788e-16    1.47681e-14    0.0338381    0.16589    
94    -1.7087e-15    -3.90874e-16    2.06866e-15    8.80294e-17    -0.0260512    -0.0857526    8.23994e-16    -4.29154e-15    -0.160584    -0.0536405    
95    -1.21778e-15    -7.61813e-16    -9.71445e-16    -1.57063e-15    -0.0612383    0.0654373    -9.47593e-16    -1.04811e-14    0.126746    -0.11225    
96    2.97679e-15    1.13451e-15    -1.2941e-15    1.248e-15    0.0872895    0.0203153    -2.43729e-16    1.47397e-14    0.0338381    0.16589    
97    2.30024e-15    9.79348e-16    -1.6584e-15    9.50306e-16    0.0605204    0.04892    -3.30465e-16    1.38245e-14    0.0456312    0.155446    
98    -5.88939e-16    -1.46713e-17    1.4511e-15    6.76843e-16    0.0121057    -0.0768722    7.14706e-16    -2.85584e-15    -0.157436    -0.0382053    
99    -1.9186e-15    -8.89898e-16    -1.04083e-17    -1.5369e-15    -0.0726261    0.0279522    -8.0231e-16    -1.09401e-14    0.111805    -0.117241    
100    2.53617e-15    8.81609e-16    -1.63064e-15    4.24323e-16    0.0605204    0.04892    -3.26128e-16    1.38755e-14    0.0456312    0.155446    
101    -6.07153e-16    5.47859e-17    1.66187e-15    6.57928e-16    0.0121057    -0.0768722    1.10155e-15    -2.8901e-15    -0.157436    -0.0382053    
102    -1.77983e-15    -9.28333e-16    9.36751e-17    -1.33723e-15    -0.0726261    0.0279522    -3.62232e-16    -1.09174e-14    0.111805    -0.117241    
103    -4.08562e-14    -4.93275e-14    0.331369    0.0633631    3.26128e-15    8.39844e-15    0.189854    -2.55872e-17    6.34909e-16    -1.8096e-16    
104    1.93734e-14    3.26691e-14    -0.220559    0.255292    -8.23647e-15    -3.72089e-15    0.189854    -1.8258e-16    1.33921e-15    2.48743e-16    
105    2.08826e-14    1.67222e-14    -0.11081    -0.318656    4.26048e-15    -4.53401e-15    0.189854    7.40971e-16    7.25548e-16    5.05732e-17    
106    -4.08146e-14    -4.93275e-14    0.331369    0.0633631    3.28904e-15    8.42099e-15    0.189854    -3.42608e-17    6.48787e-16    -2.78104e-16    
107    1.93873e-14    3.26691e-14    -0.220559    0.255292    -8.21565e-15    -3.7313e-15    0.189854    -1.73039e-16    1.31839e-15    3.5803e-16    
108    2.08826e-14    1.67222e-14    -0.11081    -0.318656    4.26048e-15    -4.53401e-15    0.189854    7.40971e-16    7.25548e-16    5.05732e-17    
109    -0.130248    -0.17996    -4.22162e-14    -3.61046e-15    6.17562e-15    1.26814e-15    2.91434e-16    1.25361e-16    1.92121e-16    1.97235e-16    
110    0.220974    -0.0228178    2.27665e-14    5.22936e-15    -5.93969e-15    -2.00677e-15    5.58357e-16    -1.19113e-16    -3.02059e-16    -2.57507e-16    
111    -0.0907263    0.202778    1.96215e-14    -2.12994e-15    5.89806e-17    8.30081e-16    8.30499e-17    3.13961e-17    -9.36751e-17    1.04117e-16    
112    -0.130248    -0.17996    -4.2133e-14    -3.09355e-15    6.16174e-15    1.39076e-15    -3.01408e-16    3.22821e-17    1.8258e-16    2.02877e-16    
113    0.220974    -0.0228178    2.2593e-14    5.518e-15    -5.93969e-15    -1.845e-15    -2.10606e-17    -1.25266e-16    -3.89445e-16    -3.16277e-16    
114    -0.0907263    0.202778    1.93977e-14    -2.19247e-15    2.28983e-16    6.55428e-16    -7.87131e-17    3.82452e-17    3.18755e-17    4.89808e-18    
115    -6.67869e-17    -1.08952e-16    -4.50537e-16    7.61653e-17    1.20346e-17    -2.2911e-16    1.19913e-16    0.288675    1.04083e-15    -2.69855e-14    
116    6.33174e-17    -5.76432e-17    -4.468e-16    5.59273e-17    -8.47846e-17    -2.44431e-16    7.69784e-17    0.288675    1.15771e-15    -2.66592e-14    
117    5.69206e-17    -1.1946e-16    -5.25811e-16    1.3226e-16    5.00901e-17    -2.47694e-16    4.55365e-17    0.288675    1.05569e-15    -2.67202e-14    
118    4.51028e-17    -4.29101e-17    -4.36825e-16    2.39281e-16    -3.79471e-18    -2.57744e-16    -4.29344e-17    0.288675    1.00636e-15    -2.68989e-14    
119    2.64545e-17    -1.53502e-16    -2.32399e-16    1.17054e-16    -3.03577e-17    -2.55747e-16    -8.95551e-17    0.288675    1.15099e-15    -2.66209e-14    
120    -3.37187e-17    -8.03426e-18    -4.71906e-16    2.51853e-16    -3.50468e-17    -1.80046e-16    4.64581e-17    0.288675    1.13448e-15    -2.68658e-14    
121    1.58294e-16    5.75097e-17    -8.10983e-17    1.42252e-16    -3.81639e-17    1.05674e-16    -1.51962e-15    -2.86446e-16    6.93889e-18    1.14703e-15    
122    8.80372e-17    -5.61956e-17    1.03433e-16    3.25907e-17    8.2833e-17    -1.45044e-16    5.81132e-16    1.60923e-15    -1.54824e-15    4.2671e-16    
123    -2.98372e-16    -1.00658e-16    -6.85216e-17    1.24371e-16    -3.64292e-17    1.57921e-17    9.1073e-16    -1.31362e-15    1.94549e-15    -1.53791e-15    
124    7.50268e-17    2.08112e-16    4.0766e-17    -1.40163e-16    -7.63278e-17    8.3422e-17    -1.55258e-15    -4.02998e-16    1.11022e-16    1.29271e-15    
125    2.34405e-16    -1.49396e-16    -5.50775e-17    6.55657e-18    8.97719e-17    -7.18158e-17    6.36644e-16    1.76205e-15    -1.70697e-15    3.84819e-16    
126    -1.51355e-16    -6.06585e-17    8.63025e-17    -2.82757e-17    -1.30972e-16    -1.88469e-17    1.09288e-15    -1.37238e-15    1.74253e-15    -1.51706e-15    
127    -1.36523e-15    -1.81585e-16    3.16847e-15    4.7916e-16    -0.0139795    -0.115619    -6.00648e-16    4.47908e-15    0.0912275    0.0546429    
128    -2.15106e-15    -1.26206e-15    -3.81639e-16    -2.32158e-15    -0.093139    0.069916    3.01842e-16    5.06415e-15    -0.0929359    0.0516839    
129    3.25434e-15    1.39306e-15    -2.79637e-15    1.70306e-15    0.107119    0.0457028    -8.93383e-17    -9.62338e-15    0.00170834    -0.106327    
130    -1.19783e-15    -2.69222e-16    3.2023e-15    3.64905e-16    -0.0139795    -0.115619    -4.7358e-16    4.46859e-15    0.0912275    0.0546429    
131    -2.19269e-15    -1.24673e-15    -3.88578e-16    -2.14455e-15    -0.093139    0.069916    5.77663e-16    5.003e-15    -0.0929359    0.0516839    
132    3.41394e-15    1.33406e-15    -2.74086e-15    1.84523e-15    0.107119    0.0457028    6.76542e-17    -9.55442e-15    0.00170834    -0.106327    
133    1.86916e-16    -4.13415e-17    -5.63785e-18    -1.21875e-16    6.89553e-17    -1.43236e-16    6.15827e-16    1.49788e-15    -1.42681e-15    4.22815e-16    
134    -2.50884e-16    -1.47519e-17    1.03867e-16    1.09014e-16    -1.56125e-17    1.1154e-16    9.24608e-16    -1.12031e-15    1.42768e-15    -1.3666e-15    
135    -3.38271e-17    1.25279e-16    -1.11022e-16    -2.56296e-17    -8.84709e-17    1.46786e-16    -1.29757e-15    -2.95011e-16    -1.07553e-16    1.0937e-15    
136    1.40513e-16    -1.1035e-16    6.17995e-17    6.28817e-17    2.3679e-16    -1.04132e-16    5.13478e-16    1.59177e-15    -1.40382e-15    1.86875e-16    
137    -3.0336e-16    -5.13798e-17    -7.54605e-17    -2.30161e-16    -5.55112e-17    -4.25508e-17    7.38992e-16    -1.15977e-15    1.56559e-15    -1.30591e-15    
138    5.29091e-17    1.45281e-16    -6.76542e-17    6.7436e-17    5.0307e-17    7.03587e-17    -1.29063e-15    -1.24683e-16    -4.33681e-17    1.00346e-15    
139    2.21351e-15    8.83726e-16    -8.1532e-16    1.00755e-15    0.0696926    0.00950945    -7.80626e-18    1.46427e-14    0.000706837    0.16461    
140    -1.64799e-15    -5.6512e-16    1.76855e-15    -4.32325e-17    -0.0266109    -0.0651102    8.96852e-16    -6.79697e-15    -0.14291    -0.0816927    
141    -6.62664e-16    -5.22131e-16    -8.96852e-16    -1.05575e-15    -0.0430817    0.0556008    -7.89299e-16    -7.94484e-15    0.142203    -0.082917    
142    2.16147e-15    9.68362e-16    -8.60423e-16    1.2119e-15    0.0696926    0.00950945    -7.37257e-17    1.4725e-14    0.000706837    0.16461    
143    -1.76942e-15    -5.91805e-16    1.74687e-15    1.74247e-17    -0.0266109    -0.0651102    7.54605e-16    -6.85118e-15    -0.14291    -0.0816927    
144    -6.80012e-16    -5.58182e-16    -9.36751e-16    -1.1155e-15    -0.0430817    0.0556008    -7.12104e-16    -7.91234e-15    0.142203    -0.082917    
145    -1.94983e-15    -1.29207e-15    -1.13104e-15    -2.6146e-15    -0.0983088    0.106409    5.15213e-16    6.43149e-15    -0.075997    0.0672365    
146    4.10783e-15    1.69611e-15    -2.81025e-15    2.47868e-15    0.141308    0.0319332    3.84241e-16    -8.84292e-15    -0.02023    -0.0994336    
147    -2.31759e-15    -5.71868e-16    3.84935e-15    9.37797e-17    -0.0429988    -0.138343    -4.88758e-16    2.34413e-15    0.096227    0.0321971    
148    -1.95677e-15    -1.24819e-15    -1.14839e-15    -2.40859e-15    -0.0983088    0.106409    1.07553e-16    6.41344e-15    -0.075997    0.0672365    
149    4.1564e-15    1.70108e-15    -2.96985e-15    2.62023e-15    0.141308    0.0319332    -1.30104e-17    -8.86032e-15    -0.02023    -0.0994336    
150    -2.32106e-15    -6.007e-16    4.15293e-15    -1.16814e-17    -0.0429988    -0.138343    -5.88505e-16    2.37386e-15    0.096227    0.0321971    
151    -1.6185e-15    -3.75728e-16    3.53623e-15    1.50427e-16    -0.0234196    -0.117816    -2.29851e-16    1.20368e-15    0.0838184    0.0183199    
152    -1.96371e-15    -1.2507e-15    -4.64906e-16    -2.25719e-15    -0.0903217    0.0791899    7.00828e-16    5.97601e-15    -0.0577747    0.0634289    
153    3.58741e-15    1.36692e-15    -2.81025e-15    2.20178e-15    0.113741    0.0386259    1.50054e-16    -7.27931e-15    -0.0260437    -0.0817488    
154    -1.60809e-15    -3.81445e-16    3.00801e-15    3.64555e-16    -0.0234196    -0.117816    -7.51135e-16    1.20775e-15    0.0838184    0.0183199    
155    -1.88738e-15    -1.11241e-15    -6.41848e-16    -2.32741e-15    -0.0903217    0.0791899    -1.19696e-16    6.00659e-15    -0.0577747    0.0634289    
156    3.30291e-15    1.50216e-15    -2.43555e-15    1.74973e-15    0.113741    0.0386259    2.13371e-16    -7.30411e-15    -0.0260437    -0.0817488    
157    -8.54351e-17    8.58432e-18    3.14527e-16    3.80014e-16    -2.88073e-16    3.13037e-16    6.74374e-17    -0.288675    -1.08117e-15    2.50678e-14    
158    -1.06035e-16    -1.34032e-17    1.8258e-16    3.76925e-16    -2.4503e-16    2.806e-16    -4.94396e-17    -0.288675    -1.2438e-15    2.51795e-14    
159    -1.2837e-16    7.09361e-17    3.9362e-16    3.35254e-16    -3.27429e-16    2.46558e-16    7.02563e-17    -0.288675    -1.30711e-15    2.48046e-14    
160    -1.21431e-16    -1.59601e-17    4.65556e-16    3.37453e-16    -2.64979e-16    2.98792e-16    1.15793e-16    -0.288675    -1.10047e-15    2.51148e-14    
161    -1.249e-16    1.03687e-16    3.44234e-16    3.95924e-16    -2.53758e-16    3.55478e-16    4.38018e-17    -0.288675    -1.10437e-15    2.50996e-14    
162    -1.75207e-16    1.77313e-17    3.48869e-16    2.71167e-16    -2.63678e-16    3.20498e-16    1.51788e-16    -0.288675    -1.20216e-15    2.48411e-14    
163    -2.81025e-16    -7.91439e-17    -6.46184e-17    -4.29192e-17    -1.99493e-17    -2.24528e-18    1.22125e-15    -1.15294e-15    1.53783e-15    -1.62669e-15    
164    1.73472e-16    1.55209e-16    -4.64039e-17    -1.11934e-17    -1.37911e-16    4.45429e-18    -1.42247e-15    -4.08636e-16    1.5786e-16    9.90702e-16    
165    2.43891e-16    -1.76325e-17    2.68611e-16    -2.20602e-17    1.29671e-16    -1.09872e-16    3.95517e-16    1.64568e-15    -1.96978e-15    6.14637e-16    
166    -3.80338e-16    -1.37404e-16    -1.11022e-16    -7.61047e-17    -4.51028e-17    4.98141e-17    1.09635e-15    -1.13418e-15    1.45023e-15    -1.70296e-15    
167    -6.93889e-18    6.2321e-17    8.06646e-17    -4.36951e-17    4.42354e-17    1.13994e-16    -1.55431e-15    -5.19658e-16    4.7358e-16    8.37932e-16    
168    -4.01697e-17    -8.87776e-17    2.43945e-18    -7.11784e-17    1.16226e-16    -1.65215e-17    3.62124e-16    1.76096e-15    -1.81756e-15    6.14604e-16    
169    -1.37737e-15    -9.47874e-16    -1.04777e-15    -1.90349e-15    -0.0730347    0.0953676    8.05779e-16    4.88205e-15    -0.0699469    0.0496848    
170    3.55965e-15    1.50659e-15    -2.26208e-15    2.44577e-15    0.119108    0.0155662    1.22298e-16    -7.75551e-15    -0.00805486    -0.0854182    
171    -2.08167e-15    -6.88049e-16    3.11556e-15    -8.37615e-17    -0.0460734    -0.110934    -7.96834e-16    2.88174e-15    0.0780017    0.0357334    
172    -1.22125e-15    -9.34277e-16    -1.42247e-15    -2.09433e-15    -0.0730347    0.0953676    -4.77049e-17    4.89691e-15    -0.0699469    0.0496848    
173    3.49026e-15    1.62495e-15    -2.06779e-15    2.09225e-15    0.119108    0.0155662    5.0307e-17    -7.64601e-15    -0.00805486    -0.0854182    
174    -2.14412e-15    -5.80893e-16    3.73312e-15    -2.70897e-16    -0.0460734    -0.110934    -5.17164e-17    2.85532e-15    0.0780017    0.0357334    
175    5.9089e-17    4.55853e-17    8.16404e-17    1.39291e-18    1.12296e-16    7.17848e-17    2.82543e-16    6.71623e-16    -1.66425e-16    1.88409e-16    
176    4.45607e-17    5.83222e-18    -8.4893e-17    -1.93133e-16    2.5472e-17    -3.38947e-17    -3.18755e-16    -4.64967e-16    1.24033e-16    3.44621e-17    
177    -5.67986e-17    -3.27631e-17    -1.24609e-16    1.84806e-17    -8.59772e-17    6.36988e-17    -1.68797e-17    -8.80205e-17    1.1478e-16    -1.44824e-16    
178    1.54661e-16    -1.98464e-17    9.88792e-17    -4.01462e-17    1.29555e-16    -3.33696e-17    2.92084e-16    6.26926e-16    -2.61184e-16    1.95492e-16    
179    4.51028e-17    2.03698e-17    -7.36715e-17    -1.63582e-16    -6.12574e-18    -4.74006e-17    -3.04878e-16    -4.67427e-16    1.47343e-16    5.53974e-17    
180    -1.07844e-16    4.08677e-17    7.86047e-18    1.18009e-17    -1.07688e-16    1.23923e-16    -1.62766e-17    -9.66812e-17    2.01282e-16    -2.39235e-16    
181    -7.58942e-19    -1.36631e-16    -6.65158e-17    6.41777e-18    -9.24282e-18    1.09443e-17    7.39968e-17    -2.7287e-16    4.84096e-17    -1.29997e-16    
182    -2.69966e-17    -4.22751e-17    6.00106e-17    -1.20588e-16    4.23381e-17    2.9697e-17    5.63785e-18    -3.22686e-17    -1.06848e-16    -3.13336e-17    
183    -7.79541e-17    -1.59882e-17    -1.12893e-16    6.73501e-17    -4.90059e-17    -1.73935e-17    -2.26614e-17    3.43908e-16    6.57145e-17    -1.46628e-17    
184    -5.91974e-17    -8.98371e-17    1.36277e-16    -1.33567e-16    -1.12486e-17    1.96474e-17    -1.81604e-17    -1.31382e-16    -2.89482e-17    -8.5887e-17    
185    5.94685e-17    -3.96393e-17    9.32414e-18    1.66902e-16    6.80608e-17    -1.14292e-16    6.83047e-18    -8.19183e-17    -2.62973e-16    1.12492e-16    
186    4.68375e-17    -8.20848e-17    1.18178e-17    8.7077e-17    -1.26581e-17    -6.03809e-17    -3.67002e-17    5.97023e-17    -1.41244e-16    -1.62308e-17    
187    -1.21986e-14    -1.43968e-14    0.0966785    0.0298467    6.55725e-16    2.63635e-15    -0.0452723    3.04661e-16    -2.64545e-16    -3.58814e-16    
188    7.02216e-15    1.09428e-14    -0.0741873    0.0688027    -2.26555e-15    -1.18432e-15    -0.0452723    3.33392e-16    -4.61436e-16    1.29043e-16    
189    5.06331e-15    3.47807e-15    -0.0224913    -0.0986494    1.52135e-15    -1.08792e-15    -0.0452723    -3.13443e-16    -3.52149e-16    -5.64342e-17    
190    -1.21431e-14    -1.44311e-14    0.0966785    0.0298467    6.80012e-16    2.52442e-15    -0.0452723    4.53847e-16    -2.04697e-16    -3.05455e-16    
191    7.12971e-15    1.09939e-14    -0.0741873    0.0688027    -2.19963e-15    -1.39809e-15    -0.0452723    -9.75782e-18    -4.92661e-16    2.1749e-16    
192    5.10345e-15    3.42065e-15    -0.0224913    -0.0986494    1.56646e-15    -1.15526e-15    -0.0452723    -1.32056e-16    -2.67147e-16    5.80833e-17    
193    -2.20635e-17    8.70007e-17    5.37222e-17    -7.1271e-17    -1.63511e-17    3.71823e-17    -1.20672e-16    1.75234e-16    5.58364e-18    2.64668e-17    
194    1.0842e-17    -1.43616e-17    -5.71375e-17    -2.5323e-18    1.30782e-18    2.33441e-17    7.8171e-17    -1.11713e-16    6.20706e-17    6.81625e-17    
195    5.46167e-17    5.48127e-17    1.64636e-16    3.43573e-17    2.37169e-17    5.3656e-17    -4.17418e-17    -1.51409e-16    -1.07336e-17    3.70786e-17    
196    -6.348e-17    7.4168e-17    -5.25296e-17    7.38887e-18    -6.28837e-18    4.84988e-17    9.43798e-17    1.35247e-16    4.29886e-17    1.80563e-17    
197    -8.44593e-17    6.71338e-17    -1.66967e-17    -8.45769e-17    -3.42608e-17    1.33654e-16    -4.46691e-17    -9.26315e-18    1.92121e-16    -8.18376e-18    
198    -4.02781e-17    9.43221e-17    -5.84927e-17    -6.51905e-17    -3.00188e-17    2.50776e-17    9.30788e-17    5.42779e-18    2.7864e-17    2.51672e-17    
199    4.87891e-15    7.25969e-15    -0.0489265    0.0413921    -1.4086e-15    -9.16906e-16    -0.160207    2.08167e-16    -1.22125e-15    2.84885e-16    
200    3.03989e-15    1.72468e-15    -0.0113833    -0.0630677    1.1189e-15    -6.25829e-16    -0.160207    -4.44957e-16    -1.23339e-15    -2.63885e-16    
201    -7.57033e-15    -9.1452e-15    0.0603098    0.0216756    2.70617e-16    1.58397e-15    -0.160207    1.22325e-16    -1.31275e-15    -3.0891e-16    
202    4.90233e-15    7.24606e-15    -0.0489265    0.0413921    -1.34615e-15    -9.61851e-16    -0.160207    1.24033e-16    -1.17961e-15    2.29089e-16    
203    2.88897e-15    1.85809e-15    -0.0113833    -0.0630677    1.15533e-15    -6.95264e-16    -0.160207    -5.98263e-16    -9.85323e-16    -1.31889e-16    
204    -7.61717e-15    -9.00977e-15    0.0603098    0.0216756    3.43475e-16    1.61356e-15    -0.160207    2.17626e-16    -1.08876e-15    -1.77022e-16    
205    -0.0222636    0.0491597    4.63518e-15    -4.96415e-16    6.59195e-17    2.02778e-16    -4.5157e-17    9.34582e-17    -5.36138e-17    -1.38499e-17    
206    -0.0314418    -0.0438607    -1.02921e-14    -8.90861e-16    1.46758e-15    2.25835e-16    3.21303e-16    2.22939e-17    1.05005e-16    4.19965e-17    
207    0.0537054    -0.005299    5.71071e-15    1.36012e-15    -1.32186e-15    -5.81628e-16    2.00794e-16    2.23346e-17    -7.26415e-17    -2.00637e-16    
208    -0.0222636    0.0491597    4.83207e-15    -4.16626e-16    4.51028e-17    -1.85807e-17    -8.99888e-18    -1.85695e-17    9.04309e-17    -6.75052e-17    
209    -0.0314418    -0.0438607    -1.0077e-14    -7.7956e-16    1.32012e-15    2.99006e-16    -2.9268e-16    -1.67509e-17    8.06917e-17    2.15275e-16    
210    0.0537054    -0.005299    5.51642e-15    1.35979e-15    -1.38431e-15    -5.30275e-16    4.34697e-18    -4.15995e-17    -1.1666e-16    -1.73762e-16    
211    8.26856e-15    6.45754e-15    -0.0425463    -0.132743    1.96891e-15    -1.84451e-15    0.0262354    -5.85198e-16    2.44596e-16    7.6249e-17    
212    -1.68823e-14    -2.03005e-14    0.136232    0.0295252    1.30451e-15    3.50216e-15    0.0262354    2.68882e-16    2.18575e-16    -5.54894e-16    
213    8.51055e-15    1.38402e-14    -0.0936854    0.103218    -3.14332e-15    -1.62269e-15    0.0262354    3.54534e-16    1.21431e-17    3.91139e-16    
214    8.25642e-15    6.48194e-15    -0.0425463    -0.132743    1.94463e-15    -1.76259e-15    0.0262354    -4.93204e-16    2.6628e-16    1.14221e-16    
215    -1.68615e-14    -2.02946e-14    0.136232    0.0295252    1.31145e-15    3.37978e-15    0.0262354    1.89952e-16    2.04697e-16    -4.59096e-16    
216    8.57994e-15    1.38798e-14    -0.0936854    0.103218    -3.17801e-15    -1.61374e-15    0.0262354    4.27609e-16    3.46945e-18    4.33712e-16    
217    0.0607511    -0.00214661    6.64052e-15    1.67235e-15    -1.7833e-15    -5.28199e-16    -2.33158e-16    -1.27529e-16    -2.75387e-17    -1.06278e-16    
218    -0.0285165    0.0536853    4.39145e-15    -6.12748e-16    1.04083e-17    2.42067e-16    -2.5598e-16    1.53516e-17    -2.94361e-17    5.30897e-17    
219    -0.0322346    -0.0515387    -1.16695e-14    -1.09323e-15    1.53003e-15    3.70876e-16    4.02781e-16    1.03957e-17    1.27739e-16    1.40423e-16    
220    0.0607511    -0.00214661    7.08461e-15    1.30862e-15    -1.66533e-15    -6.35476e-16    4.58401e-16    -6.75458e-17    -6.245e-17    -1.55895e-16    
221    -0.0285165    0.0536853    4.92661e-15    -5.24072e-16    8.84709e-17    1.41819e-16    1.96376e-17    7.02394e-17    1.4035e-16    -4.51695e-17    
222    -0.0322346    -0.0515387    -1.1352e-14    -4.84112e-16    1.42594e-15    3.48529e-16    -5.76687e-16    8.83828e-17    3.27429e-17    2.05325e-16    
223    2.08763e-16    2.25466e-17    1.61871e-16    -1.50299e-16    3.31766e-17    -9.71915e-17    2.32019e-16    1.42895e-15    -1.55214e-15    6.85985e-16    
224    -2.75821e-16    -6.37512e-17    -4.79217e-17    8.77188e-17    0    2.11772e-16    1.16226e-15    -1.02793e-15    1.1588e-15    -1.43474e-15    
225    4.64039e-17    2.0937e-16    -3.03577e-18    2.36959e-16    1.04083e-17    -5.13205e-17    -1.32533e-15    -4.98625e-16    3.38271e-16    8.41685e-16    
226    2.32561e-16    -2.22405e-17    -9.21572e-17    -1.37854e-16    1.455e-16    -1.16941e-16    7.069e-17    1.57106e-15    -1.49577e-15    5.78405e-16    
227    -1.74773e-16    7.24848e-17    -2.6628e-16    1.81588e-16    -1.66533e-16    2.88442e-18    1.11196e-15    -1.05384e-15    1.38778e-15    -1.2681e-15    
228    7.97973e-17    1.99381e-16    -3.64292e-17    1.02802e-16    -6.33174e-17    5.53029e-17    -1.42247e-15    -3.90313e-16    2.09902e-16    8.72833e-16    
229    2.44596e-15    1.03949e-15    -9.92262e-16    1.20027e-15    0.0733523    0.0151638    -2.83627e-16    1.56082e-14    0.0360689    0.176314    
230    -1.52309e-15    -4.45692e-16    1.71911e-15    -3.05215e-17    -0.0235439    -0.0711069    8.04912e-16    -4.51467e-15    -0.170727    -0.0569203    
231    -8.50015e-16    -7.09463e-16    -9.54098e-16    -1.33166e-15    -0.0498084    0.0559431    -7.80192e-16    -1.11348e-14    0.134658    -0.119394    
232    2.50841e-15    1.03585e-15    -9.71445e-16    1.15346e-15    0.0733523    0.0151638    -1.7087e-16    1.56994e-14    0.0360689    0.176314    
233    -1.69482e-15    -4.06656e-16    1.96718e-15    1.3289e-16    -0.0235439    -0.0711069    1.1189e-15    -4.47765e-15    -0.170727    -0.0569203    
234    -9.71445e-16    -5.66468e-16    -8.20524e-16    -1.07668e-15    -0.0498084    0.0559431    -6.43149e-16    -1.1117e-14    0.134658    -0.119394    
235    3.48029e-17    -4.9233e-17    9.05309e-17    9.40792e-17    -1.17907e-18    -1.19163e-17    1.51246e-17    -8.51234e-17    4.2067e-17    7.40962e-17    
236    4.16334e-17    8.9668e-17    -1.55447e-16    -9.43511e-18    -1.49815e-17    -6.67273e-17    4.11997e-18    7.00225e-17    -6.55942e-18    8.71495e-17    
237    2.51535e-17    -5.83267e-17    2.39609e-17    -9.15117e-17    3.82859e-17    -2.98613e-17    2.7864e-17    -2.13188e-16    -6.81963e-17    -1.42187e-17    
238    6.06069e-17    -2.72874e-17    -1.22515e-16    -3.97833e-19    -1.36609e-17    -6.86576e-17    -1.11673e-17    -8.32633e-17    -3.42066e-17    5.93733e-17    
239    6.31548e-17    -1.32467e-17    5.74559e-17    1.43136e-17    -5.74627e-18    -5.51121e-17    -3.66189e-17    7.54706e-17    6.39679e-18    8.52833e-17    
240    4.47775e-17    1.96508e-17    9.21572e-18    1.69468e-17    2.97342e-17    1.41267e-17    -5.43185e-17    -4.61802e-17    6.35342e-17    -7.8305e-17    
241    3.56486e-15    4.13772e-15    -0.027387    -0.0144516    -1.84748e-16    -7.59568e-16    -0.00177798    1.06469e-16    1.52656e-16    -1.33532e-16    
242    -2.65933e-15    -3.87924e-15    0.0262089    -0.016492    5.93275e-16    6.39496e-16    -0.00177798    3.08347e-16    -2.08167e-16    2.24046e-19    
243    -1.04517e-15    -8.30778e-17    0.00117805    0.0309436    -5.44347e-16    2.25468e-16    -0.00177798    -2.18114e-16    1.43115e-16    5.01681e-17    
244    3.4521e-15    4.06765e-15    -0.027387    -0.0144516    -1.59595e-16    -7.45118e-16    -0.00177798    1.91145e-16    1.5786e-16    -6.95615e-17    
245    -2.55004e-15    -3.95552e-15    0.0262089    -0.016492    6.80445e-16    5.0937e-16    -0.00177798    1.92663e-16    -3.17454e-16    -7.42747e-17    
246    -8.55219e-16    -1.41592e-16    0.00117805    0.0309436    -5.033e-16    9.51974e-17    -0.00177798    -2.73734e-16    7.35089e-17    4.66703e-17    
247    0.0283738    -0.0407174    -2.82803e-15    7.8735e-16    -3.7817e-16    -2.92515e-16    -2.04914e-16    -3.16858e-17    -2.9165e-17    8.628e-17    
248    0.0210754    0.0449311    9.01449e-15    4.24458e-16    -1.07032e-15    -2.01929e-16    -9.50642e-17    8.48049e-18    -6.85487e-17    -7.63051e-17    
249    -0.0494492    -0.00421375    -6.64573e-15    -1.60847e-15    1.44329e-15    5.47253e-16    3.15503e-16    -5.12828e-17    3.38271e-17    1.72035e-16    
250    0.0283738    -0.0407174    -2.57867e-15    5.69859e-16    -2.60209e-16    -1.97366e-16    3.76977e-16    -2.14469e-18    -1.41217e-16    -4.09924e-17    
251    0.0210754    0.0449311    9.38485e-15    5.93688e-16    -1.17267e-15    -2.8022e-16    2.63353e-16    6.13125e-17    -6.93822e-17    -5.86717e-17    
252    -0.0494492    -0.00421375    -6.38725e-15    -1.09992e-15    1.5335e-15    3.83074e-16    -2.79019e-16    5.99699e-18    8.41341e-17    3.80742e-17    
253    1.53696e-15    1.53869e-15    -0.01121    -0.00214353    -2.62377e-16    -3.58752e-16    -0.188109    6.08888e-16    -1.2837e-15    -5.08452e-16    
254    -4.23273e-16    -1.14056e-15    0.00746133    -0.00863635    5.82867e-16    1.53557e-16    -0.188109    3.57787e-16    -1.20737e-15    3.99606e-16    
255    -6.40113e-16    -5.72146e-16    0.00374863    0.0107799    -1.04517e-16    1.456e-16    -0.188109    -9.32339e-16    -7.33734e-16    -8.9679e-17    
256    1.4138e-15    1.58034e-15    -0.01121    -0.00214353    -2.23779e-16    -2.99738e-16    -0.188109    7.43763e-16    -1.30798e-15    -4.52807e-16    
257    -4.71845e-16    -1.09194e-15    0.00746133    -0.00863635    5.23886e-16    1.64003e-16    -0.188109    4.04624e-16    -1.18655e-15    3.3378e-16    
258    -6.42715e-16    -5.40476e-16    0.00374863    0.0107799    -1.64365e-16    1.33333e-16    -0.188109    -8.95832e-16    -7.63495e-16    -4.30248e-17    
259    -0.018684    -0.0895058    -1.57704e-14    -6.48975e-16    1.71217e-15    2.58105e-16    2.81459e-16    4.30157e-17    -3.61039e-17    5.23098e-17    
260    0.0868563    0.0285721    1.46758e-14    1.98935e-15    -2.86576e-15    -7.83176e-16    2.18467e-16    -2.82028e-17    -8.83083e-17    -9.52545e-17    
261    -0.0681723    0.0609337    1.15533e-15    -1.65255e-15    1.33227e-15    6.0656e-16    2.53053e-16    -2.78911e-17    -4.13081e-17    4.17482e-17    
262    -0.018684    -0.0895058    -1.5354e-14    -3.50792e-16    1.80064e-15    1.33407e-16    -1.83013e-16    -1.63715e-17    1.20346e-16    -1.51013e-16    
263    0.0868563    0.0285721    1.44329e-14    2.34613e-15    -3.01148e-15    -7.03767e-16    -2.53053e-16    3.14419e-18    8.23994e-18    1.22905e-16    
264    -0.0681723    0.0609337    8.4481e-16    -1.69154e-15    1.25941e-15    7.25305e-16    -3.04444e-16    3.39084e-17    5.7029e-17    4.0418e-17    
265    -0.0264147    0.0495884    4.30038e-15    -6.25732e-16    2.02963e-16    3.15121e-16    -5.76796e-17    9.08358e-17    -9.12356e-17    1.33275e-17    
266    -0.0297374    -0.04767    -1.05853e-14    -8.45885e-16    1.61156e-15    3.00377e-16    1.26418e-16    -4.29886e-17    9.05309e-17    7.54871e-17    
267    0.0561522    -0.00191834    6.32307e-15    1.41801e-15    -1.49186e-15    -4.79108e-16    -7.15573e-18    -8.94399e-17    -1.36203e-16    -2.0804e-16    
268    -0.0264147    0.0495884    4.29084e-15    -6.65922e-16    1.8735e-16    1.99755e-16    2.90566e-17    1.05066e-16    8.44593e-17    -2.38016e-17    
269    -0.0297374    -0.04767    -1.07119e-14    -8.16725e-16    1.48666e-15    3.29705e-16    -4.62954e-17    8.47033e-18    4.33681e-18    1.32109e-16    
270    0.0561522    -0.00191834    6.26929e-15    1.211e-15    -1.48145e-15    -4.85448e-16    1.76034e-16    -7.76085e-17    -9.7524e-17    -1.15347e-16    
271    0.053655    -0.00578703    5.43836e-15    1.36527e-15    -1.47798e-15    -4.48635e-16    -3.44776e-17    -4.09422e-17    -1.3726e-16    -1.55715e-17    
272    -0.0218158    0.0493601    4.67551e-15    -4.51924e-16    2.02963e-16    2.40911e-16    -1.57426e-16    7.6504e-17    -5.50775e-17    -7.64496e-17    
273    -0.0318392    -0.0435731    -1.04014e-14    -1.04936e-15    1.46411e-15    2.03293e-16    2.66497e-16    -1.558e-16    3.15503e-17    1.83179e-16    
274    0.053655    -0.00578703    5.58754e-15    1.24773e-15    -1.34268e-15    -4.2657e-16    1.28165e-16    -3.42438e-17    -7.96346e-17    -2.12424e-16    
275    -0.0218158    0.0493601    4.81841e-15    -6.0799e-16    -1.38778e-17    1.59295e-16    3.25044e-16    -6.60008e-18    -2.43945e-17    7.50294e-17    
276    -0.0318392    -0.0435731    -1.01603e-14    -7.20158e-16    1.53176e-15    4.76298e-16    -2.13805e-16    -7.91468e-17    -5.61617e-17    7.80878e-17    
277    -2.23779e-15    -5.23368e-16    4.06619e-15    1.24199e-16    -0.0412209    -0.138883    -5.01335e-16    2.42064e-15    0.0962595    0.0320998    
278    -1.91513e-15    -1.17296e-15    -1.19349e-15    -2.50375e-15    -0.0996655    0.10514    1.45717e-16    6.44022e-15    -0.075929    0.0673133    
279    4.23273e-15    1.7844e-15    -2.82413e-15    2.35972e-15    0.140886    0.033743    1.56992e-16    -8.80443e-15    -0.0203305    -0.0994131    
280    -2.26555e-15    -5.09121e-16    3.93435e-15    2.72277e-17    -0.0412209    -0.138883    -4.67508e-16    2.4211e-15    0.0962595    0.0320998    
281    -1.99146e-15    -1.15779e-15    -1.04083e-15    -2.69784e-15    -0.0996655    0.10514    4.54498e-16    6.46629e-15    -0.075929    0.0673133    
282    4.22579e-15    1.79173e-15    -2.9074e-15    2.5869e-15    0.140886    0.033743    1.19696e-16    -8.81223e-15    -0.0203305    -0.0994131    
283    -9.67976e-16    -8.61893e-16    -1.39125e-15    -1.83172e-15    -0.0635946    0.0975646    1.36176e-16    8.11775e-15    -0.0625378    0.0860077    
284    3.26822e-15    1.55329e-15    -1.97758e-15    2.21375e-15    0.116291    0.00629225    2.22045e-16    -8.6007e-15    -0.043216    -0.0971632    
285    -2.28637e-15    -6.11662e-16    3.46771e-15    -3.68423e-16    -0.0526961    -0.103857    -6.28187e-16    5.6842e-16    0.105754    0.0111555    
286    -9.57567e-16    -7.02586e-16    -1.25941e-15    -1.8324e-15    -0.0635946    0.0975646    5.07407e-16    8.09102e-15    -0.0625378    0.0860077    
287    3.26822e-15    1.44979e-15    -1.97758e-15    2.22772e-15    0.116291    0.00629225    4.05925e-16    -8.67695e-15    -0.043216    -0.0971632    
288    -2.27943e-15    -6.73815e-16    3.25781e-15    -3.47526e-16    -0.0526961    -0.103857    -7.32053e-16    6.12967e-16    0.105754    0.0111555    
289    7.79932e-15    1.31637e-14    -0.0885192    0.107681    -3.12944e-15    -1.57278e-15    0.0262354    -1.39428e-16    5.20417e-17    5.47154e-16    
290    8.91995e-15    7.48075e-15    -0.0489948    -0.1305    1.77983e-15    -2.11708e-15    0.0262354    -3.7817e-16    3.72966e-16    -2.45208e-17    
291    -1.68199e-14    -2.04989e-14    0.137514    0.0228194    1.45023e-15    3.46062e-15    0.0262354    6.24392e-16    4.25007e-17    -4.56358e-16    
292    7.77156e-15    1.30919e-14    -0.0885192    0.107681    -3.07393e-15    -1.53245e-15    0.0262354    -4.53197e-17    4.68375e-17    5.59908e-16    
293    8.91127e-15    7.4169e-15    -0.0489948    -0.1305    1.86916e-15    -2.10834e-15    0.0262354    -4.99167e-16    3.76435e-16    -2.0323e-16    
294    -1.67782e-14    -2.04975e-14    0.137514    0.0228194    1.42247e-15    3.45181e-15    0.0262354    7.73145e-16    1.26635e-16    -3.31487e-16    
295    -0.0327775    0.0921595    9.60937e-15    -7.21708e-16    -2.22804e-16    2.50609e-16    -1.03324e-16    4.39102e-18    3.54534e-17    -3.15937e-17    
296    -0.0634237    -0.0744658    -1.87177e-14    -1.74828e-15    2.71311e-15    5.49602e-16    2.15106e-16    -3.98444e-17    2.10877e-16    1.58137e-16    
297    0.0962012    -0.0176936    8.8228e-15    2.3298e-15    -2.56045e-15    -8.87018e-16    1.83122e-16    1.17636e-17    -2.5804e-17    -1.63973e-16    
298    -0.0327775    0.0921595    1.00686e-14    -7.7023e-16    -3.23092e-16    2.02852e-16    9.7795e-17    9.52065e-18    6.28837e-18    3.86165e-17    
299    -0.0634237    -0.0744658    -1.84262e-14    -1.44525e-15    2.68535e-15    5.84441e-16    -4.77916e-16    -1.11131e-18    1.35742e-16    2.17369e-16    
300    0.0962012    -0.0176936    8.59035e-15    2.53219e-15    -2.62984e-15    -7.89104e-16    -1.14709e-16    1.18043e-17    -1.4962e-16    -1.96095e-16    
301    0.0553593    -0.00959634    5.18509e-15    1.35084e-15    -1.5439e-15    -5.43236e-16    9.53556e-17    -5.98276e-17    -3.91397e-17    -8.8135e-17    
302    -0.019369    0.0527408    5.58711e-15    -4.60824e-16    -1.43548e-16    2.03923e-16    8.42425e-17    4.65529e-17    -9.74698e-17    3.46304e-17    
303    -0.0359903    -0.0431444    -1.07171e-14    -8.57456e-16    1.60288e-15    3.91605e-16    -1.01264e-16    -8.40934e-18    1.26852e-17    6.01191e-17    
304    0.0553593    -0.00959634    5.03243e-15    1.4798e-15    -1.38431e-15    -4.79517e-16    -1.12757e-17    -4.93875e-17    -1.30267e-16    -2.22808e-16    
305    -0.019369    0.0527408    5.67038e-15    -3.83693e-16    -1.78677e-16    1.2013e-16    -1.21322e-16    1.82519e-17    5.97395e-17    7.16438e-17    
306    -0.0359903    -0.0431444    -1.05749e-14    -1.03248e-15    1.62023e-15    3.53696e-16    1.73906e-16    -1.38507e-17    5.74627e-17    9.61071e-17    
307    -0.0475448    0.0142294    -3.70884e-15    -1.11476e-15    1.19696e-15    4.41758e-16    -6.90637e-17    6.97955e-18    -3.39355e-17    7.8352e-17    
308    0.0114494    -0.0482897    -5.87898e-15    -5.29386e-18    3.50848e-16    -1.77248e-16    3.16126e-16    -5.71527e-17    9.32414e-18    -5.00834e-17    
309    0.0360954    0.0340603    9.44383e-15    7.4512e-16    -1.50227e-15    -2.37279e-16    4.95155e-16    5.24686e-17    -1.33899e-16    -6.05543e-17    
310    -0.0475448    0.0142294    -3.19363e-15    -1.09761e-15    1.26288e-15    2.98886e-16    1.6591e-16    9.15304e-17    6.32632e-17    2.01173e-17    
311    0.0114494    -0.0482897    -5.75972e-15    4.30343e-16    2.38091e-16    -1.08254e-16    -2.23996e-16    -8.11796e-18    4.6187e-17    6.96845e-17    
312    0.0360954    0.0340603    9.23914e-15    1.10133e-15    -1.42247e-15    -3.63769e-16    -3.1366e-16    -1.80113e-17    -1.14383e-16    -6.48023e-17    
313    -0.0282021    -0.0328021    -7.95804e-15    -4.55862e-16    1.23165e-15    2.11824e-16    -3.79525e-16    2.02576e-17    1.62712e-16    2.46321e-17    
314    0.0425085    -0.00802275    3.71404e-15    1.41237e-15    -1.26288e-15    -3.22104e-16    -5.57009e-16    4.81792e-17    -6.60821e-17    -2.34238e-17    
315    -0.0143063    0.0408248    4.16854e-15    -2.34619e-16    -2.086e-16    8.06679e-18    -2.43729e-16    -6.91179e-17    1.07336e-17    2.26563e-18    
316    -0.0282021    -0.0328021    -8.52096e-15    -1.06468e-15    1.18135e-15    3.26307e-16    2.43837e-16    -1.00594e-16    5.00901e-17    9.46479e-17    
317    0.0425085    -0.00802275    3.93782e-15    7.25487e-16    -1.0339e-15    -3.08125e-16    5.54244e-16    8.10712e-17    -1.64582e-16    -1.45608e-16    
318    -0.0143063    0.0408248    4.63952e-15    -2.03654e-16    -2.65846e-16    -2.54599e-17    1.25659e-16    1.08285e-17    1.60679e-16    -1.09539e-17    
319    -1.2091e-14    -1.49826e-14    0.10087    0.00792772    1.19696e-15    2.46446e-15    -0.0452723    4.40213e-16    -3.54534e-16    -2.38018e-16    
320    4.69156e-15    8.51785e-15    -0.0573005    0.0833919    -2.39392e-15    -8.10131e-16    -0.0452723    7.09068e-17    -3.95517e-16    2.90586e-16    
321    7.324e-15    6.56872e-15    -0.0435693    -0.0913197    1.00614e-15    -1.68743e-15    -0.0452723    -1.68322e-16    -2.6975e-16    -5.08412e-17    
322    -1.20702e-14    -1.50366e-14    0.10087    0.00792772    1.19349e-15    2.42358e-15    -0.0452723    6.45886e-16    -3.79254e-16    -3.0265e-16    
323    4.66554e-15    8.43041e-15    -0.0573005    0.0833919    -2.18922e-15    -9.32619e-16    -0.0452723    -1.1254e-16    -4.19803e-16    1.51764e-16    
324    7.35523e-15    6.50041e-15    -0.0435693    -0.0913197    1.01655e-15    -1.49286e-15    -0.0452723    3.8435e-17    -2.00361e-16    -6.29893e-17    
325    -0.130248    -0.17996    -4.21121e-14    -3.10539e-15    6.17562e-15    1.37927e-15    -3.14419e-16    2.60751e-17    1.84314e-16    1.95639e-16    
326    0.220974    -0.0228178    2.25722e-14    5.49523e-15    -5.89806e-15    -1.88639e-15    -5.17707e-17    -1.32761e-16    -3.63425e-16    -3.21564e-16    
327    -0.0907263    0.202778    1.94046e-14    -2.16759e-15    2.15106e-16    7.36412e-16    -2.08167e-17    2.91921e-17    2.38524e-17    1.48671e-17    
328    -0.130248    -0.17996    -4.22301e-14    -3.60524e-15    6.13398e-15    1.2871e-15    3.08347e-16    1.26581e-16    1.89952e-16    2.5349e-16    
329    0.220974    -0.0228178    2.27873e-14    5.23058e-15    -5.98133e-15    -2.0038e-15    5.70507e-16    -1.13191e-16    -3.13551e-16    -2.20622e-16    
330    -0.0907263    0.202778    1.96006e-14    -2.13009e-15    3.46945e-17    8.27114e-16    1.18829e-16    2.35543e-17    -9.99634e-17    1.0971e-16    
331    1.19696e-16    1.56633e-16    -1.17094e-17    1.36369e-16    -9.62772e-17    2.46262e-16    -1.65493e-15    -3.92264e-16    1.73472e-16    1.25532e-15    
332    7.43763e-17    1.11205e-17    -8.71699e-17    -1.17571e-16    1.29237e-16    6.14631e-18    4.58834e-16    1.64891e-15    -1.61676e-15    4.07041e-16    
333    -1.59161e-16    9.73948e-18    -6.07153e-17    -1.17756e-16    -4.94396e-17    1.85298e-17    1.08247e-15    -1.32967e-15    1.73386e-15    -1.58573e-15    
334    2.9577e-16    1.14247e-16    6.59195e-17    -7.18449e-17    -3.90313e-17    3.05356e-17    -1.60982e-15    -2.53595e-16    -3.81639e-17    1.15242e-15    
335    2.60209e-16    -5.48518e-17    1.04951e-16    2.16043e-16    -2.34188e-17    -1.56641e-16    5.11743e-16    1.6655e-15    -1.73472e-15    5.13003e-16    
336    -2.92301e-16    -1.52301e-16    -2.09902e-16    1.59304e-16    -1.71738e-16    -3.00301e-17    1.04083e-15    -1.46313e-15    1.80845e-15    -1.54415e-15    
337    -5.75928e-16    9.18553e-18    1.75727e-15    8.2949e-16    0.0129481    -0.0804917    1.23426e-15    -2.83177e-15    -0.157235    -0.0382463    
338    -1.91513e-15    -8.11264e-16    1.249e-16    -1.29555e-15    -0.0761819    0.0290324    -3.48463e-16    -1.09162e-14    0.11174    -0.117046    
339    2.61596e-15    9.22994e-16    -1.84922e-15    1.01996e-15    0.0632338    0.0514593    -5.02202e-16    1.38767e-14    0.0454952    0.155293    
340    -5.73326e-16    1.55957e-16    1.53523e-15    7.41117e-16    0.0129481    -0.0804917    6.88685e-16    -2.82993e-15    -0.157235    -0.0382463    
341    -1.83187e-15    -8.49523e-16    -3.81639e-17    -1.62703e-15    -0.0761819    0.0290324    -9.19403e-16    -1.08824e-14    0.11174    -0.117046    
342    2.51882e-15    9.96585e-16    -1.60635e-15    5.42686e-16    0.0632338    0.0514593    -2.22912e-16    1.39115e-14    0.0454952    0.155293    
343    2.42861e-15    9.90277e-16    -1.07553e-15    9.32793e-16    0.0725099    0.0187833    -2.93168e-16    1.56005e-14    0.035868    0.176355    
344    -1.60202e-15    -4.92112e-16    1.93855e-15    -6.50981e-17    -0.0199881    -0.0721871    1.09114e-15    -4.51044e-15    -0.170662    -0.0571148    
345    -1.13798e-15    -6.94297e-16    -8.39606e-16    -1.22573e-15    -0.0525218    0.0534038    -7.4463e-16    -1.11595e-14    0.134794    -0.11924    
346    2.50494e-15    9.69936e-16    -1.07553e-15    1.24591e-15    0.0725099    0.0187833    -1.37911e-16    1.56248e-14    0.035868    0.176355    
347    -1.58554e-15    -4.59783e-16    1.79457e-15    1.92231e-16    -0.0199881    -0.0721871    9.22873e-16    -4.56655e-15    -0.170662    -0.0571148    
348    -1.08594e-15    -6.68347e-16    -8.04912e-16    -1.25972e-15    -0.0525218    0.0534038    -7.51135e-16    -1.11491e-14    0.134794    -0.11924    
349    -1.53306e-16    -1.44513e-16    -1.43115e-17    2.23286e-16    -7.80626e-18    -5.58805e-17    1.20043e-15    -1.01926e-15    1.39125e-15    -1.78904e-15    
350    8.32667e-17    1.01134e-16    1.42681e-16    6.97915e-17    -7.80626e-17    -2.18014e-17    -1.52656e-15    -5.32126e-16    2.77556e-16    8.87185e-16    
351    1.64419e-16    -1.24937e-16    1.38236e-17    -8.43175e-17    9.15067e-17    -1.17684e-17    2.83194e-16    1.69764e-15    -1.90863e-15    6.54378e-16    
352    -3.76001e-16    -3.76946e-17    -1.01915e-17    -6.54868e-17    -1.24033e-16    9.14333e-17    1.22818e-15    -1.27155e-15    1.4988e-15    -1.60861e-15    
353    7.58942e-17    1.73972e-16    -2.60209e-17    -3.03777e-17    -2.60209e-18    5.45783e-17    -1.64452e-15    -5.20959e-16    1.9082e-16    8.96944e-16    
354    1.89898e-16    -9.72839e-17    1.73093e-16    -1.46981e-16    1.19262e-16    -9.79158e-17    2.83194e-16    1.67032e-15    -1.99623e-15    6.61212e-16    
355    -2.08167e-17    -2.59494e-16    -1.44589e-15    -7.38913e-16    -0.0239237    0.0779373    -5.9501e-16    -9.0874e-15    0.129694    -0.0967737    
356    2.31065e-15    9.92185e-16    -2.46331e-16    1.62558e-15    0.0794576    -0.0182501    -1.34441e-16    1.42172e-14    0.0189616    0.160705    
357    -2.44249e-15    -7.5502e-16    1.91687e-15    -5.29889e-16    -0.0555338    -0.0596872    4.75314e-16    -5.26467e-15    -0.148655    -0.0639312    
358    3.1225e-17    -3.34384e-16    -1.85702e-15    -1.01392e-15    -0.0239237    0.0779373    -9.85323e-16    -9.09082e-15    0.129694    -0.0967737    
359    2.21351e-15    1.00465e-15    -3.19189e-16    1.21643e-15    0.0794576    -0.0182501    -9.97466e-17    1.42297e-14    0.0189616    0.160705    
360    -2.46331e-15    -8.31862e-16    2.07126e-15    -7.15704e-16    -0.0555338    -0.0596872    1.07379e-15    -5.28982e-15    -0.148655    -0.0639312    
361    7.02563e-17    -1.24797e-16    -1.47045e-16    -9.76819e-17    6.31446e-17    -1.23575e-16    -6.863e-17    3.66122e-17    -1.44849e-16    1.87085e-17    
362    7.45389e-18    -1.46355e-16    1.49186e-16    6.68868e-17    -4.70137e-17    9.71414e-17    -3.5345e-17    -1.94428e-16    2.27411e-17    -5.99783e-17    
363    2.38524e-18    -4.07075e-17    -6.79253e-17    4.41128e-17    -5.35503e-17    -5.81132e-17    -1.06252e-17    1.24954e-17    1.04626e-17    2.47987e-17    
364    -9.28077e-17    1.58436e-17    1.36447e-16    9.19325e-18    4.26091e-17    4.464e-17    1.22515e-17    2.60751e-17    3.26345e-17    -1.0455e-16    
365    -4.88162e-17    -8.84483e-17    -8.55436e-17    -2.20126e-17    -2.5018e-17    -6.02839e-17    3.13334e-17    -2.12429e-16    -1.24195e-16    -1.44988e-16    
366    -2.04914e-17    -3.77253e-17    8.89046e-18    7.74502e-17    1.96613e-17    -6.2017e-17    2.3744e-17    1.92629e-16    -2.17491e-16    1.17961e-17    
367    4.78784e-15    5.60526e-15    -0.0381669    -0.00729813    -4.25875e-16    -9.44878e-16    -0.0281802    5.99781e-16    -1.35308e-16    -3.74543e-16    
368    -1.99146e-15    -3.69363e-15    0.0254038    -0.0294044    1.21084e-15    4.44285e-16    -0.0281802    2.2031e-16    -2.01228e-16    4.20137e-16    
369    -2.328e-15    -1.8972e-15    0.0127631    0.0367026    -3.72966e-16    4.44585e-16    -0.0281802    -8.95768e-16    2.23779e-16    5.81221e-17    
370    4.95784e-15    5.64807e-15    -0.0381669    -0.00729813    -4.68375e-16    -9.69616e-16    -0.0281802    4.51462e-16    -2.22045e-16    -3.00005e-16    
371    -2.12677e-15    -3.68024e-15    0.0254038    -0.0294044    9.92262e-16    4.51275e-16    -0.0281802    4.47992e-16    -1.66533e-16    4.15026e-16    
372    -2.53443e-15    -1.78631e-15    0.0127631    0.0367026    -5.18682e-16    5.41222e-16    -0.0281802    -1.02912e-15    3.29597e-16    -9.82721e-17    
373    -0.0223467    -0.03704    -8.19917e-15    -8.68707e-16    1.13798e-15    9.52362e-17    3.54317e-16    -1.06848e-16    1.65232e-16    9.85308e-17    
374    0.0432509    -0.000832775    5.04197e-15    9.48828e-16    -1.31145e-15    -2.1616e-16    3.8397e-16    1.15837e-16    -1.0739e-16    -1.13698e-16    
375    -0.0209043    0.0378728    3.45579e-15    -3.13678e-16    3.1225e-17    1.41723e-17    2.09034e-16    2.06947e-17    1.26635e-16    1.08796e-16    
376    -0.0223467    -0.03704    -8.11504e-15    -2.65835e-16    1.06772e-15    2.1568e-16    -5.67688e-16    -1.33086e-16    7.48099e-17    -1.05873e-17    
377    0.0432509    -0.000832775    4.9136e-15    1.23294e-15    -1.14665e-15    -3.13075e-16    -5.01877e-16    8.3016e-17    -1.11022e-16    -1.82529e-16    
378    -0.0209043    0.0378728    2.88224e-15    -4.62042e-16    6.93889e-18    1.49099e-16    -1.93367e-16    8.57638e-17    6.28837e-18    4.21581e-17    
379    3.57873e-15    4.58334e-15    -0.0307867    0.00332783    -4.76182e-16    -7.16483e-16    -0.00177798    1.29345e-16    -2.60209e-17    6.79715e-17    
380    -7.66748e-16    -1.7885e-15    0.0125113    -0.0283259    7.68916e-16    2.71847e-16    -0.00177798    -3.01408e-17    -6.41848e-17    4.41946e-16    
381    -2.9074e-15    -2.74401e-15    0.0182753    0.0249981    -3.27863e-16    6.16145e-16    -0.00177798    -1.04626e-16    -3.1225e-17    -3.02379e-17    
382    3.46858e-15    4.60134e-15    -0.0307867    0.00332783    -4.77916e-16    -6.52439e-16    -0.00177798    2.48933e-16    1.68268e-16    -8.22842e-18    
383    -7.8236e-16    -1.79716e-15    0.0125113    -0.0283259    8.39606e-16    1.39855e-16    -0.00177798    -1.00831e-16    -3.81639e-17    -2.86666e-16    
384    -2.75387e-15    -2.83054e-15    0.0182753    0.0249981    -2.70617e-16    9.45164e-16    -0.00177798    -6.26669e-17    -7.63278e-17    -1.82946e-16    
385    -0.0545287    0.0670381    3.51975e-15    -1.40964e-15    6.38378e-16    3.63503e-16    -1.249e-16    -7.2235e-17    1.88217e-16    2.03238e-16    
386    -0.0307924    -0.0807423    -1.57478e-14    -8.70085e-16    1.92901e-15    3.22794e-16    1.36393e-16    1.52652e-16    -3.6131e-17    1.04023e-16    
387    0.085321    0.0137041    1.21882e-14    2.12861e-15    -2.83454e-15    -8.58051e-16    3.07913e-17    -5.18283e-17    4.10913e-17    -2.13543e-17    
388    -0.0545287    0.0670381    3.53623e-15    -1.205e-15    6.5746e-16    5.30835e-16    -6.34021e-17    -8.89808e-17    4.90601e-17    2.42324e-16    
389    -0.0307924    -0.0807423    -1.56784e-14    -7.94996e-16    2.06085e-15    3.02995e-16    -1.50379e-16    9.72123e-17    1.02132e-16    -1.22856e-16    
390    0.085321    0.0137041    1.20459e-14    2.27771e-15    -2.71311e-15    -7.8247e-16    -2.19741e-16    2.11623e-17    -4.98733e-18    9.32659e-17    
391    0.0977868    -0.0023376    1.1189e-14    2.5847e-15    -2.9074e-15    -8.73489e-16    -2.93812e-16    -4.04136e-17    -9.47593e-17    -3.44188e-17    
392    -0.046869    0.0858547    7.12277e-15    -9.59846e-16    1.80411e-16    3.66573e-16    -2.69316e-16    1.38195e-16    3.88144e-17    7.58938e-17    
393    -0.0509178    -0.0835171    -1.85789e-14    -1.44089e-15    2.4078e-15    4.19571e-16    3.42608e-17    -2.02204e-17    9.71445e-17    1.79285e-16    
394    0.0977868    -0.0023376    1.12028e-14    2.13167e-15    -2.79637e-15    -8.22926e-16    4.59702e-16    -1.21024e-16    -1.40296e-16    -1.00674e-17    
395    -0.046869    0.0858547    7.37518e-15    -1.09779e-15    1.64799e-16    3.44694e-16    1.48753e-16    -3.13877e-17    4.72712e-17    -1.03917e-17    
396    -0.0509178    -0.0835171    -1.83187e-14    -1.02852e-15    2.50494e-15    5.09669e-16    -2.62485e-16    -6.09999e-17    1.6404e-16    9.95824e-17    
397    -0.0210229    0.0570381    5.75148e-15    -4.21775e-16    -1.37802e-16    1.24434e-16    -1.63931e-16    1.01685e-16    -6.07153e-18    -2.08458e-17    
398    -0.038885    -0.0467254    -1.17198e-14    -1.12233e-15    1.5786e-15    2.9263e-16    1.60028e-16    -2.69641e-16    2.02963e-16    1.82699e-16    
399    0.0599079    -0.0103126    5.54591e-15    1.30928e-15    -1.60982e-15    -4.79493e-16    4.35632e-16    3.16638e-17    -6.48353e-17    2.34794e-17    
400    -0.0210229    0.0570381    6.26257e-15    -5.68182e-16    -1.95482e-16    1.36142e-16    2.53053e-16    1.85805e-17    -3.25261e-19    -5.24221e-17    
401    -0.038885    -0.0467254    -1.13833e-14    -7.97564e-16    1.7035e-15    4.2574e-16    -4.04191e-16    5.00901e-17    3.77302e-17    3.54864e-17    
402    0.0599079    -0.0103126    5.47305e-15    1.75432e-15    -1.63411e-15    -6.3021e-16    -5.22152e-16    2.84874e-17    6.21248e-17    -2.01646e-16    
403    2.25167e-15    9.97368e-16    -1.19696e-15    1.09231e-15    0.0667296    0.0222407    -3.27863e-16    1.34089e-14    0.063821    0.151736    
404    -1.15186e-15    -3.15247e-16    1.71824e-15    2.06274e-16    -0.0141038    -0.0689098    8.29198e-16    -1.29768e-15    -0.163318    -0.0205973    
405    -1.1692e-15    -7.01749e-16    -6.47052e-16    -1.20023e-15    -0.0526258    0.0466692    -5.9848e-16    -1.2093e-14    0.0994966    -0.131138    
406    2.36616e-15    1.01867e-15    -1.00614e-15    9.54985e-16    0.0667296    0.0222407    -3.73833e-16    1.33855e-14    0.063821    0.151736    
407    -1.23946e-15    -2.71806e-16    1.867e-15    1.20108e-16    -0.0141038    -0.0689098    1.11369e-15    -1.31281e-15    -0.163318    -0.0205973    
408    -1.21084e-15    -6.42769e-16    -7.42462e-16    -1.12984e-15    -0.0526258    0.0466692    -4.70977e-16    -1.19882e-14    0.0994966    -0.131138    
409    4.85376e-15    4.56841e-15    -0.0302036    -0.056523    5.70724e-16    -1.21097e-15    -0.160207    -2.31965e-16    -9.46292e-16    -2.27714e-16    
410    -7.54952e-15    -9.55041e-15    0.0640522    0.00210444    6.10623e-16    1.62796e-15    -0.160207    3.48029e-16    -1.37737e-15    -1.57677e-16    
411    2.81632e-15    5.04217e-15    -0.0338486    0.0544186    -1.44676e-15    -6.96098e-16    -0.160207    -5.68122e-17    -1.18655e-15    4.15299e-16    
412    5.0732e-15    4.53402e-15    -0.0302036    -0.056523    6.2797e-16    -1.35552e-15    -0.160207    -2.51589e-16    -1.079e-15    8.57532e-17    
413    -7.36564e-15    -9.6172e-15    0.0640522    0.00210444    7.89299e-16    1.60315e-15    -0.160207    2.53161e-16    -1.32012e-15    -3.99161e-16    
414    2.70704e-15    5.01089e-15    -0.0338486    0.0544186    -1.21431e-15    -6.32662e-16    -0.160207    2.21177e-17    -1.16573e-15    2.05791e-16    
415    0.0807204    -0.0308496    4.97172e-15    2.04862e-15    -1.82146e-15    -7.58347e-16    -6.3724e-17    -9.10255e-17    -8.61941e-17    -4.0674e-17    
416    -0.0136437    0.0853307    1.08576e-14    -1.29295e-16    -1.05992e-15    1.69896e-16    -9.84456e-17    7.87537e-17    -5.42101e-18    4.5602e-17    
417    -0.0670767    -0.0544811    -1.59039e-14    -1.61544e-15    2.52576e-15    4.03505e-16    5.55112e-17    2.94903e-17    1.38778e-16    1.53133e-16    
418    0.0807204    -0.0308496    5.10703e-15    1.86686e-15    -2.05391e-15    -6.79865e-16    9.71445e-17    -8.10983e-17    -3.1225e-17    4.45058e-17    
419    -0.0136437    0.0853307    1.13243e-14    -2.35496e-16    -1.11022e-15    1.71773e-16    -9.71445e-17    1.25767e-16    -4.16334e-17    2.94233e-16    
420    -0.0670767    -0.0544811    -1.61192e-14    -1.56019e-15    2.45793e-15    5.3292e-16    -6.52293e-17    -1.65769e-18    2.3514e-16    -1.38198e-17    
421    -0.0791851    -0.0457176    -1.60276e-14    -1.7816e-15    2.68035e-15    9.82802e-16    -1.55471e-16    -4.45938e-18    6.32102e-17    1.54898e-16    
422    0.0791851    -0.0457176    2.44445e-15    2.08057e-15    -1.57712e-15    -7.6636e-16    -1.97828e-16    -2.71878e-17    -3.71882e-17    1.23505e-16    
423    4.8993e-16    0.0914351    1.3233e-14    4.11279e-17    -1.16442e-15    1.4917e-16    -2.80614e-16    -2.34264e-17    -4.17533e-17    -9.43271e-17    
424    -0.0791851    -0.0457176    -1.62011e-14    -2.23823e-15    3.09077e-15    7.89596e-16    2.13171e-16    2.04141e-17    7.973e-17    4.8662e-17    
425    0.0791851    -0.0457176    2.78037e-15    1.83952e-15    -1.8716e-15    -5.76943e-16    4.3242e-16    -1.02363e-16    -3.94563e-17    2.207e-16    
426    5.9561e-16    0.0914351    1.39249e-14    1.34346e-21    -1.13723e-15    -1.57841e-26    7.194e-17    -6.30321e-17    -8.40516e-17    -3.81844e-29    
#Execution time: 16.6112 s
